1.0	0.0009765625	0.0009765625	0.0009765625	0.0009765625	0.0009765625
2.0	0.001677734375	0.001599609375	0.00159375	0.00155078125	0.0015019531249999998
3.0	0.0027109375	0.00247265625	0.0023984375	0.00239453125	0.002314453125
4.0	0.004162109375	0.003794921875	0.003654296875	0.003654296875	0.003513671875
5.0	0.006421875	0.005734375	0.005537109375	0.005560546875	0.0052499999999999995
6.0	0.009716796875	0.008654296875	0.008232421875000001	0.008287109375	0.007841796875
7.0	0.01433203125	0.01286328125	0.012265624999999999	0.012220703125	0.01137890625
8.0	0.02075390625	0.018701171875	0.018296875	0.0176484375	0.016421875
9.0	0.0301796875	0.027171875	0.02659375	0.025466796875	0.023652343750000002
10.0	0.043166015625	0.03937500000000001	0.038470703125	0.03659375	0.033662109375
11.0	0.06105859375000001	0.056261718749999995	0.054607421875	0.052152343749999996	0.04736328125
12.0	0.084984375	0.07851757812499999	0.07680859375	0.0732890625	0.065005859375
13.0	0.115373046875	0.1080546875	0.105162109375	0.10035742187499999	0.08659375
14.0	0.15239062499999997	0.14441406250000002	0.140255859375	0.13352929687499998	0.1124453125
15.0	0.19452539062500002	0.1865234375	0.180484375	0.170431640625	0.1403828125
16.0	0.23926171875000002	0.232203125	0.22326367187499999	0.20945898437500002	0.168962890625
17.0	0.28198828125	0.2756015625	0.26368945312500003	0.2451171875	0.19445507812499999
18.0	0.318111328125	0.312923828125	0.297134765625	0.273583984375	0.21433203125
19.0	0.34523046874999996	0.339630859375	0.320103515625	0.292466796875	0.22652734375
20.0	0.359943359375	0.3554453125	0.33090234375000005	0.301138671875	0.232640625
21.0	0.3616484375	0.35778124999999994	0.33172265625	0.300171875	0.23267968749999998
22.0	0.35277539062499996	0.35045703125	0.3218203125	0.2922109375	0.22848046875000003
23.0	0.33548046875	0.334595703125	0.305763671875	0.2796171875	0.22139648437500004
24.0	0.312345703125	0.313240234375	0.28530859375	0.2628671875	0.210857421875
25.0	0.286064453125	0.287955078125	0.26193164062499996	0.245048828125	0.199333984375
26.0	0.25855859374999995	0.261208984375	0.238271484375	0.2271328125	0.18666796875000002
27.0	0.23077539062500002	0.23538476562500002	0.214935546875	0.208439453125	0.17372265625
28.0	0.204787109375	0.20968945312499998	0.192244140625	0.19059765624999997	0.16122265624999998
29.0	0.18036914062499998	0.185091796875	0.170701171875	0.17266015625	0.14804296875
30.0	0.15779101562500003	0.16283984375	0.15108203125	0.15517968750000002	0.134962890625
31.0	0.13758203125	0.14275	0.132669921875	0.13905078125	0.12246484375000001
32.0	0.11990039062499999	0.12443554687499998	0.116265625	0.12388085937500001	0.110578125
33.0	0.10386718750000001	0.108259765625	0.101259765625	0.109822265625	0.0996796875
34.0	0.08990234375	0.09389453125	0.08796289062499998	0.0968046875	0.089361328125
35.0	0.07755078125	0.08136523437500001	0.076076171875	0.085099609375	0.079810546875
36.0	0.06701953125	0.070091796875	0.065869140625	0.074666015625	0.0708984375
37.0	0.057509765624999994	0.06033984375	0.05683984375	0.065005859375	0.062693359375
38.0	0.049328125	0.051718749999999994	0.049017578125	0.056683593750000004	0.055306640625
39.0	0.042437499999999996	0.044259765625	0.042220703125	0.049437499999999995	0.0488828125
40.0	0.03626953125	0.037974609375	0.0361484375	0.042662109375	0.042830078125000004
41.0	0.031144531250000003	0.032548828125	0.031326171875	0.037115234375	0.037509765625
42.0	0.026861328125	0.027789062499999996	0.0268125	0.032091796875	0.03274609375
43.0	0.022921874999999998	0.02380859375	0.022994140625	0.027767578124999998	0.028609375
44.0	0.019486328125	0.020330078125	0.01956640625	0.023978515625	0.024890625000000003
45.0	0.016625	0.017398437500000002	0.016771484375	0.020638671875	0.021513671874999998
46.0	0.014201171875	0.014751953125	0.01440234375	0.017804687500000003	0.0186875
47.0	0.0121875	0.01248828125	0.012294921875	0.015281250000000003	0.016126953125000003
48.0	0.0104765625	0.010701171874999998	0.010406249999999999	0.013140625	0.01394140625
49.0	0.008994140624999999	0.009128906249999999	0.008869140625	0.011263671874999999	0.0119453125
50.0	0.007654296874999999	0.007767578125	0.00755859375	0.009546875	0.01028515625
51.0	0.00657421875	0.006626953125	0.006423828125000001	0.00812109375	0.00874609375
52.0	0.005685546875	0.005650390625000001	0.0054453125	0.006939453125	0.0075253906249999995
53.0	0.00484765625	0.00474609375	0.00456640625	0.00600390625	0.006466796875000001
54.0	0.004087890625	0.003990234375	0.003896484375	0.005125	0.0056035156249999996
55.0	0.0034765624999999996	0.0033808593749999998	0.0033593750000000004	0.00434765625	0.00483203125
56.0	0.0029765625	0.0029218749999999996	0.0028769531250000006	0.0036816406250000005	0.00419921875
57.0	0.00259375	0.002509765625	0.002423828125	0.0031875	0.0035742187499999997
58.0	0.0022109375000000002	0.0021542968750000004	0.00208203125	0.0027109375000000007	0.003056640625
59.0	0.0018691406250000001	0.0018515625	0.0017539062499999998	0.0022695312500000003	0.0025878906250000003
60.0	0.0015683593749999999	0.00156640625	0.001498046875	0.0019316406250000002	0.002236328125
61.0	0.00132421875	0.001365234375	0.001271484375	0.00166796875	0.00187890625
62.0	0.001126953125	0.001158203125	0.0010546875	0.001375	0.001595703125
63.0	0.000939453125	0.0010058593749999998	0.0009101562499999999	0.001169921875	0.0013671875
64.0	0.0007910156249999998	0.0008710937500000001	0.0007597656249999999	0.00094921875	0.00116796875
65.0	0.0006835937500000001	0.00075390625	0.00065625	0.0008085937500000001	0.000982421875
66.0	0.000587890625	0.000658203125	0.0005234375	0.0006796875	0.0008378906249999999
67.0	0.00050390625	0.000568359375	0.00044531249999999996	0.000572265625	0.0007167968750000001
68.0	0.00042773437499999995	0.000501953125	0.00038476562499999996	0.0004824218750000001	0.000626953125
69.0	0.00036132812500000005	0.000439453125	0.00035351562500000004	0.00040820312500000004	0.000533203125
70.0	0.000291015625	0.000376953125	0.000302734375	0.000353515625	0.00046484375
71.0	0.000255859375	0.00033398437499999997	0.000251953125	0.000291015625	0.000392578125
72.0	0.00019921875	0.0002890625	0.00022265625	0.000251953125	0.00031640625
73.0	0.00016796875000000001	0.00022851562500000004	0.00019335937500000004	0.00019921875000000001	0.00026171875
74.0	0.00013671875	0.00019921875000000001	0.000166015625	0.0001796875	0.00022265624999999998
75.0	0.00012890625	0.000166015625	0.000138671875	0.0001484375	0.000193359375
76.0	9.375e-5	0.000146484375	0.000115234375	0.00013671875	0.00016796875
77.0	8.203125e-5	0.000119140625	0.00010156250000000001	0.000126953125	0.00014257812500000002
78.0	8.0078125e-5	0.00010546875000000001	8.0078125e-5	0.00011132812500000002	0.000119140625
79.0	7.03125e-5	9.375e-5	6.0546874999999986e-5	9.5703125e-5	0.00010546875
80.0	6.640625e-5	7.421875e-5	5.0781250000000004e-5	8.398437500000001e-5	8.984375e-5
81.0	5.8593750000000005e-5	5.859375e-5	4.4921875e-5	6.25e-5	7.031250000000001e-5
82.0	5.46875e-5	5.2734375000000006e-5	4.1015625e-5	4.6875e-5	5.6640625e-5
83.0	5.078125e-5	4.6875e-5	3.5156250000000004e-5	3.5156250000000004e-5	4.296875e-5
84.0	4.4921875e-5	4.1015625e-5	2.9296875e-5	2.9296875e-5	3.906250000000001e-5
85.0	3.906250000000001e-5	3.7109375e-5	2.5390625000000002e-5	2.5390625000000002e-5	3.125e-5
86.0	3.5156250000000004e-5	2.734375e-5	2.5390625000000002e-5	2.1484375e-5	2.5390625000000002e-5
87.0	3.125e-5	2.5390625000000002e-5	2.34375e-5	1.7578125000000002e-5	2.34375e-5
88.0	2.734375e-5	2.34375e-5	1.953125e-5	1.3671875e-5	2.1484375000000002e-5
89.0	2.34375e-5	1.953125e-5	1.5625e-5	1.3671875e-5	1.7578125000000002e-5
90.0	1.5625e-5	1.5625e-5	1.171875e-5	1.3671875e-5	7.8125e-6
91.0	9.765625e-6	1.3671875e-5	1.171875e-5	1.3671875e-5	5.859375e-6
92.0	7.8125e-6	1.3671875e-5	1.171875e-5	1.3671875e-5	5.859375e-6
93.0	7.8125e-6	9.765625e-6	1.171875e-5	1.171875e-5	5.859375e-6
94.0	5.859375e-6	5.859375e-6	7.8125e-6	1.171875e-5	5.859375e-6
95.0	1.953125e-6	5.859375e-6	5.859375e-6	9.765625e-6	3.90625e-6
96.0	1.953125e-6	3.90625e-6	5.859375e-6	9.765625e-6	3.90625e-6
97.0	1.953125e-6	1.953125e-6	5.859375e-6	9.765625e-6	3.90625e-6
98.0	0.0	1.953125e-6	5.859375e-6	7.8125e-6	3.90625e-6
99.0	0.0	1.953125e-6	5.859375e-6	5.859375e-6	3.90625e-6
100.0	0.0	1.953125e-6	3.90625e-6	5.859375e-6	3.90625e-6
101.0	0.0	1.953125e-6	1.953125e-6	5.859375e-6	3.90625e-6
102.0	0.0	0.0	1.953125e-6	5.859375e-6	3.90625e-6
103.0	0.0	0.0	1.953125e-6	3.90625e-6	3.90625e-6
104.0	0.0	0.0	1.953125e-6	3.90625e-6	1.953125e-6
105.0	0.0	0.0	1.953125e-6	1.953125e-6	1.953125e-6
106.0	0.0	0.0	1.953125e-6	1.953125e-6	1.953125e-6
107.0	0.0	0.0	1.953125e-6	1.953125e-6	1.953125e-6
108.0	0.0	0.0	1.953125e-6	1.953125e-6	1.953125e-6
109.0	0.0	0.0	1.953125e-6	1.953125e-6	1.953125e-6
110.0	0.0	0.0	1.953125e-6	1.953125e-6	0.0
111.0	0.0	0.0	1.953125e-6	1.953125e-6	0.0
112.0	0.0	0.0	1.953125e-6	1.953125e-6	0.0
113.0	0.0	0.0	0.0	1.953125e-6	0.0
114.0	0.0	0.0	0.0	1.953125e-6	0.0
115.0	0.0	0.0	0.0	0.0	0.0
116.0	0.0	0.0	0.0	0.0	0.0
117.0	0.0	0.0	0.0	0.0	0.0
118.0	0.0	0.0	0.0	0.0	0.0
119.0	0.0	0.0	0.0	0.0	0.0
120.0	0.0	0.0	0.0	0.0	0.0
121.0	0.0	0.0	0.0	0.0	0.0
122.0	0.0	0.0	0.0	0.0	0.0
123.0	0.0	0.0	0.0	0.0	0.0
124.0	0.0	0.0	0.0	0.0	0.0
125.0	0.0	0.0	0.0	0.0	0.0
126.0	0.0	0.0	0.0	0.0	0.0
127.0	0.0	0.0	0.0	0.0	0.0
128.0	0.0	0.0	0.0	0.0	0.0
129.0	0.0	0.0	0.0	0.0	0.0
130.0	0.0	0.0	0.0	0.0	0.0
131.0	0.0	0.0	0.0	0.0	0.0
132.0	0.0	0.0	0.0	0.0	0.0
133.0	0.0	0.0	0.0	0.0	0.0
134.0	0.0	0.0	0.0	0.0	0.0
135.0	0.0	0.0	0.0	0.0	0.0
136.0	0.0	0.0	0.0	0.0	0.0
137.0	0.0	0.0	0.0	0.0	0.0
138.0	0.0	0.0	0.0	0.0	0.0
139.0	0.0	0.0	0.0	0.0	0.0
140.0	0.0	0.0	0.0	0.0	0.0
141.0	0.0	0.0	0.0	0.0	0.0
142.0	0.0	0.0	0.0	0.0	0.0
143.0	0.0	0.0	0.0	0.0	0.0
144.0	0.0	0.0	0.0	0.0	0.0
145.0	0.0	0.0	0.0	0.0	0.0
146.0	0.0	0.0	0.0	0.0	0.0
147.0	0.0	0.0	0.0	0.0	0.0
148.0	0.0	0.0	0.0	0.0	0.0
149.0	0.0	0.0	0.0	0.0	0.0
150.0	0.0	0.0	0.0	0.0	0.0
151.0	0.0	0.0	0.0	0.0	0.0
152.0	0.0	0.0	0.0	0.0	0.0
153.0	0.0	0.0	0.0	0.0	0.0
154.0	0.0	0.0	0.0	0.0	0.0
155.0	0.0	0.0	0.0	0.0	0.0
156.0	0.0	0.0	0.0	0.0	0.0
157.0	0.0	0.0	0.0	0.0	0.0
158.0	0.0	0.0	0.0	0.0	0.0
159.0	0.0	0.0	0.0	0.0	0.0
160.0	0.0	0.0	0.0	0.0	0.0
161.0	0.0	0.0	0.0	0.0	0.0
162.0	0.0	0.0	0.0	0.0	0.0
163.0	0.0	0.0	0.0	0.0	0.0
164.0	0.0	0.0	0.0	0.0	0.0
165.0	0.0	0.0	0.0	0.0	0.0
166.0	0.0	0.0	0.0	0.0	0.0
167.0	0.0	0.0	0.0	0.0	0.0
168.0	0.0	0.0	0.0	0.0	0.0
169.0	0.0	0.0	0.0	0.0	0.0
170.0	0.0	0.0	0.0	0.0	0.0
171.0	0.0	0.0	0.0	0.0	0.0
172.0	0.0	0.0	0.0	0.0	0.0
173.0	0.0	0.0	0.0	0.0	0.0
174.0	0.0	0.0	0.0	0.0	0.0
175.0	0.0	0.0	0.0	0.0	0.0
176.0	0.0	0.0	0.0	0.0	0.0
177.0	0.0	0.0	0.0	0.0	0.0
178.0	0.0	0.0	0.0	0.0	0.0
179.0	0.0	0.0	0.0	0.0	0.0
180.0	0.0	0.0	0.0	0.0	0.0
181.0	0.0	0.0	0.0	0.0	0.0
182.0	0.0	0.0	0.0	0.0	0.0
183.0	0.0	0.0	0.0	0.0	0.0
184.0	0.0	0.0	0.0	0.0	0.0
185.0	0.0	0.0	0.0	0.0	0.0
186.0	0.0	0.0	0.0	0.0	0.0
187.0	0.0	0.0	0.0	0.0	0.0
188.0	0.0	0.0	0.0	0.0	0.0
189.0	0.0	0.0	0.0	0.0	0.0
190.0	0.0	0.0	0.0	0.0	0.0
191.0	0.0	0.0	0.0	0.0	0.0
192.0	0.0	0.0	0.0	0.0	0.0
193.0	0.0	0.0	0.0	0.0	0.0
194.0	0.0	0.0	0.0	0.0	0.0
195.0	0.0	0.0	0.0	0.0	0.0
196.0	0.0	0.0	0.0	0.0	0.0
197.0	0.0	0.0	0.0	0.0	0.0
198.0	0.0	0.0	0.0	0.0	0.0
199.0	0.0	0.0	0.0	0.0	0.0
200.0	0.0	0.0	0.0	0.0	0.0
201.0	0.0	0.0	0.0	0.0	0.0
202.0	0.0	0.0	0.0	0.0	0.0
203.0	0.0	0.0	0.0	0.0	0.0
204.0	0.0	0.0	0.0	0.0	0.0
205.0	0.0	0.0	0.0	0.0	0.0
206.0	0.0	0.0	0.0	0.0	0.0
207.0	0.0	0.0	0.0	0.0	0.0
208.0	0.0	0.0	0.0	0.0	0.0
209.0	0.0	0.0	0.0	0.0	0.0
210.0	0.0	0.0	0.0	0.0	0.0
211.0	0.0	0.0	0.0	0.0	0.0
212.0	0.0	0.0	0.0	0.0	0.0
213.0	0.0	0.0	0.0	0.0	0.0
214.0	0.0	0.0	0.0	0.0	0.0
215.0	0.0	0.0	0.0	0.0	0.0
216.0	0.0	0.0	0.0	0.0	0.0
217.0	0.0	0.0	0.0	0.0	0.0
218.0	0.0	0.0	0.0	0.0	0.0
219.0	0.0	0.0	0.0	0.0	0.0
220.0	0.0	0.0	0.0	0.0	0.0
221.0	0.0	0.0	0.0	0.0	0.0
222.0	0.0	0.0	0.0	0.0	0.0
223.0	0.0	0.0	0.0	0.0	0.0
224.0	0.0	0.0	0.0	0.0	0.0
225.0	0.0	0.0	0.0	0.0	0.0
226.0	0.0	0.0	0.0	0.0	0.0
227.0	0.0	0.0	0.0	0.0	0.0
228.0	0.0	0.0	0.0	0.0	0.0
229.0	0.0	0.0	0.0	0.0	0.0
230.0	0.0	0.0	0.0	0.0	0.0
231.0	0.0	0.0	0.0	0.0	0.0
232.0	0.0	0.0	0.0	0.0	0.0
233.0	0.0	0.0	0.0	0.0	0.0
234.0	0.0	0.0	0.0	0.0	0.0
235.0	0.0	0.0	0.0	0.0	0.0
236.0	0.0	0.0	0.0	0.0	0.0
237.0	0.0	0.0	0.0	0.0	0.0
238.0	0.0	0.0	0.0	0.0	0.0
239.0	0.0	0.0	0.0	0.0	0.0
240.0	0.0	0.0	0.0	0.0	0.0
241.0	0.0	0.0	0.0	0.0	0.0
242.0	0.0	0.0	0.0	0.0	0.0
243.0	0.0	0.0	0.0	0.0	0.0
244.0	0.0	0.0	0.0	0.0	0.0
245.0	0.0	0.0	0.0	0.0	0.0
246.0	0.0	0.0	0.0	0.0	0.0
247.0	0.0	0.0	0.0	0.0	0.0
248.0	0.0	0.0	0.0	0.0	0.0
249.0	0.0	0.0	0.0	0.0	0.0
250.0	0.0	0.0	0.0	0.0	0.0
251.0	0.0	0.0	0.0	0.0	0.0
252.0	0.0	0.0	0.0	0.0	0.0
253.0	0.0	0.0	0.0	0.0	0.0
254.0	0.0	0.0	0.0	0.0	0.0
255.0	0.0	0.0	0.0	0.0	0.0
256.0	0.0	0.0	0.0	0.0	0.0
257.0	0.0	0.0	0.0	0.0	0.0
258.0	0.0	0.0	0.0	0.0	0.0
259.0	0.0	0.0	0.0	0.0	0.0
260.0	0.0	0.0	0.0	0.0	0.0
261.0	0.0	0.0	0.0	0.0	0.0
262.0	0.0	0.0	0.0	0.0	0.0
263.0	0.0	0.0	0.0	0.0	0.0
264.0	0.0	0.0	0.0	0.0	0.0
265.0	0.0	0.0	0.0	0.0	0.0
266.0	0.0	0.0	0.0	0.0	0.0
267.0	0.0	0.0	0.0	0.0	0.0
268.0	0.0	0.0	0.0	0.0	0.0
269.0	0.0	0.0	0.0	0.0	0.0
270.0	0.0	0.0	0.0	0.0	0.0
271.0	0.0	0.0	0.0	0.0	0.0
272.0	0.0	0.0	0.0	0.0	0.0
273.0	0.0	0.0	0.0	0.0	0.0
274.0	0.0	0.0	0.0	0.0	0.0
275.0	0.0	0.0	0.0	0.0	0.0
276.0	0.0	0.0	0.0	0.0	0.0
277.0	0.0	0.0	0.0	0.0	0.0
278.0	0.0	0.0	0.0	0.0	0.0
279.0	0.0	0.0	0.0	0.0	0.0
280.0	0.0	0.0	0.0	0.0	0.0
281.0	0.0	0.0	0.0	0.0	0.0
282.0	0.0	0.0	0.0	0.0	0.0
283.0	0.0	0.0	0.0	0.0	0.0
284.0	0.0	0.0	0.0	0.0	0.0
285.0	0.0	0.0	0.0	0.0	0.0
286.0	0.0	0.0	0.0	0.0	0.0
287.0	0.0	0.0	0.0	0.0	0.0
288.0	0.0	0.0	0.0	0.0	0.0
289.0	0.0	0.0	0.0	0.0	0.0
290.0	0.0	0.0	0.0	0.0	0.0
291.0	0.0	0.0	0.0	0.0	0.0
292.0	0.0	0.0	0.0	0.0	0.0
293.0	0.0	0.0	0.0	0.0	0.0
294.0	0.0	0.0	0.0	0.0	0.0
295.0	0.0	0.0	0.0	0.0	0.0
296.0	0.0	0.0	0.0	0.0	0.0
297.0	0.0	0.0	0.0	0.0	0.0
298.0	0.0	0.0	0.0	0.0	0.0
299.0	0.0	0.0	0.0	0.0	0.0
300.0	0.0	0.0	0.0	0.0	0.0
301.0	0.0	0.0	0.0	0.0	0.0
302.0	0.0	0.0	0.0	0.0	0.0
303.0	0.0	0.0	0.0	0.0	0.0
304.0	0.0	0.0	0.0	0.0	0.0
305.0	0.0	0.0	0.0	0.0	0.0
306.0	0.0	0.0	0.0	0.0	0.0
307.0	0.0	0.0	0.0	0.0	0.0
308.0	0.0	0.0	0.0	0.0	0.0
309.0	0.0	0.0	0.0	0.0	0.0
310.0	0.0	0.0	0.0	0.0	0.0
311.0	0.0	0.0	0.0	0.0	0.0
312.0	0.0	0.0	0.0	0.0	0.0
313.0	0.0	0.0	0.0	0.0	0.0
314.0	0.0	0.0	0.0	0.0	0.0
315.0	0.0	0.0	0.0	0.0	0.0
316.0	0.0	0.0	0.0	0.0	0.0
317.0	0.0	0.0	0.0	0.0	0.0
318.0	0.0	0.0	0.0	0.0	0.0
319.0	0.0	0.0	0.0	0.0	0.0
320.0	0.0	0.0	0.0	0.0	0.0
321.0	0.0	0.0	0.0	0.0	0.0
322.0	0.0	0.0	0.0	0.0	0.0
323.0	0.0	0.0	0.0	0.0	0.0
324.0	0.0	0.0	0.0	0.0	0.0
325.0	0.0	0.0	0.0	0.0	0.0
326.0	0.0	0.0	0.0	0.0	0.0
327.0	0.0	0.0	0.0	0.0	0.0
328.0	0.0	0.0	0.0	0.0	0.0
329.0	0.0	0.0	0.0	0.0	0.0
330.0	0.0	0.0	0.0	0.0	0.0
331.0	0.0	0.0	0.0	0.0	0.0
332.0	0.0	0.0	0.0	0.0	0.0
333.0	0.0	0.0	0.0	0.0	0.0
334.0	0.0	0.0	0.0	0.0	0.0
335.0	0.0	0.0	0.0	0.0	0.0
336.0	0.0	0.0	0.0	0.0	0.0
337.0	0.0	0.0	0.0	0.0	0.0
338.0	0.0	0.0	0.0	0.0	0.0
339.0	0.0	0.0	0.0	0.0	0.0
340.0	0.0	0.0	0.0	0.0	0.0
341.0	0.0	0.0	0.0	0.0	0.0
342.0	0.0	0.0	0.0	0.0	0.0
343.0	0.0	0.0	0.0	0.0	0.0
344.0	0.0	0.0	0.0	0.0	0.0
345.0	0.0	0.0	0.0	0.0	0.0
346.0	0.0	0.0	0.0	0.0	0.0
347.0	0.0	0.0	0.0	0.0	0.0
348.0	0.0	0.0	0.0	0.0	0.0
349.0	0.0	0.0	0.0	0.0	0.0
350.0	0.0	0.0	0.0	0.0	0.0
351.0	0.0	0.0	0.0	0.0	0.0
352.0	0.0	0.0	0.0	0.0	0.0
353.0	0.0	0.0	0.0	0.0	0.0
354.0	0.0	0.0	0.0	0.0	0.0
355.0	0.0	0.0	0.0	0.0	0.0
356.0	0.0	0.0	0.0	0.0	0.0
357.0	0.0	0.0	0.0	0.0	0.0
358.0	0.0	0.0	0.0	0.0	0.0
359.0	0.0	0.0	0.0	0.0	0.0
360.0	0.0	0.0	0.0	0.0	0.0
361.0	0.0	0.0	0.0	0.0	0.0
362.0	0.0	0.0	0.0	0.0	0.0
363.0	0.0	0.0	0.0	0.0	0.0
364.0	0.0	0.0	0.0	0.0	0.0
365.0	0.0	0.0	0.0	0.0	0.0
366.0	0.0	0.0	0.0	0.0	0.0
367.0	0.0	0.0	0.0	0.0	0.0
368.0	0.0	0.0	0.0	0.0	0.0
369.0	0.0	0.0	0.0	0.0	0.0
370.0	0.0	0.0	0.0	0.0	0.0
371.0	0.0	0.0	0.0	0.0	0.0
372.0	0.0	0.0	0.0	0.0	0.0
373.0	0.0	0.0	0.0	0.0	0.0
374.0	0.0	0.0	0.0	0.0	0.0
375.0	0.0	0.0	0.0	0.0	0.0
376.0	0.0	0.0	0.0	0.0	0.0
377.0	0.0	0.0	0.0	0.0	0.0
378.0	0.0	0.0	0.0	0.0	0.0
379.0	0.0	0.0	0.0	0.0	0.0
380.0	0.0	0.0	0.0	0.0	0.0
381.0	0.0	0.0	0.0	0.0	0.0
382.0	0.0	0.0	0.0	0.0	0.0
383.0	0.0	0.0	0.0	0.0	0.0
384.0	0.0	0.0	0.0	0.0	0.0
385.0	0.0	0.0	0.0	0.0	0.0
386.0	0.0	0.0	0.0	0.0	0.0
387.0	0.0	0.0	0.0	0.0	0.0
388.0	0.0	0.0	0.0	0.0	0.0
389.0	0.0	0.0	0.0	0.0	0.0
390.0	0.0	0.0	0.0	0.0	0.0
391.0	0.0	0.0	0.0	0.0	0.0
392.0	0.0	0.0	0.0	0.0	0.0
393.0	0.0	0.0	0.0	0.0	0.0
394.0	0.0	0.0	0.0	0.0	0.0
395.0	0.0	0.0	0.0	0.0	0.0
396.0	0.0	0.0	0.0	0.0	0.0
397.0	0.0	0.0	0.0	0.0	0.0
398.0	0.0	0.0	0.0	0.0	0.0
399.0	0.0	0.0	0.0	0.0	0.0
400.0	0.0	0.0	0.0	0.0	0.0
401.0	0.0	0.0	0.0	0.0	0.0
402.0	0.0	0.0	0.0	0.0	0.0
403.0	0.0	0.0	0.0	0.0	0.0
404.0	0.0	0.0	0.0	0.0	0.0
405.0	0.0	0.0	0.0	0.0	0.0
406.0	0.0	0.0	0.0	0.0	0.0
407.0	0.0	0.0	0.0	0.0	0.0
408.0	0.0	0.0	0.0	0.0	0.0
409.0	0.0	0.0	0.0	0.0	0.0
410.0	0.0	0.0	0.0	0.0	0.0
411.0	0.0	0.0	0.0	0.0	0.0
412.0	0.0	0.0	0.0	0.0	0.0
413.0	0.0	0.0	0.0	0.0	0.0
414.0	0.0	0.0	0.0	0.0	0.0
415.0	0.0	0.0	0.0	0.0	0.0
416.0	0.0	0.0	0.0	0.0	0.0
417.0	0.0	0.0	0.0	0.0	0.0
418.0	0.0	0.0	0.0	0.0	0.0
419.0	0.0	0.0	0.0	0.0	0.0
420.0	0.0	0.0	0.0	0.0	0.0
421.0	0.0	0.0	0.0	0.0	0.0
422.0	0.0	0.0	0.0	0.0	0.0
423.0	0.0	0.0	0.0	0.0	0.0
424.0	0.0	0.0	0.0	0.0	0.0
425.0	0.0	0.0	0.0	0.0	0.0
426.0	0.0	0.0	0.0	0.0	0.0
427.0	0.0	0.0	0.0	0.0	0.0
428.0	0.0	0.0	0.0	0.0	0.0
429.0	0.0	0.0	0.0	0.0	0.0
430.0	0.0	0.0	0.0	0.0	0.0
431.0	0.0	0.0	0.0	0.0	0.0
432.0	0.0	0.0	0.0	0.0	0.0
433.0	0.0	0.0	0.0	0.0	0.0
434.0	0.0	0.0	0.0	0.0	0.0
435.0	0.0	0.0	0.0	0.0	0.0
436.0	0.0	0.0	0.0	0.0	0.0
437.0	0.0	0.0	0.0	0.0	0.0
438.0	0.0	0.0	0.0	0.0	0.0
439.0	0.0	0.0	0.0	0.0	0.0
440.0	0.0	0.0	0.0	0.0	0.0
441.0	0.0	0.0	0.0	0.0	0.0
442.0	0.0	0.0	0.0	0.0	0.0
443.0	0.0	0.0	0.0	0.0	0.0
444.0	0.0	0.0	0.0	0.0	0.0
445.0	0.0	0.0	0.0	0.0	0.0
446.0	0.0	0.0	0.0	0.0	0.0
447.0	0.0	0.0	0.0	0.0	0.0
448.0	0.0	0.0	0.0	0.0	0.0
449.0	0.0	0.0	0.0	0.0	0.0
450.0	0.0	0.0	0.0	0.0	0.0
451.0	0.0	0.0	0.0	0.0	0.0
452.0	0.0	0.0	0.0	0.0	0.0
453.0	0.0	0.0	0.0	0.0	0.0
454.0	0.0	0.0	0.0	0.0	0.0
455.0	0.0	0.0	0.0	0.0	0.0
456.0	0.0	0.0	0.0	0.0	0.0
457.0	0.0	0.0	0.0	0.0	0.0
458.0	0.0	0.0	0.0	0.0	0.0
459.0	0.0	0.0	0.0	0.0	0.0
460.0	0.0	0.0	0.0	0.0	0.0
461.0	0.0	0.0	0.0	0.0	0.0
462.0	0.0	0.0	0.0	0.0	0.0
463.0	0.0	0.0	0.0	0.0	0.0
464.0	0.0	0.0	0.0	0.0	0.0
465.0	0.0	0.0	0.0	0.0	0.0
466.0	0.0	0.0	0.0	0.0	0.0
467.0	0.0	0.0	0.0	0.0	0.0
468.0	0.0	0.0	0.0	0.0	0.0
469.0	0.0	0.0	0.0	0.0	0.0
470.0	0.0	0.0	0.0	0.0	0.0
471.0	0.0	0.0	0.0	0.0	0.0
472.0	0.0	0.0	0.0	0.0	0.0
473.0	0.0	0.0	0.0	0.0	0.0
474.0	0.0	0.0	0.0	0.0	0.0
475.0	0.0	0.0	0.0	0.0	0.0
476.0	0.0	0.0	0.0	0.0	0.0
477.0	0.0	0.0	0.0	0.0	0.0
478.0	0.0	0.0	0.0	0.0	0.0
479.0	0.0	0.0	0.0	0.0	0.0
480.0	0.0	0.0	0.0	0.0	0.0
481.0	0.0	0.0	0.0	0.0	0.0
482.0	0.0	0.0	0.0	0.0	0.0
483.0	0.0	0.0	0.0	0.0	0.0
484.0	0.0	0.0	0.0	0.0	0.0
485.0	0.0	0.0	0.0	0.0	0.0
486.0	0.0	0.0	0.0	0.0	0.0
487.0	0.0	0.0	0.0	0.0	0.0
488.0	0.0	0.0	0.0	0.0	0.0
489.0	0.0	0.0	0.0	0.0	0.0
490.0	0.0	0.0	0.0	0.0	0.0
491.0	0.0	0.0	0.0	0.0	0.0
492.0	0.0	0.0	0.0	0.0	0.0
493.0	0.0	0.0	0.0	0.0	0.0
494.0	0.0	0.0	0.0	0.0	0.0
495.0	0.0	0.0	0.0	0.0	0.0
496.0	0.0	0.0	0.0	0.0	0.0
497.0	0.0	0.0	0.0	0.0	0.0
498.0	0.0	0.0	0.0	0.0	0.0
499.0	0.0	0.0	0.0	0.0	0.0
500.0	0.0	0.0	0.0	0.0	0.0
