0.0	0.0	1.953125e-5	0.000458984375	0.00048828125	0.72029296875	1.0	1.0	1.0	1.0	1.0	1.0	1.0	1.0	1.0	1.0	1.0	1.0	1.0	1.0	1.0	1.0	1.0	1.0	1.0	1.0	1.0	1.0	1.0	1.0	1.0	1.0	1.0	1.0	1.0	1.0	1.0	1.0	1.0	1.0	1.0
0.0	0.0	0.0	0.0	0.0	0.03998046875	0.341982421875	0.999833984375	0.999853515625	0.999931640625	0.99998046875	0.999892578125	0.999970703125	0.99998046875	0.999970703125	0.99998046875	0.999931640625	0.99994140625	0.99998046875	0.99994140625	0.99998046875	0.999990234375	1.0	0.999970703125	0.999970703125	0.999990234375	0.99998046875	1.0	1.0	1.0	1.0	0.99998046875	0.999990234375	1.0	1.0	0.9999609375	1.0	1.0	0.99998046875	1.0	1.0
0.0	0.0	0.0	0.0	0.0	0.03998046875	0.339619140625	0.939072265625	0.999951171875	0.999921875	0.999921875	0.999951171875	0.99998046875	0.99998046875	0.9999609375	0.999970703125	1.0	0.999990234375	0.999970703125	0.99998046875	0.999970703125	1.0	1.0	0.999970703125	0.999990234375	0.9999609375	0.999990234375	0.999990234375	1.0	1.0	1.0	1.0	1.0	0.99998046875	0.999990234375	1.0	1.0	1.0	0.999970703125	1.0	0.99998046875
0.0	0.0	0.0	0.0	0.0	0.0	0.519873046875	0.959814453125	0.99990234375	0.999921875	0.999921875	0.999951171875	0.999951171875	0.999990234375	0.999970703125	0.9999609375	0.99998046875	0.999970703125	1.0	1.0	0.99998046875	0.99998046875	1.0	1.0	0.999990234375	1.0	1.0	1.0	1.0	1.0	1.0	1.0	1.0	1.0	1.0	0.999951171875	1.0	1.0	0.99998046875	1.0	0.99998046875
0.0	0.0	0.0	0.0	0.0	0.0	0.42126953125	0.879775390625	0.99998046875	0.99986328125	0.9999609375	0.9999609375	0.9999609375	0.99994140625	0.999892578125	0.999951171875	1.0	0.99998046875	0.99998046875	0.999970703125	1.0	0.99998046875	0.999990234375	0.99998046875	0.999990234375	0.999990234375	1.0	1.0	1.0	1.0	0.999990234375	1.0	0.999990234375	1.0	1.0	1.0	0.99998046875	0.999990234375	1.0	1.0	1.0
0.0	0.0	0.0	0.0	0.0	0.0	0.4844921875	0.95984375	0.999951171875	0.99990234375	0.999970703125	0.999921875	0.999951171875	0.9999609375	0.99998046875	0.999970703125	0.99998046875	0.99998046875	0.999970703125	0.99998046875	0.9999609375	0.99998046875	1.0	0.99998046875	0.999990234375	0.999970703125	0.999970703125	1.0	1.0	0.999990234375	1.0	0.999990234375	0.99998046875	1.0	0.999970703125	1.0	0.9999609375	1.0	1.0	0.99998046875	1.0
0.0	0.0	0.0	0.0	0.0	0.0	0.131826171875	0.90916015625	0.99990234375	0.9999609375	0.999931640625	0.999951171875	0.999892578125	0.999990234375	1.0	0.999951171875	0.999990234375	0.9999609375	0.999990234375	0.999990234375	1.0	0.99994140625	1.0	0.99998046875	1.0	1.0	0.999990234375	1.0	0.99998046875	1.0	0.999990234375	0.99998046875	1.0	1.0	0.99998046875	0.99998046875	1.0	1.0	1.0	0.99998046875	1.0
0.0	0.0	0.0	0.0	0.0	0.0	0.0	0.559853515625	0.99974609375	0.9998828125	0.999892578125	0.99994140625	0.999951171875	0.99994140625	0.99998046875	0.999931640625	0.9999609375	0.99998046875	0.999931640625	0.99998046875	1.0	0.999951171875	0.999990234375	0.99998046875	0.99998046875	0.999951171875	1.0	1.0	0.99998046875	1.0	0.999990234375	1.0	0.999970703125	0.999990234375	0.999990234375	1.0	0.99998046875	1.0	0.999970703125	1.0	1.0
0.0	0.0	0.0	0.0	0.0	0.0	0.03998046875	0.60341796875	0.959912109375	0.999921875	0.999990234375	0.9999609375	0.99990234375	0.999970703125	0.999951171875	0.999990234375	0.99998046875	0.99998046875	0.9999609375	0.99998046875	0.9999609375	0.999990234375	0.99998046875	1.0	0.999990234375	0.999970703125	1.0	0.999990234375	0.99998046875	1.0	0.999990234375	0.99998046875	1.0	1.0	1.0	1.0	1.0	1.0	1.0	0.99998046875	1.0
0.0	0.0	0.0	0.0	0.0	0.0	0.0	0.422255859375	0.749169921875	0.999912109375	0.9999609375	0.999921875	0.999990234375	0.99994140625	0.999951171875	1.0	0.999970703125	0.9999609375	1.0	0.99998046875	1.0	1.0	0.999990234375	0.999990234375	0.99998046875	0.999990234375	0.999990234375	1.0	0.99998046875	1.0	0.999990234375	0.999990234375	1.0	1.0	1.0	1.0	1.0	1.0	0.99998046875	1.0	0.999990234375
0.0	0.0	0.0	0.0	0.0	0.0	0.0	0.239951171875	0.959912109375	0.999873046875	0.99994140625	0.999970703125	0.99998046875	0.999970703125	0.99998046875	0.999970703125	0.99998046875	0.999970703125	1.0	0.999990234375	0.99998046875	0.99998046875	0.999990234375	1.0	0.999990234375	1.0	1.0	1.0	0.999990234375	1.0	1.0	1.0	1.0	1.0	0.99998046875	1.0	1.0	1.0	1.0	1.0	1.0
0.0	0.0	0.0	0.0	0.0	0.0	0.0	0.0	0.105615234375	0.7460546875	0.964873046875	0.97822265625	0.983359375	0.98978515625	0.990419921875	0.9934375	0.99388671875	0.994638671875	0.995283203125	0.995302734375	0.996728515625	0.99740234375	0.997412109375	0.997412109375	0.99759765625	0.9982421875	0.9983984375	0.998173828125	0.9981640625	0.998447265625	0.998642578125	0.99890625	0.9987890625	0.9989453125	0.998662109375	0.999267578125	0.999248046875	0.99939453125	0.999287109375	0.99955078125	0.9995703125
0.0	0.0	0.0	0.0	0.0	0.0	0.0	0.0	0.036513671875	0.516572265625	0.887900390625	0.9735546875	0.981728515625	0.98869140625	0.9919140625	0.991962890625	0.994306640625	0.9937890625	0.995390625	0.9965625	0.9966015625	0.99724609375	0.997646484375	0.99775390625	0.997294921875	0.99833984375	0.99796875	0.998232421875	0.9986328125	0.99880859375	0.9986328125	0.99904296875	0.999150390625	0.999423828125	0.999091796875	0.999189453125	0.99912109375	0.999189453125	0.99947265625	0.999365234375	0.999423828125
0.0	0.0	0.0	0.0	0.0	0.0	0.0	0.0	0.0	0.107275390625	0.844130859375	0.928349609375	0.98005859375	0.985703125	0.988232421875	0.991513671875	0.992216796875	0.99421875	0.99498046875	0.99619140625	0.996103515625	0.997060546875	0.997373046875	0.99716796875	0.997646484375	0.998212890625	0.99849609375	0.998896484375	0.998681640625	0.998984375	0.99876953125	0.99919921875	0.998798828125	0.999423828125	0.999150390625	0.9994921875	0.999384765625	0.99943359375	0.99943359375	0.99958984375	0.999375
0.0	0.0	0.0	0.0	0.0	0.0	0.0	0.0	0.0	0.0	0.0	0.0	0.034990234375	0.32642578125	0.447265625	0.60578125	0.87181640625	0.9500390625	0.9683984375	0.97216796875	0.970966796875	0.976064453125	0.979541015625	0.9837890625	0.98625	0.98708984375	0.988310546875	0.990546875	0.992763671875	0.99296875	0.991748046875	0.992451171875	0.991103515625	0.99580078125	0.994111328125	0.995947265625	0.99748046875	0.996845703125	0.99677734375	0.99744140625	0.996591796875
0.0	0.0	0.0	0.0	0.0	0.0	0.0	0.0	0.0	0.0	0.0	0.0	0.0	0.0	0.0741796875	0.18638671875	0.304052734375	0.682080078125	0.762158203125	0.810966796875	0.9316796875	0.9744921875	0.97982421875	0.97662109375	0.9822265625	0.981953125	0.986533203125	0.9909765625	0.990322265625	0.989150390625	0.991474609375	0.9924609375	0.991533203125	0.9923828125	0.993359375	0.994697265625	0.99728515625	0.995576171875	0.997158203125	0.997724609375	0.99734375
0.0	0.0	0.0	9.765625e-6	0.0	0.0	0.0	0.0	0.0	0.0	0.0	0.0	0.0	0.0	0.0	0.0	0.0	0.0	0.0	0.0	0.0	0.0	0.0	0.0	0.0	0.0	0.0	0.0	0.0	0.0	0.0	0.0	0.0	0.0	0.0	0.0	0.0	0.0	0.0	0.0	0.0
0.0	0.0	0.0	0.0	0.0	0.0	0.0	0.0	0.0	0.0	0.0	0.0	0.0	0.0	0.0	0.0	0.0	0.0	0.0	0.0	0.0	0.0	0.0	0.0	0.0	0.0	0.0	0.0	0.0	0.0	0.0	0.0	0.0	0.0	0.0	0.0	0.0	0.0	0.0	0.0	0.0
0.0	0.0	0.0	0.0	0.0	0.0	0.0	0.0	0.0	0.0	0.0	0.0	0.0	0.0	0.0	0.0	0.0	0.0	0.0	0.0	0.0	0.0	0.0	0.0	0.0	0.0	0.0	0.0	0.0	0.0	0.0	0.0	0.0	0.0	0.0	0.0	0.0	0.0	0.0	0.0	0.0
0.0	0.0	0.0	0.0	0.0	0.0	0.0	0.0	0.0	0.0	0.0	0.0	0.0	0.0	0.0	0.0	0.0	0.0	0.0	0.0	0.0	0.0	0.0	0.0	0.0	0.0	0.0	0.0	0.0	0.0	0.0	0.0	0.0	0.0	0.0	0.0	0.0	0.0	0.0	0.0	0.0
0.0	0.0	0.0	0.0	0.0	0.0	0.0	0.0	0.0	0.0	0.0	0.0	0.0	0.0	0.0	0.0	0.0	0.0	0.0	0.0	0.0	0.0	0.0	0.0	0.0	0.0	0.0	0.0	0.0	0.0	0.0	0.0	0.0	0.0	0.0	0.0	0.0	0.0	0.0	0.0	0.0
0.0	0.0	0.0	0.0	0.0	0.0	0.0	0.0	0.0	0.0	0.0	0.0	0.0	0.0	0.0	0.0	0.0	0.0	0.0	0.0	0.0	0.0	0.0	0.0	0.0	0.0	0.0	0.0	0.0	0.0	0.0	0.0	0.0	0.0	0.0	0.0	0.0	0.0	0.0	0.0	0.0
0.0	0.0	0.0	0.0	0.0	0.0	0.0	0.0	0.0	0.0	0.0	0.0	0.0	0.0	0.0	0.0	0.0	0.0	0.0	0.0	0.0	0.0	0.0	0.0	0.0	0.0	0.0	0.0	0.0	0.0	0.0	0.0	0.0	0.0	0.0	0.0	0.0	0.0	0.0	0.0	0.0
0.0	0.0	0.0	0.0	0.0	0.0	0.0	0.0	0.0	0.0	0.0	0.0	0.0	0.0	0.0	0.0	0.0	0.0	0.0	0.0	0.0	0.0	0.0	0.0	0.0	0.0	0.0	0.0	0.0	0.0	0.0	0.0	0.0	0.0	0.0	0.0	0.0	0.0	0.0	0.0	0.0
0.0	0.0	0.0	0.0	0.0	0.0	0.0	0.0	0.0	0.0	0.0	0.0	0.0	0.0	0.0	0.0	0.0	0.0	0.0	0.0	0.0	0.0	0.0	0.0	0.0	0.0	0.0	0.0	0.0	0.0	0.0	0.0	0.0	0.0	0.0	0.0	0.0	0.0	0.0	0.0	0.0
0.0	0.0	0.0	0.0	0.0	0.0	0.0	0.0	0.0	0.0	0.0	0.0	0.0	0.0	0.0	0.0	0.0	0.0	0.0	0.0	0.0	0.0	0.0	0.0	0.0	0.0	0.0	0.0	0.0	0.0	0.0	0.0	0.0	0.0	0.0	0.0	0.0	0.0	0.0	0.0	0.0
0.0	0.0	0.0	0.0	0.0	0.0	0.0	0.0	0.0	0.0	0.0	0.0	0.0	0.0	0.0	0.0	0.0	0.0	0.0	0.0	0.0	0.0	0.0	0.0	0.0	0.0	0.0	0.0	0.0	0.0	0.0	0.0	0.0	0.0	0.0	0.0	0.0	0.0	0.0	0.0	0.0
0.0	0.0	0.0	0.0	0.0	0.0	0.0	0.0	0.0	0.0	0.0	0.0	0.0	0.0	0.0	0.0	0.0	0.0	0.0	0.0	0.0	0.0	0.0	0.0	0.0	0.0	0.0	0.0	0.0	0.0	0.0	0.0	0.0	0.0	0.0	0.0	0.0	0.0	0.0	0.0	0.0
0.0	0.0	0.0	0.0	0.0	0.0	0.0	0.0	0.0	0.0	0.0	0.0	0.0	0.0	0.0	0.0	0.0	0.0	0.0	0.0	0.0	0.0	0.0	0.0	0.0	0.0	0.0	0.0	0.0	0.0	0.0	0.0	0.0	0.0	0.0	0.0	0.0	0.0	0.0	0.0	0.0
0.0	0.0	0.0	0.0	0.0	0.0	0.0	0.0	0.0	0.0	0.0	0.0	0.0	0.0	0.0	0.0	0.0	0.0	0.0	0.0	0.0	0.0	0.0	0.0	0.0	0.0	0.0	0.0	0.0	0.0	0.0	0.0	0.0	0.0	0.0	0.0	0.0	0.0	0.0	0.0	0.0
0.0	0.0	0.0	0.0	0.0	0.0	0.0	0.0	0.0	0.0	0.0	0.0	0.0	0.0	0.0	0.0	0.0	0.0	0.0	0.0	0.0	0.0	0.0	0.0	0.0	0.0	0.0	0.0	0.0	0.0	0.0	0.0	0.0	0.0	0.0	0.0	0.0	0.0	0.0	0.0	0.0
0.0	0.0	0.0	0.0	0.0	0.0	0.0	0.0	0.0	0.0	0.0	0.0	0.0	0.0	0.0	0.0	0.0	0.0	0.0	0.0	0.0	0.0	0.0	0.0	0.0	0.0	0.0	0.0	0.0	0.0	0.0	0.0	0.0	0.0	0.0	0.0	0.0	0.0	0.0	0.0	0.0
0.0	0.0	0.0	0.0	0.0	0.0	0.0	0.0	0.0	0.0	0.0	0.0	0.0	0.0	0.0	0.0	0.0	0.0	0.0	0.0	0.0	0.0	0.0	0.0	0.0	0.0	0.0	0.0	0.0	0.0	0.0	0.0	0.0	0.0	0.0	0.0	0.0	0.0	0.0	0.0	0.0
0.0	0.0	0.0	0.0	0.0	0.0	0.0	0.0	0.0	0.0	0.0	0.0	0.0	0.0	0.0	0.0	0.0	0.0	0.0	0.0	0.0	0.0	0.0	0.0	0.0	0.0	0.0	0.0	0.0	0.0	0.0	0.0	0.0	0.0	0.0	0.0	0.0	0.0	0.0	0.0	0.0
0.0	0.0	0.0	0.0	0.0	0.0	0.0	0.0	0.0	0.0	0.0	0.0	0.0	0.0	0.0	0.0	0.0	0.0	0.0	0.0	0.0	0.0	0.0	0.0	0.0	0.0	0.0	0.0	0.0	0.0	0.0	0.0	0.0	0.0	0.0	0.0	0.0	0.0	0.0	0.0	0.0
0.0	0.0	0.0	0.0	0.0	0.0	0.0	0.0	0.0	0.0	0.0	0.0	0.0	0.0	0.0	0.0	0.0	0.0	0.0	0.0	0.0	0.0	0.0	0.0	0.0	0.0	0.0	0.0	0.0	0.0	0.0	0.0	0.0	0.0	0.0	0.0	0.0	0.0	0.0	0.0	0.0
0.0	0.0	0.0	0.0	0.0	0.0	0.0	0.0	0.0	0.0	0.0	0.0	0.0	0.0	0.0	0.0	0.0	0.0	0.0	0.0	0.0	0.0	0.0	0.0	0.0	0.0	0.0	0.0	0.0	0.0	0.0	0.0	0.0	0.0	0.0	0.0	0.0	0.0	0.0	0.0	0.0
0.0	0.0	0.0	0.0	0.0	0.0	0.0	0.0	0.0	0.0	0.0	0.0	0.0	0.0	0.0	0.0	0.0	0.0	0.0	0.0	0.0	0.0	0.0	0.0	0.0	0.0	0.0	0.0	0.0	0.0	0.0	0.0	0.0	0.0	0.0	0.0	0.0	0.0	0.0	0.0	0.0
0.0	0.0	0.0	0.0	0.0	0.0	0.0	0.0	0.0	0.0	0.0	0.0	0.0	0.0	0.0	0.0	0.0	0.0	0.0	0.0	0.0	0.0	0.0	0.0	0.0	0.0	0.0	0.0	0.0	0.0	0.0	0.0	0.0	0.0	0.0	0.0	0.0	0.0	0.0	0.0	0.0
0.0	0.0	0.0	0.0	0.0	0.0	0.0	0.0	0.0	0.0	0.0	0.0	0.0	0.0	0.0	0.0	0.0	0.0	0.0	0.0	0.0	0.0	0.0	0.0	0.0	0.0	0.0	0.0	0.0	0.0	0.0	0.0	0.0	0.0	0.0	0.0	0.0	0.0	0.0	0.0	0.0
0.0	0.0	0.0	0.0	0.0	0.0	0.0	0.0	0.0	0.0	0.0	0.0	0.0	0.0	0.0	0.0	0.0	0.0	0.0	0.0	0.0	0.0	0.0	0.0	0.0	0.0	0.0	0.0	0.0	0.0	0.0	0.0	0.0	0.0	0.0	0.0	0.0	0.0	0.0	0.0	0.0
