0.0004296875	0.001279296875	0.00345703125	0.051240234375	0.121357421875	0.175078125	0.204521484375	0.23673828125	0.255078125	0.273427734375	0.291826171875	0.304423828125	0.315009765625	0.326845703125	0.339140625	0.34775390625	0.358642578125	0.368662109375	0.375654296875	0.382109375	0.393076171875	0.398310546875	0.40705078125	0.409990234375	0.418935546875	0.42357421875	0.4276171875	0.435576171875	0.438564453125	0.445107421875	0.4502734375	0.4510546875	0.45193359375	0.451826171875	0.465615234375	0.46466796875	0.470595703125	0.4739453125	0.48232421875	0.48609375	0.486669921875
0.000595703125	0.0013671875	0.003642578125	0.052197265625	0.12923828125	0.195166015625	0.237890625	0.2678515625	0.2916796875	0.311884765625	0.3239453125	0.34537109375	0.35935546875	0.37318359375	0.384189453125	0.395947265625	0.4002734375	0.41234375	0.421865234375	0.425654296875	0.437509765625	0.442998046875	0.448408203125	0.454423828125	0.464765625	0.468984375	0.47166015625	0.479052734375	0.4805078125	0.48181640625	0.4948828125	0.50150390625	0.49767578125	0.504951171875	0.505234375	0.513798828125	0.512841796875	0.522177734375	0.526318359375	0.5327734375	0.535849609375
0.000517578125	0.001396484375	0.0027734375	0.04578125	0.133642578125	0.193671875	0.239267578125	0.268330078125	0.29466796875	0.3102734375	0.33078125	0.3448828125	0.35986328125	0.374013671875	0.383505859375	0.394814453125	0.40404296875	0.411904296875	0.419208984375	0.43234375	0.437509765625	0.443046875	0.44814453125	0.456298828125	0.46416015625	0.473466796875	0.4758984375	0.48015625	0.487841796875	0.487626953125	0.494052734375	0.497392578125	0.503828125	0.503388671875	0.5151953125	0.512724609375	0.51818359375	0.518203125	0.526513671875	0.5334765625	0.533662109375
0.00052734375	0.001181640625	0.003046875	0.05076171875	0.133583984375	0.197939453125	0.234111328125	0.267412109375	0.292490234375	0.31345703125	0.326884765625	0.347041015625	0.35892578125	0.371455078125	0.3840234375	0.389658203125	0.406328125	0.413681640625	0.419580078125	0.427724609375	0.433525390625	0.442958984375	0.450576171875	0.457421875	0.462431640625	0.470546875	0.471708984375	0.475625	0.48505859375	0.490859375	0.49146484375	0.49513671875	0.504111328125	0.50521484375	0.504384765625	0.515478515625	0.5140625	0.521064453125	0.524052734375	0.530556640625	0.529697265625
0.00052734375	0.00125	0.0036328125	0.05009765625	0.134921875	0.193486328125	0.238701171875	0.268359375	0.2890625	0.310634765625	0.328134765625	0.3462109375	0.361455078125	0.37201171875	0.384853515625	0.393408203125	0.403681640625	0.41564453125	0.419189453125	0.429052734375	0.434443359375	0.446767578125	0.44833984375	0.4553125	0.4637109375	0.4662109375	0.4746875	0.477919921875	0.484736328125	0.491298828125	0.497236328125	0.49646484375	0.49927734375	0.50513671875	0.509794921875	0.513916015625	0.514541015625	0.526455078125	0.52578125	0.5303125	0.533583984375
0.0005078125	0.001337890625	0.003916015625	0.043583984375	0.13439453125	0.194189453125	0.234111328125	0.266474609375	0.294052734375	0.3120703125	0.32837890625	0.348994140625	0.353193359375	0.373466796875	0.383759765625	0.39251953125	0.404853515625	0.412060546875	0.418583984375	0.429736328125	0.437333984375	0.445263671875	0.44875	0.458115234375	0.463818359375	0.468505859375	0.476689453125	0.476044921875	0.48345703125	0.490283203125	0.496669921875	0.4973828125	0.50044921875	0.5061328125	0.50640625	0.510322265625	0.51556640625	0.521318359375	0.529375	0.53189453125	0.534775390625
0.0005078125	0.001416015625	0.00314453125	0.0512890625	0.129482421875	0.19623046875	0.234375	0.269228515625	0.294619140625	0.31447265625	0.329306640625	0.351259765625	0.362294921875	0.3734765625	0.38427734375	0.395859375	0.403544921875	0.414013671875	0.42447265625	0.428994140625	0.441474609375	0.44498046875	0.4518359375	0.458447265625	0.463154296875	0.47314453125	0.469501953125	0.478671875	0.482333984375	0.48869140625	0.4959375	0.49927734375	0.50830078125	0.510400390625	0.509140625	0.50939453125	0.521884765625	0.52103515625	0.52611328125	0.530927734375	0.538330078125
0.00046875	0.001123046875	0.00373046875	0.04283203125	0.13365234375	0.19876953125	0.2425390625	0.273505859375	0.29919921875	0.315224609375	0.337958984375	0.353125	0.368232421875	0.380712890625	0.390859375	0.402275390625	0.40947265625	0.419755859375	0.42990234375	0.438203125	0.446123046875	0.45095703125	0.456162109375	0.468056640625	0.471787109375	0.4758984375	0.482021484375	0.485537109375	0.49185546875	0.496611328125	0.501904296875	0.50619140625	0.513525390625	0.5144921875	0.518798828125	0.518271484375	0.525615234375	0.529580078125	0.528515625	0.53630859375	0.545048828125
0.00052734375	0.001259765625	0.003466796875	0.04484375	0.13138671875	0.19451171875	0.24107421875	0.271689453125	0.296259765625	0.318193359375	0.337353515625	0.351396484375	0.362490234375	0.37583984375	0.38654296875	0.401015625	0.410986328125	0.419453125	0.42640625	0.4344921875	0.443505859375	0.452197265625	0.45419921875	0.461650390625	0.469443359375	0.471787109375	0.47947265625	0.4808203125	0.492294921875	0.494111328125	0.49916015625	0.50640625	0.5084765625	0.5130078125	0.51125	0.5187109375	0.516826171875	0.526171875	0.53541015625	0.535	0.53806640625
0.00041015625	0.0013671875	0.00349609375	0.05462890625	0.1340234375	0.19796875	0.23779296875	0.271650390625	0.294609375	0.314326171875	0.336572265625	0.348291015625	0.367568359375	0.374267578125	0.38494140625	0.40130859375	0.404052734375	0.417890625	0.430341796875	0.4379296875	0.44296875	0.45251953125	0.4591015625	0.464052734375	0.4669921875	0.475146484375	0.484287109375	0.48734375	0.490400390625	0.49609375	0.49869140625	0.506611328125	0.510224609375	0.513916015625	0.51306640625	0.518046875	0.525546875	0.5265625	0.531611328125	0.535498046875	0.539345703125
0.000439453125	0.00123046875	0.003828125	0.046181640625	0.138046875	0.195830078125	0.2416796875	0.274853515625	0.298720703125	0.3199609375	0.34033203125	0.3540625	0.3638671875	0.378486328125	0.387744140625	0.397568359375	0.408017578125	0.4179296875	0.425966796875	0.4360546875	0.44625	0.44962890625	0.458017578125	0.467646484375	0.46962890625	0.4755859375	0.48140625	0.48642578125	0.490693359375	0.498876953125	0.50525390625	0.511083984375	0.51001953125	0.511650390625	0.51728515625	0.521181640625	0.529140625	0.529296875	0.5338671875	0.5407421875	0.544013671875
0.000556640625	0.001220703125	0.004013671875	0.04375	0.128798828125	0.201943359375	0.24857421875	0.27873046875	0.30392578125	0.327568359375	0.3462890625	0.360048828125	0.37556640625	0.38953125	0.398642578125	0.411396484375	0.420234375	0.430859375	0.4344921875	0.44294921875	0.44990234375	0.46060546875	0.466943359375	0.471611328125	0.481484375	0.485234375	0.4869140625	0.4953125	0.501015625	0.508349609375	0.51095703125	0.5112890625	0.517685546875	0.521044921875	0.523193359375	0.527294921875	0.531875	0.532939453125	0.537490234375	0.54705078125	0.547802734375
0.00052734375	0.00125	0.003173828125	0.04271484375	0.134716796875	0.19591796875	0.245556640625	0.28310546875	0.309873046875	0.3271484375	0.347177734375	0.36564453125	0.3785546875	0.389921875	0.40580078125	0.410283203125	0.417978515625	0.43359375	0.435576171875	0.443720703125	0.451435546875	0.45962890625	0.4696484375	0.471865234375	0.481396484375	0.4851171875	0.496298828125	0.499111328125	0.498544921875	0.507412109375	0.511650390625	0.51599609375	0.52189453125	0.51986328125	0.53060546875	0.531025390625	0.53125	0.536923828125	0.542412109375	0.548974609375	0.551259765625
0.000517578125	0.00130859375	0.003583984375	0.049931640625	0.1324609375	0.201982421875	0.25287109375	0.2846484375	0.31248046875	0.331142578125	0.351884765625	0.36486328125	0.3847265625	0.39001953125	0.404970703125	0.41587890625	0.426123046875	0.4346484375	0.440888671875	0.45177734375	0.454580078125	0.467451171875	0.47146484375	0.4757421875	0.485712890625	0.491337890625	0.495517578125	0.500322265625	0.5047265625	0.5091796875	0.517294921875	0.523603515625	0.52583984375	0.530205078125	0.529833984375	0.53373046875	0.543701171875	0.54357421875	0.551083984375	0.555166015625	0.558115234375
0.000458984375	0.0013671875	0.0034765625	0.048935546875	0.128798828125	0.210234375	0.255126953125	0.29162109375	0.32142578125	0.3416015625	0.362236328125	0.374599609375	0.3948828125	0.405751953125	0.41470703125	0.42810546875	0.440927734375	0.443662109375	0.453203125	0.460888671875	0.4722265625	0.478466796875	0.48498046875	0.49392578125	0.50234375	0.506435546875	0.511376953125	0.517099609375	0.520380859375	0.526552734375	0.531416015625	0.542392578125	0.54404296875	0.5471875	0.551318359375	0.55009765625	0.55537109375	0.564208984375	0.567041015625	0.56978515625	0.5778515625
0.00044921875	0.001357421875	0.003212890625	0.044609375	0.137041015625	0.208896484375	0.2582421875	0.293994140625	0.32064453125	0.3442578125	0.3625	0.3757421875	0.395615234375	0.405927734375	0.412666015625	0.425244140625	0.43544921875	0.452666015625	0.458173828125	0.466806640625	0.473125	0.47751953125	0.486357421875	0.494443359375	0.499921875	0.506201171875	0.517021484375	0.52015625	0.523798828125	0.53361328125	0.537958984375	0.542529296875	0.547470703125	0.54716796875	0.54724609375	0.556181640625	0.560390625	0.5649609375	0.567880859375	0.578857421875	0.5779296875
0.0005859375	0.001201171875	0.00248046875	0.048603515625	0.13916015625	0.20724609375	0.25978515625	0.295908203125	0.32177734375	0.341240234375	0.359033203125	0.37734375	0.3927734375	0.4067578125	0.417490234375	0.427099609375	0.438349609375	0.448134765625	0.457666015625	0.467353515625	0.47509765625	0.482626953125	0.48884765625	0.49806640625	0.503671875	0.507373046875	0.513662109375	0.5194921875	0.5255859375	0.532470703125	0.537109375	0.54611328125	0.54689453125	0.5511328125	0.553095703125	0.557880859375	0.566513671875	0.564755859375	0.57361328125	0.581806640625	0.5832421875
0.000546875	0.00134765625	0.004658203125	0.04482421875	0.139697265625	0.208125	0.26193359375	0.29783203125	0.32310546875	0.34759765625	0.365498046875	0.3827734375	0.394912109375	0.407919921875	0.419296875	0.43107421875	0.442490234375	0.449482421875	0.46025390625	0.465556640625	0.479638671875	0.4844921875	0.490048828125	0.499052734375	0.5051171875	0.509912109375	0.51796875	0.518720703125	0.524931640625	0.530009765625	0.538212890625	0.54423828125	0.55216796875	0.5495703125	0.55974609375	0.557734375	0.562763671875	0.570224609375	0.575478515625	0.58033203125	0.583173828125
0.000546875	0.001240234375	0.00345703125	0.041708984375	0.14068359375	0.211357421875	0.2603125	0.295546875	0.32416015625	0.347861328125	0.365810546875	0.38548828125	0.39646484375	0.41125	0.419560546875	0.43130859375	0.4438671875	0.454892578125	0.461982421875	0.472626953125	0.479306640625	0.48859375	0.492080078125	0.502626953125	0.511640625	0.5174609375	0.5217578125	0.52921875	0.53041015625	0.537802734375	0.546708984375	0.548251953125	0.558173828125	0.561044921875	0.561318359375	0.5661328125	0.568310546875	0.576015625	0.580341796875	0.58529296875	0.5887890625
0.00048828125	0.00119140625	0.003271484375	0.045107421875	0.134990234375	0.20482421875	0.260859375	0.296328125	0.325322265625	0.348828125	0.36896484375	0.383623046875	0.3969921875	0.4120703125	0.421025390625	0.43630859375	0.441337890625	0.453046875	0.461767578125	0.46947265625	0.47998046875	0.48712890625	0.4970703125	0.506298828125	0.5126953125	0.518466796875	0.527177734375	0.53140625	0.533701171875	0.5390234375	0.54638671875	0.55421875	0.559951171875	0.559072265625	0.566748046875	0.5736328125	0.578740234375	0.582900390625	0.581298828125	0.592177734375	0.59759765625
0.000625	0.001357421875	0.003388671875	0.0466796875	0.138330078125	0.207685546875	0.25576171875	0.29576171875	0.321611328125	0.343544921875	0.35765625	0.37787109375	0.389091796875	0.4020703125	0.41361328125	0.426669921875	0.435361328125	0.448603515625	0.455732421875	0.463330078125	0.4723828125	0.47986328125	0.4889453125	0.49609375	0.501962890625	0.5109375	0.51658203125	0.522958984375	0.527861328125	0.5344140625	0.540517578125	0.5467578125	0.549755859375	0.557255859375	0.558310546875	0.561552734375	0.562978515625	0.57599609375	0.575615234375	0.58248046875	0.59587890625
0.00052734375	0.00123046875	0.003525390625	0.046435546875	0.141875	0.208134765625	0.261298828125	0.30166015625	0.3248046875	0.355	0.37076171875	0.386181640625	0.4013671875	0.4142578125	0.42693359375	0.43859375	0.448193359375	0.458056640625	0.4684765625	0.4821875	0.485390625	0.495146484375	0.498173828125	0.509794921875	0.514189453125	0.526826171875	0.5287109375	0.538056640625	0.5426171875	0.550751953125	0.5498828125	0.563173828125	0.565302734375	0.572880859375	0.573837890625	0.578046875	0.58302734375	0.584462890625	0.59181640625	0.597314453125	0.607041015625
0.000478515625	0.00140625	0.003681640625	0.04775390625	0.136943359375	0.211513671875	0.263212890625	0.298701171875	0.329091796875	0.3525	0.370654296875	0.387919921875	0.403427734375	0.416123046875	0.425625	0.440400390625	0.44791015625	0.462509765625	0.466796875	0.477236328125	0.485966796875	0.495029296875	0.50291015625	0.5127734375	0.515966796875	0.523095703125	0.5308984375	0.536376953125	0.543505859375	0.546611328125	0.552119140625	0.558896484375	0.56671875	0.57353515625	0.57259765625	0.582255859375	0.58279296875	0.585625	0.59064453125	0.59650390625	0.60474609375
0.00046875	0.001298828125	0.00390625	0.044052734375	0.13580078125	0.207978515625	0.2653515625	0.29513671875	0.32890625	0.3534765625	0.369560546875	0.38720703125	0.401279296875	0.415693359375	0.429150390625	0.438193359375	0.450390625	0.461640625	0.470341796875	0.477822265625	0.487587890625	0.495205078125	0.50234375	0.513212890625	0.516591796875	0.526513671875	0.533623046875	0.5354296875	0.540185546875	0.550009765625	0.5595703125	0.564482421875	0.5718359375	0.573046875	0.5771875	0.577841796875	0.5861328125	0.59314453125	0.595390625	0.604296875	0.60435546875
0.000546875	0.001171875	0.003671875	0.0455078125	0.133525390625	0.209375	0.25826171875	0.29552734375	0.328466796875	0.350341796875	0.3680859375	0.385078125	0.400361328125	0.41029296875	0.423740234375	0.431328125	0.4484765625	0.457109375	0.461669921875	0.474638671875	0.485908203125	0.490087890625	0.500966796875	0.506201171875	0.5200390625	0.52078125	0.527490234375	0.531865234375	0.5438671875	0.546689453125	0.549736328125	0.56265625	0.566865234375	0.57	0.5787109375	0.579912109375	0.584697265625	0.586982421875	0.594365234375	0.602958984375	0.60642578125
0.000458984375	0.001103515625	0.00302734375	0.05287109375	0.13337890625	0.205693359375	0.258076171875	0.29798828125	0.32546875	0.351796875	0.370341796875	0.386533203125	0.39890625	0.41599609375	0.427138671875	0.441123046875	0.452314453125	0.461142578125	0.47435546875	0.481640625	0.489697265625	0.499267578125	0.505126953125	0.5111328125	0.51931640625	0.524169921875	0.535693359375	0.542783203125	0.54708984375	0.5516015625	0.561015625	0.569853515625	0.5732421875	0.5784765625	0.58625	0.59134765625	0.5903125	0.592841796875	0.605390625	0.609140625	0.612919921875
0.000556640625	0.00130859375	0.002958984375	0.04732421875	0.139482421875	0.209375	0.265888671875	0.300390625	0.328642578125	0.354072265625	0.371943359375	0.38931640625	0.407294921875	0.420283203125	0.434072265625	0.444345703125	0.455712890625	0.464287109375	0.473857421875	0.486435546875	0.49765625	0.5027734375	0.512021484375	0.519921875	0.5271875	0.536923828125	0.547578125	0.548642578125	0.55611328125	0.56314453125	0.56841796875	0.574453125	0.58080078125	0.587734375	0.59158203125	0.59783203125	0.59943359375	0.60009765625	0.60693359375	0.617451171875	0.622763671875
0.00048828125	0.00150390625	0.0032421875	0.047373046875	0.13861328125	0.2113671875	0.26361328125	0.300830078125	0.3283984375	0.35423828125	0.370703125	0.392568359375	0.40662109375	0.42078125	0.43525390625	0.4460546875	0.458662109375	0.465771484375	0.47595703125	0.486162109375	0.49671875	0.503896484375	0.513681640625	0.52130859375	0.528994140625	0.53392578125	0.542021484375	0.552080078125	0.5558984375	0.560986328125	0.57025390625	0.573837890625	0.5818359375	0.585791015625	0.5939453125	0.5979296875	0.60025390625	0.606708984375	0.60814453125	0.61453125	0.624609375
0.000546875	0.00123046875	0.003564453125	0.043505859375	0.136923828125	0.210029296875	0.262919921875	0.302509765625	0.331611328125	0.3546875	0.3741796875	0.396796875	0.409716796875	0.42431640625	0.43658203125	0.4475390625	0.46095703125	0.46697265625	0.4787890625	0.490966796875	0.49712890625	0.50892578125	0.5144140625	0.52376953125	0.530537109375	0.540126953125	0.54751953125	0.553310546875	0.56037109375	0.56462890625	0.5703515625	0.574248046875	0.583603515625	0.593037109375	0.598486328125	0.60318359375	0.604794921875	0.60599609375	0.612685546875	0.616689453125	0.622783203125
0.000537109375	0.0012109375	0.003095703125	0.046435546875	0.13587890625	0.204140625	0.260302734375	0.2989453125	0.325537109375	0.352060546875	0.3744140625	0.392333984375	0.4067578125	0.422255859375	0.43416015625	0.44703125	0.459453125	0.468955078125	0.47814453125	0.487216796875	0.496171875	0.508466796875	0.5136328125	0.52388671875	0.5335546875	0.53779296875	0.545595703125	0.554755859375	0.560947265625	0.564560546875	0.573115234375	0.576953125	0.582939453125	0.589794921875	0.598291015625	0.60341796875	0.60455078125	0.607578125	0.615029296875	0.61728515625	0.6186328125
0.000576171875	0.0012890625	0.004580078125	0.05119140625	0.134677734375	0.204296875	0.259765625	0.2944140625	0.327783203125	0.353642578125	0.369501953125	0.3903515625	0.404619140625	0.4208984375	0.43408203125	0.442373046875	0.455205078125	0.466533203125	0.476376953125	0.487529296875	0.494931640625	0.502734375	0.5119140625	0.521025390625	0.530537109375	0.534873046875	0.54189453125	0.548232421875	0.55669921875	0.56064453125	0.5652734375	0.574375	0.581005859375	0.58958984375	0.590087890625	0.599326171875	0.602587890625	0.60888671875	0.611533203125	0.61353515625	0.6231640625
0.000498046875	0.00109375	0.003427734375	0.048291015625	0.136943359375	0.210185546875	0.256552734375	0.303056640625	0.3265625	0.35517578125	0.37591796875	0.39279296875	0.408798828125	0.424912109375	0.43849609375	0.451240234375	0.46146484375	0.4705859375	0.4842578125	0.489716796875	0.50080078125	0.510029296875	0.5158984375	0.53068359375	0.531982421875	0.543154296875	0.553740234375	0.558251953125	0.563271484375	0.570966796875	0.578212890625	0.5801953125	0.58953125	0.597216796875	0.6002734375	0.60400390625	0.613154296875	0.61400390625	0.6211328125	0.624619140625	0.630478515625
0.000546875	0.001162109375	0.0042578125	0.048408203125	0.131328125	0.205751953125	0.256513671875	0.2991015625	0.330673828125	0.355703125	0.3760546875	0.392705078125	0.41232421875	0.42298828125	0.439423828125	0.45015625	0.462626953125	0.471669921875	0.4873046875	0.493486328125	0.505009765625	0.51359375	0.51794921875	0.526025390625	0.534541015625	0.5434375	0.55193359375	0.5576953125	0.56728515625	0.573603515625	0.576171875	0.58462890625	0.588583984375	0.598095703125	0.602685546875	0.60978515625	0.612138671875	0.61724609375	0.62001953125	0.62900390625	0.635078125
0.000546875	0.00111328125	0.003876953125	0.048623046875	0.136669921875	0.2044921875	0.262001953125	0.299013671875	0.332294921875	0.364619140625	0.382060546875	0.400849609375	0.416484375	0.43056640625	0.442861328125	0.455810546875	0.47	0.47705078125	0.489697265625	0.498603515625	0.512734375	0.5153125	0.5266015625	0.532392578125	0.542080078125	0.54705078125	0.554765625	0.565595703125	0.570703125	0.57716796875	0.583291015625	0.58474609375	0.59310546875	0.60240234375	0.609521484375	0.61279296875	0.6181640625	0.624287109375	0.62677734375	0.627197265625	0.635654296875
0.00048828125	0.001376953125	0.003212890625	0.041806640625	0.124365234375	0.19912109375	0.253681640625	0.299501953125	0.326455078125	0.354423828125	0.376220703125	0.394931640625	0.4128515625	0.425380859375	0.437490234375	0.45201171875	0.465771484375	0.4727734375	0.484775390625	0.495654296875	0.50400390625	0.513173828125	0.52087890625	0.529765625	0.539765625	0.546171875	0.551591796875	0.559599609375	0.568583984375	0.573994140625	0.579384765625	0.583974609375	0.592373046875	0.597734375	0.60103515625	0.609453125	0.614658203125	0.61677734375	0.62064453125	0.62365234375	0.63015625
0.0005859375	0.001171875	0.003935546875	0.043271484375	0.126572265625	0.2011328125	0.25109375	0.296787109375	0.327958984375	0.35400390625	0.375302734375	0.392548828125	0.410576171875	0.422607421875	0.43818359375	0.451328125	0.462880859375	0.47583984375	0.4843359375	0.49142578125	0.503701171875	0.50982421875	0.519609375	0.529228515625	0.539423828125	0.544677734375	0.5480859375	0.55529296875	0.564482421875	0.572626953125	0.58072265625	0.580810546875	0.588388671875	0.596220703125	0.60111328125	0.60720703125	0.613642578125	0.62	0.620576171875	0.6243359375	0.63228515625
0.00048828125	0.0013671875	0.003623046875	0.052080078125	0.128037109375	0.1975	0.254228515625	0.297734375	0.3287109375	0.353330078125	0.375947265625	0.39521484375	0.409716796875	0.4276171875	0.443115234375	0.455341796875	0.46373046875	0.476904296875	0.486083984375	0.493515625	0.50978515625	0.51361328125	0.520009765625	0.529248046875	0.538076171875	0.54556640625	0.5513671875	0.55859375	0.5675	0.5728515625	0.5803515625	0.5832421875	0.591845703125	0.597119140625	0.6021875	0.608115234375	0.613837890625	0.618251953125	0.621328125	0.6257421875	0.6295703125
0.000439453125	0.001220703125	0.003642578125	0.04552734375	0.12876953125	0.202939453125	0.255078125	0.299453125	0.328330078125	0.352939453125	0.375693359375	0.394091796875	0.411875	0.425234375	0.439619140625	0.454619140625	0.4630859375	0.47611328125	0.48470703125	0.495478515625	0.504248046875	0.514296875	0.523466796875	0.52888671875	0.534560546875	0.5451953125	0.552294921875	0.559052734375	0.56728515625	0.57033203125	0.57794921875	0.585810546875	0.590673828125	0.5953515625	0.604765625	0.609482421875	0.61279296875	0.61890625	0.622177734375	0.628193359375	0.63046875
0.00044921875	0.00125	0.00318359375	0.0480859375	0.13150390625	0.20033203125	0.262119140625	0.295673828125	0.3333203125	0.356083984375	0.381025390625	0.394150390625	0.415185546875	0.432109375	0.444306640625	0.456787109375	0.46888671875	0.479365234375	0.490634765625	0.499287109375	0.51013671875	0.519052734375	0.526875	0.533994140625	0.543759765625	0.548359375	0.5569140625	0.56326171875	0.571337890625	0.57798828125	0.5862890625	0.585986328125	0.594560546875	0.59830078125	0.607734375	0.61220703125	0.617490234375	0.622939453125	0.626416015625	0.628310546875	0.637529296875
0.0005078125	0.001455078125	0.003515625	0.049638671875	0.1353125	0.202021484375	0.25419921875	0.2928125	0.330556640625	0.355693359375	0.376533203125	0.39595703125	0.411181640625	0.4240234375	0.441279296875	0.452919921875	0.463623046875	0.476484375	0.486337890625	0.493447265625	0.503505859375	0.5162890625	0.520634765625	0.526162109375	0.54015625	0.545390625	0.55138671875	0.55873046875	0.56728515625	0.5723046875	0.57970703125	0.583203125	0.5921875	0.5957421875	0.6033984375	0.610556640625	0.61626953125	0.616298828125	0.62259765625	0.630234375	0.6308984375
0.000517578125	0.001455078125	0.00341796875	0.037421875	0.1148828125	0.18365234375	0.234150390625	0.27263671875	0.3039453125	0.334775390625	0.353720703125	0.373564453125	0.392060546875	0.40591796875	0.419765625	0.430419921875	0.441806640625	0.451689453125	0.462236328125	0.4713671875	0.480107421875	0.488310546875	0.49923828125	0.501943359375	0.51130859375	0.520234375	0.52623046875	0.52923828125	0.54037109375	0.5468359375	0.55419921875	0.555673828125	0.564755859375	0.568564453125	0.574697265625	0.58498046875	0.58625	0.594580078125	0.598125	0.6013671875	0.60869140625
