0.000556640625	0.001103515625	0.004326171875	0.045322265625	0.12283203125	0.177900390625	0.2128125	0.2257421875	0.260361328125	0.27529296875	0.290732421875	0.3063671875	0.321953125	0.335078125	0.337783203125	0.358193359375	0.358935546875	0.371015625	0.380361328125	0.38587890625	0.39740234375	0.39962890625	0.40728515625	0.4082421875	0.422822265625	0.42341796875	0.430556640625	0.43927734375	0.43376953125	0.445771484375	0.4519921875	0.456650390625	0.45337890625	0.4609375	0.46203125	0.47513671875	0.476083984375	0.476962890625	0.47392578125	0.483857421875	0.483984375
0.000458984375	0.00140625	0.003466796875	0.046279296875	0.1276953125	0.19642578125	0.235498046875	0.270498046875	0.300341796875	0.315205078125	0.330615234375	0.34736328125	0.360517578125	0.373291015625	0.384833984375	0.39638671875	0.413642578125	0.41259765625	0.4231640625	0.434775390625	0.44130859375	0.446953125	0.44982421875	0.454990234375	0.463642578125	0.46791015625	0.473037109375	0.482490234375	0.486318359375	0.4928125	0.496171875	0.505654296875	0.5071484375	0.51609375	0.5111328125	0.515732421875	0.5178125	0.52998046875	0.52939453125	0.5340234375	0.53876953125
0.000517578125	0.00119140625	0.0040625	0.050361328125	0.126572265625	0.196513671875	0.2387109375	0.276142578125	0.30013671875	0.318046875	0.33580078125	0.35564453125	0.359375	0.37638671875	0.378896484375	0.396337890625	0.403701171875	0.41927734375	0.425810546875	0.432646484375	0.44109375	0.443486328125	0.45458984375	0.46359375	0.46353515625	0.469814453125	0.48224609375	0.4833984375	0.479697265625	0.49203125	0.501103515625	0.49865234375	0.500791015625	0.5012109375	0.510400390625	0.51447265625	0.5254296875	0.524619140625	0.52736328125	0.53251953125	0.53712890625
0.000419921875	0.001259765625	0.003740234375	0.04681640625	0.1336328125	0.194404296875	0.240693359375	0.26701171875	0.294140625	0.318017578125	0.333896484375	0.348232421875	0.36490234375	0.372880859375	0.385234375	0.4005859375	0.408388671875	0.4158984375	0.424287109375	0.4316015625	0.43421875	0.44435546875	0.4541796875	0.464619140625	0.466396484375	0.46638671875	0.47185546875	0.47708984375	0.486123046875	0.487373046875	0.491005859375	0.4962109375	0.50548828125	0.509677734375	0.50888671875	0.513740234375	0.514833984375	0.52521484375	0.53609375	0.5341796875	0.536044921875
0.00056640625	0.001298828125	0.003203125	0.0507421875	0.13611328125	0.192265625	0.240458984375	0.2715625	0.296474609375	0.311240234375	0.333359375	0.348681640625	0.3605078125	0.37673828125	0.386455078125	0.392021484375	0.39330078125	0.41365234375	0.4176953125	0.430908203125	0.43814453125	0.447158203125	0.452568359375	0.463173828125	0.465517578125	0.4687109375	0.482421875	0.483662109375	0.48693359375	0.492958984375	0.4969140625	0.49740234375	0.5053125	0.510048828125	0.50888671875	0.51708984375	0.52455078125	0.515947265625	0.532890625	0.53701171875	0.537197265625
0.000498046875	0.0015625	0.003134765625	0.053681640625	0.133759765625	0.19720703125	0.244462890625	0.27466796875	0.297900390625	0.316396484375	0.33158203125	0.352470703125	0.361845703125	0.375849609375	0.39181640625	0.400810546875	0.405048828125	0.416533203125	0.42431640625	0.429697265625	0.438427734375	0.441533203125	0.451025390625	0.457587890625	0.461728515625	0.47443359375	0.478857421875	0.4805078125	0.493974609375	0.48916015625	0.496064453125	0.493994140625	0.500087890625	0.502978515625	0.5159765625	0.519677734375	0.5198046875	0.517666015625	0.529130859375	0.527978515625	0.531962890625
0.00048828125	0.00146484375	0.00404296875	0.05060546875	0.135751953125	0.201787109375	0.239931640625	0.27	0.300107421875	0.312451171875	0.33640625	0.351630859375	0.3634375	0.374921875	0.38322265625	0.395908203125	0.409541015625	0.415849609375	0.4233203125	0.43767578125	0.43970703125	0.44220703125	0.45216796875	0.453662109375	0.46373046875	0.472041015625	0.4806640625	0.47857421875	0.49318359375	0.4981640625	0.497685546875	0.50333984375	0.5016015625	0.5074609375	0.510927734375	0.516396484375	0.520693359375	0.527177734375	0.533466796875	0.528369140625	0.5345703125
0.000517578125	0.001181640625	0.003857421875	0.04751953125	0.1352734375	0.205068359375	0.24322265625	0.273623046875	0.302890625	0.31744140625	0.343564453125	0.355810546875	0.368232421875	0.383583984375	0.394638671875	0.406162109375	0.408759765625	0.41876953125	0.43201171875	0.43939453125	0.44072265625	0.452333984375	0.45896484375	0.465458984375	0.470751953125	0.48146484375	0.47666015625	0.487958984375	0.49587890625	0.497021484375	0.506630859375	0.51087890625	0.51115234375	0.518388671875	0.5194921875	0.516513671875	0.52927734375	0.531474609375	0.53880859375	0.544833984375	0.54060546875
0.000498046875	0.001201171875	0.004140625	0.050244140625	0.13494140625	0.196591796875	0.24169921875	0.2773828125	0.301787109375	0.31447265625	0.342041015625	0.354072265625	0.368388671875	0.37859375	0.388349609375	0.3996484375	0.41060546875	0.41498046875	0.42892578125	0.43671875	0.446123046875	0.441064453125	0.458134765625	0.462626953125	0.471376953125	0.4755078125	0.484541015625	0.483310546875	0.490166015625	0.493359375	0.4995703125	0.507509765625	0.51201171875	0.50921875	0.517587890625	0.517041015625	0.521806640625	0.52814453125	0.53544921875	0.535576171875	0.538212890625
0.000556640625	0.0013671875	0.003388671875	0.051962890625	0.124501953125	0.201474609375	0.24447265625	0.277568359375	0.301533203125	0.322421875	0.33685546875	0.3532421875	0.370712890625	0.382060546875	0.393818359375	0.399638671875	0.406953125	0.418916015625	0.427021484375	0.436640625	0.43748046875	0.453193359375	0.458349609375	0.463310546875	0.46169921875	0.47294921875	0.485712890625	0.482705078125	0.489345703125	0.499794921875	0.50359375	0.50193359375	0.50943359375	0.520791015625	0.51642578125	0.52529296875	0.52451171875	0.5299609375	0.526787109375	0.538740234375	0.542138671875
0.000517578125	0.001083984375	0.003818359375	0.051865234375	0.1363671875	0.1955078125	0.242060546875	0.279541015625	0.301162109375	0.321171875	0.3377734375	0.351806640625	0.364306640625	0.3812109375	0.3953515625	0.40328125	0.411572265625	0.420390625	0.429052734375	0.435703125	0.44822265625	0.451337890625	0.45982421875	0.461474609375	0.472587890625	0.47728515625	0.481171875	0.4868359375	0.4862890625	0.504658203125	0.506318359375	0.50751953125	0.507841796875	0.510068359375	0.513134765625	0.517451171875	0.52615234375	0.53103515625	0.537373046875	0.5400390625	0.54078125
0.000595703125	0.00134765625	0.00390625	0.04439453125	0.129541015625	0.201376953125	0.251640625	0.284951171875	0.303974609375	0.327783203125	0.342998046875	0.35953125	0.371826171875	0.386435546875	0.40013671875	0.40443359375	0.42451171875	0.4314453125	0.439384765625	0.443837890625	0.4517578125	0.457470703125	0.46708984375	0.4694140625	0.477705078125	0.480556640625	0.492021484375	0.49908203125	0.501826171875	0.50896484375	0.513349609375	0.51892578125	0.5223828125	0.526162109375	0.526953125	0.52779296875	0.531748046875	0.54603515625	0.544091796875	0.541982421875	0.550107421875
0.000537109375	0.001396484375	0.00296875	0.051865234375	0.129619140625	0.20181640625	0.2530859375	0.28697265625	0.3083984375	0.32744140625	0.347626953125	0.36025390625	0.380341796875	0.389677734375	0.398603515625	0.411953125	0.42462890625	0.433408203125	0.44197265625	0.447138671875	0.45751953125	0.460751953125	0.472060546875	0.47412109375	0.478125	0.4862890625	0.49158203125	0.492080078125	0.50455078125	0.502509765625	0.51138671875	0.515322265625	0.51623046875	0.52271484375	0.523828125	0.52853515625	0.533466796875	0.537919921875	0.54431640625	0.549970703125	0.5524609375
0.00048828125	0.001337890625	0.003310546875	0.053583984375	0.140673828125	0.20173828125	0.250771484375	0.2820703125	0.31376953125	0.33083984375	0.34951171875	0.3731640625	0.38005859375	0.39837890625	0.4015625	0.41623046875	0.432373046875	0.435126953125	0.44041015625	0.4455859375	0.460556640625	0.462421875	0.477861328125	0.483681640625	0.479775390625	0.491533203125	0.493076171875	0.498369140625	0.50931640625	0.51404296875	0.514453125	0.522236328125	0.52822265625	0.534033203125	0.527626953125	0.535478515625	0.54158203125	0.546337890625	0.552490234375	0.55767578125	0.563115234375
0.000576171875	0.001396484375	0.00271484375	0.05244140625	0.1416015625	0.20798828125	0.2591796875	0.293916015625	0.322158203125	0.344111328125	0.360751953125	0.377490234375	0.39099609375	0.4044140625	0.4175	0.431708984375	0.4369140625	0.44892578125	0.456328125	0.46359375	0.475068359375	0.481826171875	0.487861328125	0.4919140625	0.49658203125	0.506669921875	0.51166015625	0.52041015625	0.519853515625	0.531748046875	0.533056640625	0.539951171875	0.54650390625	0.549873046875	0.553349609375	0.558388671875	0.559541015625	0.561181640625	0.56755859375	0.575615234375	0.580625
0.000537109375	0.001396484375	0.003720703125	0.047802734375	0.139404296875	0.21056640625	0.25595703125	0.29451171875	0.32107421875	0.343642578125	0.359716796875	0.37837890625	0.391142578125	0.405380859375	0.4165625	0.42740234375	0.43419921875	0.449013671875	0.456611328125	0.467294921875	0.475947265625	0.4822265625	0.486748046875	0.4941015625	0.50076171875	0.505556640625	0.5120703125	0.518623046875	0.527392578125	0.53392578125	0.535439453125	0.545322265625	0.545927734375	0.549345703125	0.554365234375	0.55837890625	0.557998046875	0.56662109375	0.57005859375	0.57701171875	0.58328125
0.000517578125	0.001015625	0.00396484375	0.05490234375	0.13826171875	0.206435546875	0.26357421875	0.29634765625	0.32216796875	0.346796875	0.362119140625	0.3813671875	0.39435546875	0.408583984375	0.417392578125	0.431455078125	0.4386328125	0.45193359375	0.456162109375	0.462880859375	0.4698046875	0.48140625	0.488974609375	0.4961328125	0.5002734375	0.511337890625	0.514619140625	0.51462890625	0.528701171875	0.533857421875	0.5355859375	0.543017578125	0.550302734375	0.55041015625	0.55271484375	0.555791015625	0.56609375	0.564765625	0.57384765625	0.57568359375	0.588759765625
0.0005078125	0.001328125	0.00318359375	0.04513671875	0.138798828125	0.20982421875	0.265107421875	0.2948828125	0.317373046875	0.3470703125	0.364931640625	0.381787109375	0.39705078125	0.40833984375	0.416572265625	0.429013671875	0.440986328125	0.451279296875	0.461064453125	0.469345703125	0.476767578125	0.479375	0.48892578125	0.497890625	0.495263671875	0.509189453125	0.519755859375	0.524306640625	0.529765625	0.535087890625	0.541943359375	0.544482421875	0.55119140625	0.55513671875	0.556123046875	0.563232421875	0.56732421875	0.57337890625	0.577705078125	0.58220703125	0.588720703125
0.000537109375	0.001162109375	0.00453125	0.04833984375	0.1412109375	0.211123046875	0.25986328125	0.30115234375	0.32337890625	0.34818359375	0.368466796875	0.38390625	0.399072265625	0.41369140625	0.42697265625	0.438876953125	0.44501953125	0.451923828125	0.462880859375	0.4748046875	0.481123046875	0.485498046875	0.500439453125	0.50583984375	0.51130859375	0.513125	0.52169921875	0.52904296875	0.529375	0.53818359375	0.54701171875	0.557333984375	0.5537109375	0.55861328125	0.557333984375	0.567802734375	0.573271484375	0.577021484375	0.582080078125	0.59201171875	0.592412109375
0.00044921875	0.00134765625	0.003662109375	0.0474609375	0.1437109375	0.211943359375	0.264912109375	0.298779296875	0.32357421875	0.351005859375	0.36611328125	0.383818359375	0.40154296875	0.41123046875	0.42419921875	0.437197265625	0.44533203125	0.450029296875	0.460654296875	0.477197265625	0.48166015625	0.49017578125	0.49525390625	0.5047265625	0.5094921875	0.5177734375	0.525546875	0.5341015625	0.536787109375	0.541572265625	0.54669921875	0.54841796875	0.556953125	0.55947265625	0.564912109375	0.57296875	0.57552734375	0.5795703125	0.588369140625	0.59646484375	0.594013671875
0.000537109375	0.0012109375	0.003369140625	0.049345703125	0.144375	0.2126171875	0.26015625	0.29466796875	0.319169921875	0.341845703125	0.362861328125	0.374462890625	0.391630859375	0.405517578125	0.420166015625	0.43095703125	0.438173828125	0.4492578125	0.45478515625	0.466171875	0.4753125	0.4803515625	0.488916015625	0.495869140625	0.505234375	0.51078125	0.515341796875	0.52458984375	0.522275390625	0.537373046875	0.541640625	0.548896484375	0.55193359375	0.555517578125	0.56125	0.56203125	0.568896484375	0.570712890625	0.5843359375	0.58853515625	0.591591796875
0.0005078125	0.0012109375	0.003544921875	0.05173828125	0.136357421875	0.214169921875	0.26009765625	0.303349609375	0.329345703125	0.351982421875	0.371865234375	0.387451171875	0.406708984375	0.414599609375	0.431611328125	0.44216796875	0.451826171875	0.463076171875	0.468955078125	0.4716796875	0.48740234375	0.496787109375	0.50376953125	0.5107421875	0.515703125	0.525244140625	0.5315625	0.53984375	0.54220703125	0.549404296875	0.5506640625	0.56583984375	0.566982421875	0.570703125	0.575625	0.58123046875	0.583544921875	0.588212890625	0.592744140625	0.6001171875	0.603955078125
0.000546875	0.00123046875	0.002421875	0.047978515625	0.142353515625	0.209697265625	0.26240234375	0.300146484375	0.33099609375	0.353212890625	0.369453125	0.391630859375	0.401669921875	0.41599609375	0.429453125	0.441591796875	0.446298828125	0.457626953125	0.471875	0.47794921875	0.481171875	0.496484375	0.50326171875	0.509853515625	0.51767578125	0.522099609375	0.5308984375	0.53720703125	0.5387109375	0.54615234375	0.559296875	0.560517578125	0.567841796875	0.571943359375	0.57689453125	0.580224609375	0.583046875	0.5871875	0.594482421875	0.600986328125	0.6066015625
0.000478515625	0.00138671875	0.002724609375	0.050048828125	0.13671875	0.212998046875	0.263115234375	0.296943359375	0.33044921875	0.349892578125	0.369296875	0.389189453125	0.40287109375	0.415390625	0.42884765625	0.4446484375	0.44666015625	0.4603515625	0.471474609375	0.480107421875	0.492978515625	0.491845703125	0.498720703125	0.510732421875	0.515146484375	0.52375	0.531875	0.541220703125	0.544892578125	0.55158203125	0.555849609375	0.5659765625	0.5667578125	0.568310546875	0.5765234375	0.5799609375	0.58302734375	0.592431640625	0.591484375	0.598095703125	0.60865234375
0.00052734375	0.00119140625	0.002861328125	0.053671875	0.142822265625	0.2135546875	0.264912109375	0.295009765625	0.326875	0.348994140625	0.367060546875	0.383564453125	0.4030078125	0.412978515625	0.425	0.43609375	0.4466015625	0.4576171875	0.4677734375	0.4760546875	0.484736328125	0.490654296875	0.4985546875	0.504287109375	0.516572265625	0.52384765625	0.528671875	0.53203125	0.543095703125	0.54669921875	0.55560546875	0.56275390625	0.5667578125	0.572265625	0.57615234375	0.577060546875	0.586015625	0.588330078125	0.595009765625	0.593896484375	0.607353515625
0.00044921875	0.001376953125	0.003349609375	0.04712890625	0.13599609375	0.21294921875	0.2605078125	0.296787109375	0.32765625	0.3498828125	0.3683984375	0.387841796875	0.400625	0.414228515625	0.428994140625	0.441142578125	0.449443359375	0.4608984375	0.471884765625	0.48029296875	0.49025390625	0.4996484375	0.504482421875	0.515419921875	0.525107421875	0.52595703125	0.534541015625	0.544892578125	0.551181640625	0.55294921875	0.562705078125	0.566025390625	0.573759765625	0.576640625	0.585419921875	0.588095703125	0.598125	0.601376953125	0.604267578125	0.607587890625	0.6112890625
0.000546875	0.001435546875	0.00384765625	0.04826171875	0.138408203125	0.2140625	0.264345703125	0.30412109375	0.3321484375	0.35498046875	0.3720703125	0.388125	0.4087890625	0.420791015625	0.435029296875	0.447568359375	0.457431640625	0.46583984375	0.4762109375	0.485107421875	0.496865234375	0.505947265625	0.512197265625	0.518935546875	0.52873046875	0.533681640625	0.53990234375	0.554091796875	0.558349609375	0.564091796875	0.57265625	0.576552734375	0.58017578125	0.5878125	0.590634765625	0.597724609375	0.604892578125	0.605576171875	0.611279296875	0.615859375	0.623427734375
0.00046875	0.001162109375	0.003896484375	0.05236328125	0.141953125	0.2066796875	0.262822265625	0.304365234375	0.3324609375	0.355849609375	0.380068359375	0.392109375	0.410126953125	0.424951171875	0.43474609375	0.446806640625	0.458701171875	0.470146484375	0.479111328125	0.488564453125	0.494228515625	0.503291015625	0.51455078125	0.521884765625	0.529892578125	0.537412109375	0.54529296875	0.549453125	0.55623046875	0.56349609375	0.570107421875	0.57806640625	0.5822265625	0.58646484375	0.5912890625	0.596240234375	0.602353515625	0.605126953125	0.609345703125	0.61703125	0.62130859375
0.00046875	0.00134765625	0.003876953125	0.0466015625	0.1393359375	0.21455078125	0.263466796875	0.300888671875	0.338671875	0.358935546875	0.37783203125	0.3948828125	0.40990234375	0.42646484375	0.436474609375	0.45232421875	0.461640625	0.470673828125	0.48333984375	0.48716796875	0.49796875	0.50857421875	0.515712890625	0.526591796875	0.531142578125	0.538896484375	0.548759765625	0.5540234375	0.560712890625	0.56544921875	0.571708984375	0.582822265625	0.58541015625	0.592705078125	0.597373046875	0.601552734375	0.60212890625	0.6102734375	0.61853515625	0.616591796875	0.621865234375
0.000517578125	0.001162109375	0.003916015625	0.05376953125	0.137099609375	0.2126953125	0.261884765625	0.2987109375	0.329990234375	0.35419921875	0.3764453125	0.393837890625	0.407431640625	0.424091796875	0.437490234375	0.447392578125	0.458173828125	0.470537109375	0.4815625	0.49146484375	0.498515625	0.506923828125	0.512919921875	0.524521484375	0.53296875	0.53810546875	0.54455078125	0.55421875	0.562021484375	0.566337890625	0.575234375	0.576064453125	0.58748046875	0.58931640625	0.597236328125	0.6001171875	0.606123046875	0.606689453125	0.6138671875	0.62005859375	0.624384765625
0.000517578125	0.00126953125	0.00361328125	0.05095703125	0.13740234375	0.2063671875	0.2596484375	0.2978125	0.3288671875	0.35451171875	0.37208984375	0.38998046875	0.404140625	0.417734375	0.4314453125	0.443505859375	0.457685546875	0.46669921875	0.4751171875	0.489580078125	0.4952734375	0.5059765625	0.50958984375	0.522109375	0.53044921875	0.534873046875	0.540439453125	0.551767578125	0.556572265625	0.563564453125	0.56837890625	0.578212890625	0.5850390625	0.587294921875	0.59609375	0.597548828125	0.5983984375	0.605810546875	0.610068359375	0.61572265625	0.622138671875
0.000458984375	0.001328125	0.003359375	0.047705078125	0.13673828125	0.20669921875	0.260654296875	0.2998828125	0.331953125	0.358037109375	0.3797265625	0.39556640625	0.41017578125	0.426982421875	0.44064453125	0.453857421875	0.465576171875	0.470830078125	0.486533203125	0.49630859375	0.50494140625	0.51052734375	0.521728515625	0.52818359375	0.53603515625	0.545068359375	0.551044921875	0.560830078125	0.565634765625	0.5709375	0.580615234375	0.5831640625	0.58810546875	0.599619140625	0.604619140625	0.6054296875	0.613115234375	0.61388671875	0.62125	0.623515625	0.63208984375
0.000537109375	0.001240234375	0.0030859375	0.045869140625	0.140888671875	0.203134765625	0.25888671875	0.3015234375	0.332587890625	0.35662109375	0.3765234375	0.396640625	0.412763671875	0.4240625	0.439052734375	0.451962890625	0.463935546875	0.475078125	0.483125	0.493427734375	0.50345703125	0.512509765625	0.52048828125	0.528701171875	0.535615234375	0.546259765625	0.548564453125	0.562177734375	0.564326171875	0.573212890625	0.5765625	0.580986328125	0.59353515625	0.5976953125	0.6010546875	0.6070703125	0.608232421875	0.616533203125	0.619326171875	0.626748046875	0.631474609375
0.00060546875	0.001220703125	0.004296875	0.051474609375	0.136064453125	0.2074609375	0.262353515625	0.3019921875	0.3339453125	0.36025390625	0.38064453125	0.39927734375	0.4170703125	0.431826171875	0.446123046875	0.455234375	0.4694140625	0.4767578125	0.492587890625	0.498212890625	0.509013671875	0.517734375	0.52439453125	0.53494140625	0.54216796875	0.549482421875	0.5596875	0.56537109375	0.568642578125	0.57720703125	0.584052734375	0.58548828125	0.5958203125	0.601982421875	0.607890625	0.61578125	0.617275390625	0.621865234375	0.625810546875	0.629462890625	0.636552734375
0.000546875	0.001220703125	0.00353515625	0.044521484375	0.134228515625	0.206787109375	0.25908203125	0.298642578125	0.3319140625	0.356767578125	0.379013671875	0.394296875	0.41216796875	0.42421875	0.442578125	0.45291015625	0.464677734375	0.4753125	0.4826953125	0.49673828125	0.50283203125	0.512265625	0.5196875	0.531044921875	0.53923828125	0.545869140625	0.55455078125	0.5635546875	0.567783203125	0.57134765625	0.5803515625	0.5865234375	0.59279296875	0.59904296875	0.605048828125	0.60982421875	0.612763671875	0.61626953125	0.618359375	0.625712890625	0.632392578125
0.000576171875	0.0016015625	0.004052734375	0.047529296875	0.135009765625	0.203603515625	0.255869140625	0.296796875	0.330830078125	0.355380859375	0.379951171875	0.396328125	0.415634765625	0.42572265625	0.43865234375	0.449814453125	0.463779296875	0.476220703125	0.485302734375	0.4954296875	0.504462890625	0.513251953125	0.520693359375	0.53248046875	0.5351953125	0.540126953125	0.550234375	0.56203125	0.566845703125	0.5707421875	0.577880859375	0.580322265625	0.59169921875	0.59646484375	0.60416015625	0.607548828125	0.61578125	0.615595703125	0.619658203125	0.62599609375	0.631640625
0.000478515625	0.00138671875	0.003037109375	0.044765625	0.132841796875	0.201083984375	0.255498046875	0.297890625	0.331318359375	0.35537109375	0.37845703125	0.39490234375	0.412568359375	0.429169921875	0.436181640625	0.454677734375	0.46490234375	0.47818359375	0.488134765625	0.4963671875	0.502001953125	0.51599609375	0.523955078125	0.52921875	0.539384765625	0.54517578125	0.5512890625	0.559765625	0.568837890625	0.57107421875	0.578017578125	0.583427734375	0.588896484375	0.599951171875	0.605791015625	0.609677734375	0.612998046875	0.619814453125	0.62072265625	0.628505859375	0.629794921875
0.0005078125	0.001298828125	0.004375	0.04458984375	0.1337109375	0.20103515625	0.25421875	0.295087890625	0.3292578125	0.35912109375	0.37513671875	0.3927734375	0.4117578125	0.4280078125	0.443916015625	0.454765625	0.468916015625	0.476005859375	0.48802734375	0.4973046875	0.50248046875	0.515302734375	0.522236328125	0.531494140625	0.53896484375	0.545185546875	0.553583984375	0.560302734375	0.566796875	0.57333984375	0.5804296875	0.587705078125	0.591953125	0.595068359375	0.599833984375	0.609951171875	0.61337890625	0.617841796875	0.622724609375	0.627666015625	0.63361328125
0.000546875	0.001376953125	0.00388671875	0.046708984375	0.13173828125	0.204921875	0.260849609375	0.30064453125	0.33513671875	0.35900390625	0.38240234375	0.40330078125	0.418701171875	0.431005859375	0.44279296875	0.457509765625	0.47033203125	0.48623046875	0.494306640625	0.50171875	0.512197265625	0.51880859375	0.52771484375	0.533447265625	0.545634765625	0.54890625	0.558046875	0.563818359375	0.574697265625	0.57396484375	0.586416015625	0.587255859375	0.598681640625	0.603583984375	0.60796875	0.613564453125	0.6218359375	0.6234765625	0.6291015625	0.629921875	0.634716796875
0.00046875	0.001328125	0.003642578125	0.04810546875	0.132685546875	0.210166015625	0.25724609375	0.2976171875	0.32912109375	0.35626953125	0.3779296875	0.3972265625	0.410458984375	0.42478515625	0.439599609375	0.45568359375	0.462607421875	0.47689453125	0.4842578125	0.497099609375	0.501962890625	0.5166015625	0.52318359375	0.53185546875	0.539267578125	0.544150390625	0.55318359375	0.557998046875	0.568701171875	0.57455078125	0.580517578125	0.584150390625	0.5941015625	0.5982421875	0.60095703125	0.611337890625	0.613876953125	0.61857421875	0.62150390625	0.62595703125	0.633076171875
0.000537109375	0.00115234375	0.0033203125	0.04208984375	0.121875	0.187431640625	0.226884765625	0.276943359375	0.306259765625	0.3328515625	0.35505859375	0.3719140625	0.38998046875	0.407490234375	0.422109375	0.431220703125	0.439697265625	0.45556640625	0.464716796875	0.474091796875	0.48197265625	0.490068359375	0.497890625	0.506806640625	0.512861328125	0.519970703125	0.5263671875	0.534482421875	0.54142578125	0.54591796875	0.5546875	0.558974609375	0.56611328125	0.572607421875	0.578564453125	0.582333984375	0.591142578125	0.59310546875	0.59572265625	0.5999609375	0.606171875
