0.0009765625	0.00337890625	0.018125	0.58431640625	0.827490234375	0.64126953125	0.57384765625	0.55701171875	0.53884765625	0.53666015625	0.53640625	0.53498046875	0.539375	0.540341796875	0.5463671875	0.545869140625	0.549267578125	0.558173828125	0.557314453125	0.56005859375	0.569384765625	0.572431640625	0.57736328125	0.581220703125	0.583388671875	0.588935546875	0.588896484375	0.593125	0.5948046875	0.598740234375	0.600322265625	0.59900390625	0.603359375	0.604111328125	0.614423828125	0.606884765625	0.615263671875	0.61521484375	0.62390625	0.624833984375	0.622568359375
0.0009765625	0.0033984375	0.021650390625	0.583779296875	0.8169921875	0.913369140625	0.822939453125	0.68841796875	0.653974609375	0.636220703125	0.624111328125	0.626162109375	0.62474609375	0.622626953125	0.622978515625	0.63203125	0.628203125	0.630146484375	0.631640625	0.630361328125	0.6415234375	0.644091796875	0.64533203125	0.643974609375	0.650361328125	0.654052734375	0.65287109375	0.65640625	0.657666015625	0.654716796875	0.66564453125	0.66849609375	0.667587890625	0.670849609375	0.671806640625	0.67771484375	0.677587890625	0.677529296875	0.684296875	0.682958984375	0.687197265625
0.0009765625	0.003408203125	0.0120703125	0.547666015625	0.849619140625	0.918857421875	0.81572265625	0.6996484375	0.6581640625	0.635595703125	0.6319921875	0.6326171875	0.62615234375	0.62796875	0.625126953125	0.629853515625	0.632783203125	0.628974609375	0.63556640625	0.643388671875	0.64365234375	0.63939453125	0.64357421875	0.64888671875	0.646826171875	0.65775390625	0.65810546875	0.661455078125	0.663916015625	0.6609765625	0.66775390625	0.668056640625	0.672490234375	0.6701171875	0.6797265625	0.67802734375	0.67923828125	0.6790234375	0.682236328125	0.68400390625	0.687119140625
0.0009765625	0.002685546875	0.016181640625	0.602646484375	0.8480859375	0.919189453125	0.859814453125	0.68712890625	0.65896484375	0.64001953125	0.631796875	0.627353515625	0.62552734375	0.626728515625	0.626923828125	0.6273828125	0.6349609375	0.631982421875	0.633076171875	0.6326171875	0.641201171875	0.64130859375	0.64568359375	0.651044921875	0.6520703125	0.653154296875	0.65576171875	0.658154296875	0.6601953125	0.66435546875	0.663525390625	0.66609375	0.6727734375	0.671875	0.673798828125	0.6791796875	0.67537109375	0.681640625	0.681904296875	0.6825390625	0.6829296875
0.0009765625	0.002890625	0.021494140625	0.58478515625	0.848125	0.91302734375	0.858955078125	0.69279296875	0.659658203125	0.64521484375	0.630185546875	0.6243359375	0.625185546875	0.626875	0.63068359375	0.632509765625	0.630751953125	0.63626953125	0.634599609375	0.636337890625	0.641474609375	0.646015625	0.64517578125	0.646162109375	0.6544140625	0.65447265625	0.658837890625	0.6596484375	0.6655078125	0.6665234375	0.66853515625	0.663681640625	0.66921875	0.674130859375	0.67634765625	0.6775390625	0.67880859375	0.67828125	0.67919921875	0.6837109375	0.6887109375
0.0009765625	0.003125	0.02755859375	0.536650390625	0.849296875	0.918623046875	0.880556640625	0.708984375	0.670478515625	0.655673828125	0.635009765625	0.635908203125	0.626103515625	0.630634765625	0.621904296875	0.631845703125	0.629384765625	0.63541015625	0.6326171875	0.638388671875	0.645673828125	0.649150390625	0.642255859375	0.650185546875	0.64947265625	0.654326171875	0.659970703125	0.656767578125	0.66216796875	0.66431640625	0.66708984375	0.664365234375	0.669345703125	0.671630859375	0.672373046875	0.6770703125	0.679521484375	0.680380859375	0.68470703125	0.68498046875	0.688017578125
0.0009765625	0.003544921875	0.016748046875	0.573984375	0.8525390625	0.914765625	0.924072265625	0.72154296875	0.677431640625	0.655537109375	0.639521484375	0.64087890625	0.634912109375	0.636142578125	0.633515625	0.634775390625	0.63466796875	0.637041015625	0.640693359375	0.64345703125	0.646083984375	0.649384765625	0.650712890625	0.65291015625	0.656279296875	0.6573828125	0.65642578125	0.663681640625	0.664970703125	0.667861328125	0.669560546875	0.6690234375	0.67833984375	0.67466796875	0.68009765625	0.67830078125	0.684501953125	0.683134765625	0.686484375	0.689267578125	0.692578125
0.0009765625	0.00255859375	0.02130859375	0.494736328125	0.85013671875	0.92251953125	0.936171875	0.814287109375	0.70115234375	0.683779296875	0.65939453125	0.65048828125	0.648388671875	0.64681640625	0.646484375	0.65263671875	0.64962890625	0.65275390625	0.65322265625	0.653427734375	0.6598828125	0.65953125	0.66099609375	0.6639453125	0.668759765625	0.668115234375	0.67009765625	0.67220703125	0.67435546875	0.677373046875	0.680625	0.680498046875	0.686650390625	0.684609375	0.689970703125	0.68814453125	0.6883203125	0.69087890625	0.690224609375	0.6962890625	0.6990234375
0.0009765625	0.00337890625	0.01646484375	0.552509765625	0.852294921875	0.91669921875	0.926640625	0.804296875	0.69830078125	0.66751953125	0.6615234375	0.651513671875	0.6426953125	0.640625	0.64197265625	0.645087890625	0.6470703125	0.650654296875	0.65009765625	0.65330078125	0.656171875	0.658486328125	0.65365234375	0.658955078125	0.663388671875	0.661103515625	0.666943359375	0.664716796875	0.67416015625	0.674765625	0.675830078125	0.677216796875	0.6810546875	0.683701171875	0.67935546875	0.68802734375	0.685048828125	0.68859375	0.692666015625	0.693115234375	0.696650390625
0.0009765625	0.00296875	0.021025390625	0.591123046875	0.845693359375	0.9179296875	0.94123046875	0.874833984375	0.714013671875	0.676806640625	0.664140625	0.650302734375	0.65544921875	0.65013671875	0.649345703125	0.652724609375	0.6463671875	0.64625	0.653310546875	0.65654296875	0.658662109375	0.65912109375	0.661640625	0.662861328125	0.663271484375	0.66884765625	0.67154296875	0.672568359375	0.6747265625	0.67712890625	0.676669921875	0.681787109375	0.6842578125	0.683759765625	0.6850390625	0.688212890625	0.692529296875	0.6895703125	0.69384765625	0.69392578125	0.69734375
0.0009765625	0.002890625	0.020546875	0.5385546875	0.8526953125	0.92478515625	0.93755859375	0.87359375	0.733837890625	0.69609375	0.67087890625	0.6631640625	0.6576953125	0.6509765625	0.647119140625	0.641728515625	0.649453125	0.651708984375	0.65107421875	0.65357421875	0.65955078125	0.65771484375	0.6619140625	0.662548828125	0.663623046875	0.6678125	0.670166015625	0.674208984375	0.676328125	0.6781640625	0.68060546875	0.68287109375	0.68224609375	0.6850390625	0.688466796875	0.691572265625	0.693828125	0.693173828125	0.695107421875	0.699150390625	0.698271484375
0.0009765625	0.003212890625	0.024697265625	0.526650390625	0.819716796875	0.929794921875	0.951708984375	0.952314453125	0.922255859375	0.770458984375	0.70908203125	0.684912109375	0.680791015625	0.678798828125	0.670107421875	0.671708984375	0.676845703125	0.673642578125	0.6723828125	0.675888671875	0.67529296875	0.678984375	0.677421875	0.67982421875	0.68408203125	0.688759765625	0.68630859375	0.689306640625	0.69326171875	0.694189453125	0.69763671875	0.694599609375	0.698203125	0.700341796875	0.698798828125	0.706083984375	0.704482421875	0.70427734375	0.706279296875	0.71228515625	0.7094921875
0.0009765625	0.003232421875	0.0175390625	0.503427734375	0.852861328125	0.92376953125	0.9528515625	0.956875	0.946103515625	0.8463671875	0.721083984375	0.700673828125	0.683623046875	0.679853515625	0.684443359375	0.673837890625	0.674453125	0.67765625	0.67201171875	0.67685546875	0.681123046875	0.682822265625	0.68537109375	0.685869140625	0.68873046875	0.68689453125	0.692802734375	0.69373046875	0.693505859375	0.6926953125	0.696904296875	0.702998046875	0.7028515625	0.69865234375	0.706005859375	0.705146484375	0.707919921875	0.709716796875	0.710322265625	0.717001953125	0.712109375
0.0009765625	0.00318359375	0.024306640625	0.58482421875	0.85404296875	0.928388671875	0.9547265625	0.9589453125	0.938515625	0.87412109375	0.74380859375	0.702314453125	0.696298828125	0.6894921875	0.68701171875	0.68947265625	0.68681640625	0.684111328125	0.68353515625	0.68251953125	0.68205078125	0.68650390625	0.685888671875	0.68998046875	0.6923046875	0.697236328125	0.697490234375	0.696708984375	0.700595703125	0.698837890625	0.704208984375	0.705087890625	0.707138671875	0.710615234375	0.71123046875	0.712392578125	0.714140625	0.71826171875	0.716162109375	0.721416015625	0.721318359375
0.0009765625	0.003271484375	0.023564453125	0.582607421875	0.820517578125	0.932265625	0.95953125	0.963740234375	0.960322265625	0.94580078125	0.905751953125	0.868359375	0.81720703125	0.77767578125	0.763271484375	0.72384765625	0.7214453125	0.716396484375	0.708359375	0.706455078125	0.71330078125	0.71408203125	0.71169921875	0.714853515625	0.71705078125	0.721396484375	0.71931640625	0.720751953125	0.72482421875	0.726416015625	0.728203125	0.73275390625	0.732470703125	0.73455078125	0.736572265625	0.73822265625	0.739287109375	0.744326171875	0.74587890625	0.7464453125	0.74814453125
0.0009765625	0.003720703125	0.02005859375	0.52203125	0.85345703125	0.9315234375	0.96	0.967216796875	0.96591796875	0.955634765625	0.93400390625	0.91533203125	0.8674609375	0.824990234375	0.810107421875	0.777978515625	0.75357421875	0.722119140625	0.7372265625	0.71994140625	0.71361328125	0.7198828125	0.71255859375	0.717421875	0.720244140625	0.719619140625	0.72484375	0.726240234375	0.727041015625	0.732939453125	0.734931640625	0.735634765625	0.738671875	0.73693359375	0.738779296875	0.742646484375	0.744404296875	0.745849609375	0.746875	0.749794921875	0.748994140625
0.0009765625	0.00302734375	0.01181640625	0.59794921875	0.8606640625	0.937958984375	0.963359375	0.968984375	0.96787109375	0.96408203125	0.95849609375	0.94177734375	0.928798828125	0.91359375	0.899619140625	0.890029296875	0.87875	0.866416015625	0.862021484375	0.863642578125	0.86033203125	0.847333984375	0.851494140625	0.847265625	0.838056640625	0.839384765625	0.825634765625	0.830322265625	0.8304296875	0.832685546875	0.819248046875	0.81482421875	0.803994140625	0.797666015625	0.813486328125	0.78970703125	0.796025390625	0.79833984375	0.79138671875	0.789765625	0.79826171875
0.0009765625	0.003466796875	0.033310546875	0.516298828125	0.861240234375	0.936005859375	0.95728515625	0.96671875	0.970322265625	0.966884765625	0.96318359375	0.9573828125	0.949990234375	0.945048828125	0.941611328125	0.936943359375	0.935166015625	0.92166015625	0.921865234375	0.92234375	0.91611328125	0.9148046875	0.91080078125	0.914296875	0.906328125	0.90283203125	0.898740234375	0.89875	0.905703125	0.894755859375	0.890732421875	0.899462890625	0.89048828125	0.895908203125	0.876083984375	0.882607421875	0.876552734375	0.874580078125	0.87666015625	0.87904296875	0.881064453125
0.0009765625	0.00283203125	0.019951171875	0.50701171875	0.85458984375	0.9355859375	0.962509765625	0.969404296875	0.97255859375	0.970087890625	0.9684765625	0.965703125	0.962802734375	0.96064453125	0.959345703125	0.957353515625	0.956064453125	0.95158203125	0.953701171875	0.950498046875	0.949296875	0.945	0.943251953125	0.939990234375	0.938193359375	0.936689453125	0.930068359375	0.935947265625	0.9321484375	0.933486328125	0.9296484375	0.927412109375	0.922509765625	0.9218359375	0.924306640625	0.920126953125	0.9194140625	0.9133203125	0.91462890625	0.9075	0.910380859375
0.0009765625	0.002978515625	0.016533203125	0.549638671875	0.827353515625	0.93296875	0.9634765625	0.971162109375	0.973359375	0.972431640625	0.9717578125	0.9714453125	0.97033203125	0.967626953125	0.96828125	0.969072265625	0.96962890625	0.967294921875	0.967373046875	0.96640625	0.96681640625	0.964287109375	0.966181640625	0.965908203125	0.96416015625	0.9650390625	0.964580078125	0.961142578125	0.96248046875	0.963125	0.961455078125	0.9597265625	0.9576953125	0.95515625	0.954736328125	0.95638671875	0.95515625	0.95365234375	0.95669921875	0.950498046875	0.9560546875
0.0009765625	0.003369140625	0.019228515625	0.56029296875	0.858408203125	0.935029296875	0.9604296875	0.968349609375	0.971845703125	0.9716015625	0.970810546875	0.97017578125	0.968583984375	0.9691015625	0.96904296875	0.968115234375	0.968896484375	0.96818359375	0.968974609375	0.96701171875	0.967529296875	0.96921875	0.970244140625	0.9683203125	0.9699609375	0.969892578125	0.9695703125	0.96939453125	0.969970703125	0.971552734375	0.971083984375	0.97083984375	0.9689453125	0.970400390625	0.968291015625	0.970673828125	0.97044921875	0.971591796875	0.969541015625	0.971845703125	0.966728515625
0.0009765625	0.003466796875	0.02060546875	0.52072265625	0.86294921875	0.936162109375	0.964033203125	0.97486328125	0.977119140625	0.977509765625	0.9786328125	0.97962890625	0.979794921875	0.9791796875	0.97958984375	0.980927734375	0.9802734375	0.9815625	0.98125	0.981376953125	0.982119140625	0.9828515625	0.98349609375	0.98283203125	0.984248046875	0.98466796875	0.984169921875	0.984462890625	0.9845703125	0.984443359375	0.98509765625	0.986494140625	0.986572265625	0.987353515625	0.98615234375	0.987216796875	0.988154296875	0.9876171875	0.98654296875	0.987177734375	0.987900390625
0.0009765625	0.003466796875	0.02224609375	0.562646484375	0.856591796875	0.93712890625	0.964208984375	0.97134765625	0.977119140625	0.97978515625	0.979296875	0.97970703125	0.980400390625	0.980302734375	0.981162109375	0.980947265625	0.982041015625	0.982470703125	0.9830078125	0.983193359375	0.983525390625	0.9843359375	0.983173828125	0.98501953125	0.986318359375	0.985166015625	0.9860546875	0.986103515625	0.985341796875	0.9869140625	0.986416015625	0.987578125	0.9870703125	0.987666015625	0.9870703125	0.98802734375	0.98755859375	0.987890625	0.987998046875	0.9893359375	0.989267578125
0.0009765625	0.003251953125	0.0252734375	0.52466796875	0.854482421875	0.9326953125	0.962265625	0.973017578125	0.976416015625	0.978349609375	0.980302734375	0.980791015625	0.9813671875	0.98095703125	0.981279296875	0.9828515625	0.9826171875	0.9839453125	0.98375	0.983681640625	0.985263671875	0.98548828125	0.986103515625	0.985634765625	0.986923828125	0.986796875	0.98630859375	0.98744140625	0.987841796875	0.9876953125	0.987841796875	0.98837890625	0.98916015625	0.988740234375	0.98908203125	0.988955078125	0.989521484375	0.98900390625	0.98943359375	0.989248046875	0.990478515625
0.0009765625	0.00291015625	0.02498046875	0.5390234375	0.85982421875	0.930087890625	0.963310546875	0.9706640625	0.975830078125	0.978896484375	0.979921875	0.979921875	0.981474609375	0.981689453125	0.982265625	0.982861328125	0.983525390625	0.984921875	0.98412109375	0.984677734375	0.98501953125	0.986484375	0.98658203125	0.986513671875	0.987353515625	0.987490234375	0.987451171875	0.98873046875	0.988330078125	0.988701171875	0.988720703125	0.989208984375	0.989208984375	0.989833984375	0.989931640625	0.98966796875	0.98982421875	0.9906640625	0.990361328125	0.990341796875	0.991220703125
0.0009765625	0.00248046875	0.01728515625	0.606044921875	0.853623046875	0.931328125	0.961279296875	0.971982421875	0.97591796875	0.97927734375	0.980341796875	0.981474609375	0.9821484375	0.98484375	0.98404296875	0.985400390625	0.986181640625	0.986953125	0.988095703125	0.9879296875	0.98923828125	0.989443359375	0.989501953125	0.990771484375	0.990712890625	0.99068359375	0.99060546875	0.991494140625	0.991669921875	0.99234375	0.99265625	0.992763671875	0.992685546875	0.993408203125	0.99234375	0.993447265625	0.993701171875	0.99388671875	0.99404296875	0.994208984375	0.99404296875
0.0009765625	0.003046875	0.01435546875	0.56765625	0.8576953125	0.932880859375	0.96314453125	0.97310546875	0.97833984375	0.981796875	0.98384765625	0.9853125	0.98658203125	0.98787109375	0.988251953125	0.98912109375	0.989521484375	0.990390625	0.99044921875	0.9918359375	0.992158203125	0.99275390625	0.993076171875	0.993701171875	0.99404296875	0.993896484375	0.99482421875	0.994814453125	0.995380859375	0.99509765625	0.99552734375	0.99544921875	0.99623046875	0.9964453125	0.996435546875	0.99677734375	0.9966015625	0.99724609375	0.9969921875	0.997431640625	0.997314453125
0.0009765625	0.003359375	0.0137109375	0.54134765625	0.8576953125	0.9344921875	0.959345703125	0.974326171875	0.979296875	0.982412109375	0.984541015625	0.9850390625	0.986806640625	0.987373046875	0.989365234375	0.989619140625	0.99056640625	0.991396484375	0.9914453125	0.991904296875	0.992958984375	0.99328125	0.994013671875	0.993974609375	0.99443359375	0.995009765625	0.994775390625	0.99546875	0.99587890625	0.99576171875	0.99630859375	0.996630859375	0.996708984375	0.99697265625	0.99708984375	0.997197265625	0.997265625	0.997763671875	0.997783203125	0.997392578125	0.997646484375
0.0009765625	0.00287109375	0.022802734375	0.50580078125	0.8549609375	0.929365234375	0.960322265625	0.97330078125	0.979599609375	0.98310546875	0.98455078125	0.98580078125	0.987158203125	0.989501953125	0.98966796875	0.99044921875	0.99111328125	0.991650390625	0.992080078125	0.99302734375	0.993681640625	0.993623046875	0.994375	0.99435546875	0.995244140625	0.995166015625	0.99572265625	0.996484375	0.995693359375	0.9957421875	0.996611328125	0.9969140625	0.996650390625	0.997041015625	0.9973046875	0.99712890625	0.99759765625	0.9978125	0.9975390625	0.998017578125	0.998046875
0.0009765625	0.0030859375	0.0148828125	0.531806640625	0.855576171875	0.929091796875	0.962138671875	0.972421875	0.979423828125	0.98212890625	0.983857421875	0.98619140625	0.987392578125	0.988232421875	0.989970703125	0.990361328125	0.991298828125	0.99158203125	0.99232421875	0.99314453125	0.993349609375	0.994169921875	0.994931640625	0.994921875	0.994912109375	0.995615234375	0.995859375	0.995625	0.996337890625	0.99654296875	0.996962890625	0.9970703125	0.997333984375	0.9971484375	0.99744140625	0.997763671875	0.997734375	0.99822265625	0.99791015625	0.998232421875	0.99822265625
0.0009765625	0.00328125	0.027880859375	0.581357421875	0.849892578125	0.927958984375	0.958515625	0.9722265625	0.97765625	0.981337890625	0.983623046875	0.98505859375	0.986259765625	0.98748046875	0.98890625	0.990517578125	0.990673828125	0.9917578125	0.992099609375	0.99302734375	0.992939453125	0.993603515625	0.994619140625	0.994736328125	0.99470703125	0.995283203125	0.995595703125	0.9958984375	0.99626953125	0.996455078125	0.997197265625	0.996884765625	0.997041015625	0.99734375	0.997509765625	0.997265625	0.99763671875	0.99810546875	0.997763671875	0.99796875	0.998369140625
0.0009765625	0.002626953125	0.01697265625	0.557216796875	0.847080078125	0.931396484375	0.958173828125	0.971279296875	0.977470703125	0.982724609375	0.984912109375	0.98685546875	0.988115234375	0.989345703125	0.991005859375	0.991396484375	0.992548828125	0.99275390625	0.9935546875	0.994326171875	0.99509765625	0.995712890625	0.9960546875	0.99609375	0.99634765625	0.99701171875	0.996748046875	0.997421875	0.997548828125	0.99775390625	0.997822265625	0.9977734375	0.998037109375	0.998203125	0.998359375	0.998544921875	0.99865234375	0.998623046875	0.99892578125	0.998935546875	0.99892578125
0.0009765625	0.00263671875	0.027470703125	0.564970703125	0.8548828125	0.92896484375	0.9584375	0.970712890625	0.977080078125	0.981982421875	0.984375	0.98673828125	0.988203125	0.989677734375	0.990517578125	0.992197265625	0.992783203125	0.993564453125	0.9937890625	0.994697265625	0.9952734375	0.99541015625	0.9960546875	0.995771484375	0.9966796875	0.996611328125	0.997158203125	0.997001953125	0.997666015625	0.997900390625	0.997998046875	0.9978515625	0.997890625	0.99830078125	0.99837890625	0.998583984375	0.998564453125	0.998759765625	0.99888671875	0.99890625	0.9990625
0.0009765625	0.002509765625	0.023740234375	0.576865234375	0.8490625	0.924296875	0.956982421875	0.9717578125	0.97966796875	0.983583984375	0.986259765625	0.987275390625	0.989130859375	0.990673828125	0.99099609375	0.99228515625	0.99361328125	0.993916015625	0.994287109375	0.99533203125	0.99521484375	0.995869140625	0.9958984375	0.99615234375	0.99666015625	0.9969921875	0.99748046875	0.99755859375	0.99763671875	0.9978515625	0.9974609375	0.998291015625	0.998291015625	0.998349609375	0.998408203125	0.99865234375	0.99857421875	0.998896484375	0.998828125	0.998798828125	0.998955078125
0.0009765625	0.003203125	0.017646484375	0.519755859375	0.80548828125	0.92482421875	0.9554296875	0.969345703125	0.976025390625	0.982080078125	0.983154296875	0.987548828125	0.988642578125	0.990126953125	0.990625	0.99236328125	0.99279296875	0.993896484375	0.994140625	0.99544921875	0.995654296875	0.99591796875	0.996171875	0.997080078125	0.996982421875	0.9971484375	0.99740234375	0.997763671875	0.997744140625	0.998359375	0.998232421875	0.99837890625	0.998740234375	0.99873046875	0.998837890625	0.99884765625	0.998828125	0.999072265625	0.998984375	0.99896484375	0.99919921875
0.0009765625	0.003173828125	0.025576171875	0.5002734375	0.806552734375	0.9230859375	0.955224609375	0.969599609375	0.97759765625	0.9818359375	0.984111328125	0.98689453125	0.987373046875	0.99017578125	0.990859375	0.9918359375	0.992685546875	0.994013671875	0.99466796875	0.995419921875	0.995830078125	0.995751953125	0.996279296875	0.996796875	0.99712890625	0.99724609375	0.997880859375	0.997841796875	0.998232421875	0.997939453125	0.9983984375	0.9985546875	0.998408203125	0.99869140625	0.998623046875	0.99876953125	0.998857421875	0.99912109375	0.999267578125	0.999150390625	0.999189453125
0.0009765625	0.00341796875	0.021171875	0.57443359375	0.8419921875	0.92361328125	0.9560546875	0.96970703125	0.977060546875	0.9804296875	0.983984375	0.986767578125	0.988076171875	0.990498046875	0.99154296875	0.992470703125	0.99314453125	0.994130859375	0.994326171875	0.9946484375	0.995556640625	0.995751953125	0.9966015625	0.99689453125	0.996904296875	0.9973828125	0.9974609375	0.997626953125	0.997900390625	0.998173828125	0.9984375	0.998466796875	0.998671875	0.99857421875	0.99875	0.998837890625	0.99890625	0.99888671875	0.999169921875	0.99912109375	0.99919921875
0.0009765625	0.003173828125	0.02123046875	0.5457421875	0.837275390625	0.92322265625	0.957578125	0.968896484375	0.9775390625	0.980771484375	0.984072265625	0.98638671875	0.988701171875	0.99013671875	0.990859375	0.992314453125	0.99365234375	0.99423828125	0.994501953125	0.9952734375	0.99572265625	0.995859375	0.99650390625	0.996904296875	0.9971875	0.99720703125	0.997734375	0.99787109375	0.99796875	0.998291015625	0.998203125	0.99857421875	0.99875	0.99865234375	0.998759765625	0.998955078125	0.998857421875	0.999140625	0.999208984375	0.99916015625	0.9992578125
0.0009765625	0.003076171875	0.018515625	0.56416015625	0.843466796875	0.923388671875	0.95626953125	0.97208984375	0.977509765625	0.982490234375	0.98474609375	0.987080078125	0.98919921875	0.99078125	0.991728515625	0.99244140625	0.99361328125	0.99427734375	0.99474609375	0.994912109375	0.996025390625	0.996416015625	0.9963671875	0.996923828125	0.997373046875	0.997607421875	0.997509765625	0.998173828125	0.9980078125	0.998154296875	0.99802734375	0.998349609375	0.998681640625	0.99890625	0.99890625	0.9987109375	0.99900390625	0.99904296875	0.999130859375	0.999287109375	0.99935546875
0.0009765625	0.00349609375	0.022607421875	0.581982421875	0.842666015625	0.92603515625	0.95501953125	0.969287109375	0.977197265625	0.981416015625	0.984716796875	0.986728515625	0.9887890625	0.990234375	0.991396484375	0.99251953125	0.993076171875	0.993916015625	0.99478515625	0.994951171875	0.995380859375	0.996181640625	0.996328125	0.99681640625	0.997177734375	0.99740234375	0.99763671875	0.998125	0.9980859375	0.99841796875	0.998603515625	0.99833984375	0.998544921875	0.99853515625	0.9985546875	0.99892578125	0.998837890625	0.998828125	0.99927734375	0.999013671875	0.99931640625
0.0009765625	0.003271484375	0.018701171875	0.482744140625	0.802158203125	0.895048828125	0.93166015625	0.952490234375	0.963330078125	0.971083984375	0.975302734375	0.978564453125	0.98080078125	0.984609375	0.986181640625	0.98720703125	0.989638671875	0.990166015625	0.991435546875	0.992353515625	0.993154296875	0.993837890625	0.99419921875	0.9949609375	0.995537109375	0.995859375	0.9959375	0.996181640625	0.99654296875	0.997001953125	0.997421875	0.997529296875	0.997919921875	0.9981640625	0.99791015625	0.99826171875	0.998203125	0.998154296875	0.998427734375	0.998564453125	0.99884765625
