0.0009765625	0.003291015625	0.019033203125	0.561875	0.824697265625	0.742587890625	0.611630859375	0.5569140625	0.55611328125	0.517314453125	0.549208984375	0.543466796875	0.54453125	0.530791015625	0.550537109375	0.540712890625	0.545	0.5382421875	0.565771484375	0.550244140625	0.568740234375	0.560029296875	0.57203125	0.57298828125	0.56904296875	0.57259765625	0.590966796875	0.586923828125	0.572607421875	0.5997265625	0.593125	0.595341796875	0.5988671875	0.595888671875	0.59966796875	0.5955078125	0.620673828125	0.620947265625	0.6158203125	0.612685546875	0.619267578125
0.0009765625	0.003056640625	0.022255859375	0.57134765625	0.853251953125	0.922490234375	0.823056640625	0.715908203125	0.66287109375	0.619208984375	0.643515625	0.627783203125	0.6214453125	0.615263671875	0.622138671875	0.615390625	0.6178125	0.626201171875	0.628154296875	0.628828125	0.6274609375	0.630107421875	0.625283203125	0.62041015625	0.639931640625	0.65060546875	0.645078125	0.647841796875	0.661826171875	0.664677734375	0.66078125	0.654873046875	0.655859375	0.660068359375	0.674951171875	0.6708203125	0.6594921875	0.67056640625	0.667607421875	0.667177734375	0.680986328125
0.0009765625	0.00294921875	0.0196484375	0.56765625	0.84875	0.92529296875	0.8596875	0.7307421875	0.660615234375	0.6621484375	0.6368359375	0.622001953125	0.6275	0.60572265625	0.628876953125	0.62845703125	0.625986328125	0.61720703125	0.6251953125	0.627763671875	0.6407421875	0.63595703125	0.626474609375	0.6521875	0.6351171875	0.64919921875	0.65837890625	0.6442578125	0.652626953125	0.668701171875	0.659111328125	0.665087890625	0.660615234375	0.657978515625	0.672099609375	0.66921875	0.674833984375	0.668564453125	0.67326171875	0.672734375	0.681640625
0.0009765625	0.003310546875	0.02197265625	0.529130859375	0.819990234375	0.912744140625	0.85841796875	0.684501953125	0.66107421875	0.637265625	0.640927734375	0.63951171875	0.610810546875	0.62716796875	0.631630859375	0.62921875	0.608544921875	0.64130859375	0.630361328125	0.632998046875	0.627490234375	0.64333984375	0.637255859375	0.652666015625	0.6471484375	0.64306640625	0.64349609375	0.65466796875	0.650830078125	0.653955078125	0.6532421875	0.660302734375	0.677177734375	0.67484375	0.664033203125	0.661259765625	0.66982421875	0.6664453125	0.673583984375	0.67455078125	0.683515625
0.0009765625	0.003232421875	0.019638671875	0.574404296875	0.847626953125	0.922060546875	0.8408203125	0.7087109375	0.6507421875	0.6570703125	0.631337890625	0.623330078125	0.625390625	0.62544921875	0.626005859375	0.625546875	0.635673828125	0.62814453125	0.62392578125	0.6476171875	0.6338671875	0.6312109375	0.6379296875	0.652958984375	0.653486328125	0.655146484375	0.647509765625	0.64865234375	0.65671875	0.651015625	0.660830078125	0.6608203125	0.653505859375	0.672177734375	0.663388671875	0.6767578125	0.668369140625	0.67580078125	0.675751953125	0.68046875	0.683642578125
0.0009765625	0.00302734375	0.017314453125	0.57826171875	0.852265625	0.924248046875	0.83	0.709580078125	0.67357421875	0.656572265625	0.643037109375	0.63328125	0.608603515625	0.633046875	0.6293359375	0.63546875	0.62134765625	0.62859375	0.63525390625	0.633046875	0.632470703125	0.638583984375	0.642578125	0.635029296875	0.647294921875	0.659072265625	0.652646484375	0.67287109375	0.663232421875	0.669208984375	0.6630859375	0.673056640625	0.66083984375	0.66189453125	0.68162109375	0.64763671875	0.6760546875	0.66064453125	0.689716796875	0.686015625	0.677412109375
0.0009765625	0.002705078125	0.033232421875	0.590234375	0.85435546875	0.91693359375	0.87224609375	0.769423828125	0.696806640625	0.662119140625	0.63970703125	0.638818359375	0.627578125	0.632421875	0.62837890625	0.63978515625	0.631318359375	0.625654296875	0.64095703125	0.629345703125	0.640986328125	0.6470703125	0.641552734375	0.649765625	0.638427734375	0.643408203125	0.664296875	0.65765625	0.657001953125	0.655322265625	0.680048828125	0.662001953125	0.666064453125	0.6719921875	0.6621875	0.67751953125	0.677275390625	0.678359375	0.6805859375	0.671064453125	0.6736328125
0.0009765625	0.002646484375	0.023427734375	0.584892578125	0.85572265625	0.92482421875	0.92234375	0.8762109375	0.724130859375	0.692099609375	0.665283203125	0.645888671875	0.6534765625	0.639775390625	0.65255859375	0.6480859375	0.646796875	0.65822265625	0.654404296875	0.64884765625	0.64984375	0.65822265625	0.671806640625	0.657919921875	0.666328125	0.65861328125	0.671552734375	0.66021484375	0.677734375	0.675166015625	0.662685546875	0.671630859375	0.673115234375	0.68390625	0.683583984375	0.685556640625	0.6875	0.6965234375	0.691640625	0.687021484375	0.685517578125
0.0009765625	0.003388671875	0.028916015625	0.619873046875	0.855439453125	0.922412109375	0.929482421875	0.82330078125	0.73431640625	0.649736328125	0.65462890625	0.64044921875	0.637548828125	0.626669921875	0.62505859375	0.631171875	0.64484375	0.633203125	0.64318359375	0.639150390625	0.6355859375	0.65873046875	0.650107421875	0.649814453125	0.6574609375	0.6540234375	0.656884765625	0.649619140625	0.6683203125	0.6722265625	0.683046875	0.668173828125	0.663408203125	0.68681640625	0.680361328125	0.68431640625	0.68515625	0.6843359375	0.6848828125	0.685068359375	0.68017578125
0.0009765625	0.002490234375	0.01388671875	0.545673828125	0.848681640625	0.920498046875	0.94080078125	0.84134765625	0.736083984375	0.68369140625	0.66138671875	0.655	0.651845703125	0.642373046875	0.65060546875	0.636748046875	0.649775390625	0.64154296875	0.646064453125	0.6426953125	0.660205078125	0.653212890625	0.655703125	0.651923828125	0.6475390625	0.666416015625	0.6595703125	0.66087890625	0.676337890625	0.666591796875	0.6674609375	0.664638671875	0.67828125	0.6799609375	0.67431640625	0.677958984375	0.676767578125	0.680703125	0.68951171875	0.681220703125	0.68798828125
0.0009765625	0.002578125	0.020283203125	0.604130859375	0.852939453125	0.927041015625	0.943505859375	0.885087890625	0.729521484375	0.698251953125	0.65943359375	0.6403515625	0.63654296875	0.63740234375	0.635341796875	0.64697265625	0.63244140625	0.6378125	0.64568359375	0.648974609375	0.650986328125	0.64701171875	0.6542578125	0.6593359375	0.665771484375	0.664873046875	0.657578125	0.6606640625	0.67888671875	0.67076171875	0.675625	0.677431640625	0.68173828125	0.68884765625	0.6867578125	0.6635546875	0.682509765625	0.68564453125	0.691796875	0.68625	0.6832421875
0.0009765625	0.00349609375	0.01921875	0.565302734375	0.858505859375	0.9273046875	0.94935546875	0.95455078125	0.903271484375	0.77869140625	0.716298828125	0.674453125	0.67609375	0.6701953125	0.646240234375	0.652802734375	0.66986328125	0.656669921875	0.658408203125	0.671279296875	0.663701171875	0.666357421875	0.669462890625	0.6759375	0.672080078125	0.674912109375	0.67654296875	0.6847265625	0.678564453125	0.69216796875	0.68603515625	0.687568359375	0.68333984375	0.69021484375	0.685361328125	0.69025390625	0.6841015625	0.6982421875	0.7001171875	0.693037109375	0.70283203125
0.0009765625	0.002861328125	0.019736328125	0.620908203125	0.858994140625	0.929384765625	0.953232421875	0.957119140625	0.925537109375	0.785869140625	0.71923828125	0.68140625	0.681015625	0.68623046875	0.67587890625	0.671064453125	0.665498046875	0.67802734375	0.672001953125	0.66369140625	0.669794921875	0.667490234375	0.67044921875	0.6689453125	0.67521484375	0.675703125	0.68734375	0.686748046875	0.67380859375	0.69544921875	0.686396484375	0.686357421875	0.699462890625	0.703466796875	0.691611328125	0.69130859375	0.694560546875	0.69751953125	0.706572265625	0.69529296875	0.702490234375
0.0009765625	0.003544921875	0.01572265625	0.618857421875	0.855185546875	0.93189453125	0.953447265625	0.955224609375	0.931787109375	0.8156640625	0.740185546875	0.70470703125	0.688408203125	0.68001953125	0.665	0.68619140625	0.676572265625	0.681279296875	0.675068359375	0.6775	0.67650390625	0.682021484375	0.678349609375	0.67443359375	0.67869140625	0.687431640625	0.68884765625	0.695400390625	0.689892578125	0.696875	0.700361328125	0.69498046875	0.692529296875	0.7047265625	0.698486328125	0.70587890625	0.70177734375	0.711904296875	0.701337890625	0.714287109375	0.7176171875
0.0009765625	0.0034375	0.019853515625	0.59046875	0.82412109375	0.896962890625	0.956044921875	0.963486328125	0.958076171875	0.9349609375	0.879619140625	0.79685546875	0.756533203125	0.70794921875	0.710732421875	0.701552734375	0.692734375	0.691123046875	0.698583984375	0.70466796875	0.709697265625	0.70041015625	0.710673828125	0.694931640625	0.709013671875	0.711357421875	0.7108984375	0.712490234375	0.71392578125	0.709912109375	0.717744140625	0.7144921875	0.720927734375	0.724228515625	0.728681640625	0.73650390625	0.734853515625	0.728671875	0.741826171875	0.740283203125	0.73833984375
0.0009765625	0.002998046875	0.022109375	0.592626953125	0.8620703125	0.936435546875	0.95955078125	0.965634765625	0.963876953125	0.94837890625	0.922470703125	0.854638671875	0.821845703125	0.77322265625	0.747529296875	0.7188671875	0.700595703125	0.6977734375	0.698115234375	0.70232421875	0.70625	0.710791015625	0.706904296875	0.7119921875	0.71794921875	0.696904296875	0.712841796875	0.7295703125	0.717080078125	0.71375	0.726005859375	0.715927734375	0.721923828125	0.72669921875	0.7309375	0.7360546875	0.735263671875	0.736826171875	0.737890625	0.73861328125	0.748994140625
0.0009765625	0.0033984375	0.020927734375	0.554326171875	0.8612109375	0.93412109375	0.963115234375	0.969931640625	0.9666796875	0.9612890625	0.950859375	0.9312109375	0.90966796875	0.88890625	0.878642578125	0.853720703125	0.842373046875	0.818935546875	0.827685546875	0.820439453125	0.821064453125	0.814169921875	0.799365234375	0.79986328125	0.79029296875	0.780966796875	0.78861328125	0.77859375	0.76642578125	0.75181640625	0.76572265625	0.76283203125	0.763388671875	0.760185546875	0.745126953125	0.75962890625	0.749990234375	0.746884765625	0.75677734375	0.766533203125	0.752255859375
0.0009765625	0.003349609375	0.025009765625	0.568515625	0.8555859375	0.937919921875	0.962353515625	0.96998046875	0.9678515625	0.966630859375	0.960947265625	0.9529296875	0.9491015625	0.9432421875	0.9383984375	0.92615234375	0.92728515625	0.918837890625	0.90978515625	0.906328125	0.907001953125	0.897568359375	0.896533203125	0.888583984375	0.89115234375	0.886279296875	0.88611328125	0.885927734375	0.8771875	0.881455078125	0.87787109375	0.867734375	0.869404296875	0.874697265625	0.865234375	0.857333984375	0.8521484375	0.85841796875	0.852255859375	0.85634765625	0.853681640625
0.0009765625	0.0030078125	0.02423828125	0.602626953125	0.82779296875	0.936923828125	0.962666015625	0.930849609375	0.970087890625	0.97234375	0.97095703125	0.965986328125	0.964287109375	0.960908203125	0.958720703125	0.95392578125	0.951640625	0.950439453125	0.944912109375	0.945029296875	0.93923828125	0.941357421875	0.9399609375	0.934541015625	0.925615234375	0.93158203125	0.929619140625	0.924541015625	0.921591796875	0.91787109375	0.918779296875	0.91818359375	0.915947265625	0.913154296875	0.909140625	0.906181640625	0.904638671875	0.90099609375	0.896171875	0.891640625	0.8987109375
0.0009765625	0.002666015625	0.0169140625	0.542822265625	0.8668359375	0.935048828125	0.961640625	0.968798828125	0.971630859375	0.975322265625	0.97140625	0.971181640625	0.969267578125	0.968740234375	0.9694140625	0.968525390625	0.966611328125	0.966455078125	0.965419921875	0.967099609375	0.965634765625	0.963671875	0.96494140625	0.965615234375	0.965224609375	0.964140625	0.960576171875	0.959814453125	0.95953125	0.954111328125	0.958095703125	0.961171875	0.95583984375	0.954287109375	0.95318359375	0.954072265625	0.94994140625	0.95013671875	0.94705078125	0.94796875	0.945498046875
0.0009765625	0.002470703125	0.02251953125	0.56185546875	0.823173828125	0.9375390625	0.96091796875	0.9679296875	0.971201171875	0.970166015625	0.972197265625	0.970390625	0.969189453125	0.967099609375	0.967802734375	0.968017578125	0.969541015625	0.96748046875	0.970546875	0.96947265625	0.97080078125	0.9705859375	0.97208984375	0.971181640625	0.969892578125	0.97244140625	0.97236328125	0.97224609375	0.9715234375	0.972470703125	0.974697265625	0.973759765625	0.974326171875	0.9730078125	0.971220703125	0.9719921875	0.973388671875	0.9746484375	0.97384765625	0.97568359375	0.973505859375
0.0009765625	0.00318359375	0.026259765625	0.574755859375	0.865009765625	0.938486328125	0.965	0.973974609375	0.97775390625	0.978662109375	0.97896484375	0.978193359375	0.9787890625	0.980478515625	0.9805078125	0.979052734375	0.980185546875	0.9810546875	0.98091796875	0.982333984375	0.982001953125	0.98376953125	0.98275390625	0.9825390625	0.983828125	0.983828125	0.98431640625	0.984765625	0.984658203125	0.985107421875	0.986240234375	0.9858203125	0.98611328125	0.9869140625	0.98658203125	0.98666015625	0.987724609375	0.986279296875	0.98783203125	0.9878125	0.988349609375
0.0009765625	0.002763671875	0.0273046875	0.5679296875	0.860478515625	0.936533203125	0.962373046875	0.972802734375	0.975869140625	0.97826171875	0.97931640625	0.979150390625	0.980869140625	0.98142578125	0.981767578125	0.980615234375	0.982607421875	0.981875	0.982421875	0.9834375	0.9835546875	0.984638671875	0.9840625	0.984580078125	0.98470703125	0.985712890625	0.985791015625	0.987314453125	0.987177734375	0.987080078125	0.987568359375	0.986962890625	0.987265625	0.986748046875	0.98763671875	0.988271484375	0.98857421875	0.988896484375	0.988623046875	0.98908203125	0.988310546875
0.0009765625	0.0028125	0.02896484375	0.572431640625	0.864287109375	0.93763671875	0.962841796875	0.97205078125	0.97697265625	0.979248046875	0.979453125	0.981083984375	0.981103515625	0.982607421875	0.98154296875	0.982958984375	0.982158203125	0.98361328125	0.98404296875	0.984775390625	0.9846875	0.985615234375	0.98515625	0.986591796875	0.9870703125	0.98755859375	0.98736328125	0.98767578125	0.987998046875	0.987890625	0.98783203125	0.9880859375	0.988681640625	0.987841796875	0.989794921875	0.989296875	0.9895703125	0.98966796875	0.989814453125	0.99041015625	0.990244140625
0.0009765625	0.0030078125	0.024521484375	0.589697265625	0.795166015625	0.93482421875	0.961533203125	0.972978515625	0.977236328125	0.978251953125	0.978740234375	0.98044921875	0.9805078125	0.980322265625	0.981337890625	0.983271484375	0.9834375	0.983369140625	0.9843359375	0.983916015625	0.986220703125	0.9854296875	0.987265625	0.98755859375	0.987958984375	0.987529296875	0.9878515625	0.9883984375	0.9880078125	0.989013671875	0.989033203125	0.989423828125	0.9886328125	0.98962890625	0.989892578125	0.99037109375	0.991015625	0.989736328125	0.99064453125	0.991064453125	0.991103515625
0.0009765625	0.002666015625	0.01916015625	0.612451171875	0.860537109375	0.934658203125	0.960908203125	0.972451171875	0.97611328125	0.9780859375	0.980419921875	0.9820703125	0.98271484375	0.98357421875	0.9854296875	0.984853515625	0.985654296875	0.986005859375	0.98666015625	0.988076171875	0.988125	0.988759765625	0.98951171875	0.98982421875	0.99001953125	0.99125	0.990849609375	0.99173828125	0.991435546875	0.992236328125	0.991865234375	0.99283203125	0.99296875	0.99259765625	0.993349609375	0.99294921875	0.993662109375	0.99302734375	0.9933984375	0.994052734375	0.994384765625
0.0009765625	0.00255859375	0.018544921875	0.6197265625	0.859482421875	0.931748046875	0.962021484375	0.972001953125	0.978388671875	0.98046875	0.983837890625	0.9844921875	0.986171875	0.987265625	0.98833984375	0.989365234375	0.990224609375	0.9905078125	0.99125	0.991953125	0.992734375	0.991953125	0.99306640625	0.993125	0.9933203125	0.9940625	0.99431640625	0.994736328125	0.995302734375	0.995634765625	0.995947265625	0.99599609375	0.995791015625	0.996396484375	0.99669921875	0.996669921875	0.99685546875	0.9971875	0.997041015625	0.997275390625	0.99728515625
0.0009765625	0.00248046875	0.021533203125	0.56869140625	0.86291015625	0.933330078125	0.96138671875	0.97302734375	0.97787109375	0.981298828125	0.983544921875	0.985361328125	0.98619140625	0.98720703125	0.988232421875	0.989814453125	0.990400390625	0.991083984375	0.991982421875	0.991962890625	0.992841796875	0.993671875	0.993994140625	0.993955078125	0.993974609375	0.994130859375	0.99501953125	0.9955078125	0.99591796875	0.995986328125	0.996640625	0.996533203125	0.996650390625	0.99728515625	0.997001953125	0.9972265625	0.997255859375	0.99728515625	0.997841796875	0.997587890625	0.997587890625
0.0009765625	0.00310546875	0.02546875	0.631689453125	0.860458984375	0.93453125	0.962373046875	0.97330078125	0.98140625	0.98341796875	0.98509765625	0.985947265625	0.986484375	0.988876953125	0.9891015625	0.99021484375	0.991220703125	0.9916796875	0.9922265625	0.992958984375	0.993173828125	0.994375	0.994287109375	0.99431640625	0.994931640625	0.995458984375	0.9958203125	0.996015625	0.996064453125	0.996318359375	0.99650390625	0.99654296875	0.996748046875	0.9973828125	0.99734375	0.9976953125	0.997587890625	0.997802734375	0.9980859375	0.997880859375	0.998134765625
0.0009765625	0.002978515625	0.0227734375	0.5879296875	0.861083984375	0.937041015625	0.961298828125	0.971953125	0.979111328125	0.981865234375	0.9833203125	0.985859375	0.987177734375	0.988203125	0.9893359375	0.990693359375	0.991220703125	0.9919921875	0.992470703125	0.99267578125	0.993564453125	0.99416015625	0.994541015625	0.994619140625	0.99521484375	0.995654296875	0.99556640625	0.995595703125	0.996357421875	0.99666015625	0.99681640625	0.996787109375	0.9969921875	0.9975390625	0.9975390625	0.99744140625	0.997724609375	0.997900390625	0.9978515625	0.998212890625	0.998291015625
0.0009765625	0.003076171875	0.023291015625	0.53771484375	0.85765625	0.92962890625	0.957822265625	0.970576171875	0.97623046875	0.980625	0.983544921875	0.985517578125	0.986552734375	0.986923828125	0.988828125	0.99033203125	0.990703125	0.9915234375	0.992216796875	0.992919921875	0.9939453125	0.994072265625	0.99453125	0.994697265625	0.994951171875	0.99529296875	0.995771484375	0.996240234375	0.996318359375	0.996484375	0.996630859375	0.99697265625	0.996826171875	0.997119140625	0.9973828125	0.99744140625	0.9978125	0.998046875	0.997978515625	0.998037109375	0.998359375
0.0009765625	0.00251953125	0.027548828125	0.527373046875	0.86013671875	0.9311328125	0.95875	0.97154296875	0.97845703125	0.981943359375	0.983974609375	0.98625	0.988076171875	0.989580078125	0.991103515625	0.991904296875	0.992724609375	0.993681640625	0.9940625	0.994111328125	0.995234375	0.995830078125	0.995458984375	0.996064453125	0.996279296875	0.99646484375	0.996962890625	0.9973046875	0.997197265625	0.99748046875	0.9976953125	0.99798828125	0.997998046875	0.99830078125	0.998349609375	0.998330078125	0.998369140625	0.998525390625	0.99859375	0.9986328125	0.998955078125
0.0009765625	0.00255859375	0.0214453125	0.60015625	0.853271484375	0.9252734375	0.9596484375	0.972119140625	0.977607421875	0.9821875	0.9841015625	0.986298828125	0.988251953125	0.989287109375	0.990595703125	0.991640625	0.992236328125	0.9937109375	0.99388671875	0.994580078125	0.995146484375	0.995146484375	0.99595703125	0.99603515625	0.9967578125	0.99673828125	0.996884765625	0.997412109375	0.997373046875	0.99736328125	0.99791015625	0.99775390625	0.998173828125	0.9981640625	0.998232421875	0.998330078125	0.998369140625	0.998447265625	0.998671875	0.99892578125	0.998984375
0.0009765625	0.00294921875	0.026328125	0.535615234375	0.821962890625	0.9329296875	0.95677734375	0.971796875	0.979326171875	0.982392578125	0.9855078125	0.9874609375	0.988828125	0.990087890625	0.99150390625	0.992197265625	0.993310546875	0.994052734375	0.99412109375	0.9947265625	0.99521484375	0.995615234375	0.9962109375	0.996513671875	0.99640625	0.996708984375	0.997333984375	0.997333984375	0.997646484375	0.99755859375	0.9978125	0.998037109375	0.998046875	0.998173828125	0.99828125	0.99845703125	0.998603515625	0.9989453125	0.998828125	0.9987890625	0.998955078125
0.0009765625	0.00373046875	0.018212890625	0.526708984375	0.853369140625	0.928857421875	0.956396484375	0.96951171875	0.976787109375	0.9814453125	0.983662109375	0.98685546875	0.98857421875	0.989560546875	0.991181640625	0.991396484375	0.993046875	0.993623046875	0.994130859375	0.99494140625	0.995732421875	0.995595703125	0.996376953125	0.996767578125	0.996796875	0.997138671875	0.997509765625	0.997470703125	0.99806640625	0.99791015625	0.998173828125	0.99841796875	0.998603515625	0.998623046875	0.998818359375	0.9987109375	0.998857421875	0.998818359375	0.999345703125	0.999111328125	0.99921875
0.0009765625	0.002763671875	0.0212109375	0.511494140625	0.84677734375	0.926201171875	0.956181640625	0.9698828125	0.9771484375	0.981455078125	0.983818359375	0.986396484375	0.988291015625	0.989736328125	0.990625	0.992177734375	0.993544921875	0.993857421875	0.9949609375	0.994990234375	0.995419921875	0.9960546875	0.996376953125	0.99654296875	0.99685546875	0.9973046875	0.997548828125	0.99787109375	0.998232421875	0.997919921875	0.998291015625	0.998515625	0.998525390625	0.99845703125	0.998681640625	0.9987890625	0.9987890625	0.999140625	0.999111328125	0.999208984375	0.999072265625
0.0009765625	0.003037109375	0.02328125	0.567109375	0.8501171875	0.924150390625	0.955615234375	0.969482421875	0.976103515625	0.981416015625	0.983154296875	0.986689453125	0.98828125	0.990048828125	0.990791015625	0.991904296875	0.99341796875	0.993544921875	0.994658203125	0.995078125	0.995595703125	0.99591796875	0.996298828125	0.996640625	0.997265625	0.99736328125	0.99728515625	0.997744140625	0.998056640625	0.99818359375	0.998388671875	0.9986328125	0.99861328125	0.998818359375	0.99892578125	0.99875	0.998984375	0.99900390625	0.999130859375	0.999091796875	0.999208984375
0.0009765625	0.003173828125	0.025009765625	0.585263671875	0.81701171875	0.9246484375	0.955634765625	0.970341796875	0.9760546875	0.981572265625	0.983203125	0.986787109375	0.988154296875	0.989736328125	0.990625	0.991982421875	0.992802734375	0.994755859375	0.99419921875	0.995009765625	0.99529296875	0.99603515625	0.996298828125	0.996748046875	0.997080078125	0.99734375	0.997548828125	0.997890625	0.997998046875	0.9982421875	0.998310546875	0.998564453125	0.99865234375	0.99890625	0.998876953125	0.99890625	0.999140625	0.9989453125	0.999111328125	0.9992578125	0.999326171875
0.0009765625	0.002685546875	0.022685546875	0.579814453125	0.843115234375	0.924326171875	0.957646484375	0.972001953125	0.97775390625	0.98193359375	0.984775390625	0.987451171875	0.98849609375	0.99046875	0.99109375	0.992890625	0.99328125	0.9942578125	0.994697265625	0.995419921875	0.995771484375	0.996142578125	0.99634765625	0.996552734375	0.99759765625	0.9974609375	0.99779296875	0.9978125	0.998125	0.99830078125	0.998349609375	0.998505859375	0.998583984375	0.998583984375	0.99873046875	0.999052734375	0.9991015625	0.998896484375	0.9991796875	0.999033203125	0.9992578125
0.0009765625	0.002900390625	0.02810546875	0.599130859375	0.84521484375	0.92560546875	0.955361328125	0.96970703125	0.9763671875	0.9808203125	0.9836328125	0.9863671875	0.98875	0.989638671875	0.9910546875	0.99240234375	0.99294921875	0.993505859375	0.994609375	0.99513671875	0.995576171875	0.995810546875	0.996376953125	0.99646484375	0.99673828125	0.997041015625	0.997666015625	0.997666015625	0.998134765625	0.99826171875	0.998056640625	0.998349609375	0.99873046875	0.998642578125	0.998876953125	0.998759765625	0.999033203125	0.998828125	0.999228515625	0.999150390625	0.999189453125
0.0009765625	0.0022265625	0.030927734375	0.53552734375	0.807294921875	0.896708984375	0.9337890625	0.95302734375	0.96314453125	0.9710546875	0.97427734375	0.977939453125	0.981552734375	0.9840625	0.985908203125	0.98736328125	0.98931640625	0.99072265625	0.991328125	0.992138671875	0.99267578125	0.99330078125	0.994091796875	0.99447265625	0.995166015625	0.99578125	0.99587890625	0.996533203125	0.99662109375	0.99685546875	0.996982421875	0.997333984375	0.99787109375	0.997880859375	0.997978515625	0.998037109375	0.998125	0.99837890625	0.998681640625	0.99845703125	0.9984375
