0.0	0.0	0.0	0.0	0.0	0.0	0.0	0.0	0.0	0.0	0.0	0.0	0.0	0.0	1.0	1.0	1.0	1.0	1.0	1.0	1.0	0.25526709854602814	0.2511168606579304	0.25018319487571716	0.12339389882981777	0.12184852734208107	0.12344727478921413	0.12318050675094128	0.12364732846617699	0.12342248111963272	0.12445341609418392	0.12169418297708035	0.12379216775298119	0.12159509770572186	0.12338822707533836	0.12458296678960323	0.12178376317024231	0.12549955025315285	0.12329674139618874	0.12198955565690994	0.12312901392579079
0.0	0.0	0.0	0.0	0.0	0.0	0.0	0.0	0.0	0.0	0.0	0.0	0.0	3.95e-322	1.0	1.0	1.0	1.0	1.0	1.0	0.25987839698791504	0.25299571454524994	0.2495486680418253	0.24668272770941257	0.1250822264701128	0.12218963168561459	0.12258023396134377	0.12245256640017033	0.12448962032794952	0.12340918742120266	0.12123874947428703	0.12479259259998798	0.12208480760455132	0.12238399125635624	0.1237502470612526	0.12276701629161835	0.12242017313838005	0.1241961307823658	0.12308328226208687	0.12393702939152718	0.1238112673163414
0.0	0.0	0.0	0.0	0.0	0.0	0.0	0.0	0.0	0.0	0.0	0.0	0.0	1.668e-320	1.0	1.0	1.0	1.0	1.0	1.0	0.2548440806567669	0.250539543107152	0.24968205206096172	0.24809471517801285	0.12159512005746365	0.12320335023105145	0.12152840569615364	0.12103681266307831	0.12334058992564678	0.1214007381349802	0.12294801510870457	0.12393889017403126	0.12394079566001892	0.12212484516203403	0.12179136276245117	0.1226660031825304	0.1241332720965147	0.12313475273549557	0.12328914180397987	0.12359590269625187	0.15280911970899477
0.0	0.0	0.0	0.0	0.0	0.0	0.0	0.0	0.0	0.0	0.0	0.0	0.0	3.67899145e-316	1.0	1.0	1.0	1.0	1.0	0.3399485141038895	0.25025748647749424	0.24977356009185314	0.24829676374793053	0.2502612750977278	0.1240246370434761	0.12425331771373749	0.12422090210020542	0.12233823724091053	0.12106725573539734	0.12144456431269646	0.12177230790257454	0.12279555387794971	0.12271937914192677	0.12338058277964592	0.12268889136612415	0.12191903032362461	0.12311188690364361	0.12289842776954174	0.12228105030953884	0.12473919428884983	0.23832715705396146
0.0	0.0	0.0	0.0	0.0	0.0	0.0	0.0	0.0	0.0	0.0	0.0	0.0	6.2092368e-316	1.0	1.0	1.0	1.0	1.0	0.2673974446952343	0.2490093931555748	0.24730772711336613	0.24850253388285637	0.2473020777106285	0.1215303111821413	0.1223134882748127	0.1228584349155426	0.12108249962329865	0.12260691076517105	0.12169992178678513	0.12391600199043751	0.12277840450406075	0.123708326369524	0.12196859531104565	0.12321478314697742	0.12254216894507408	0.12251165881752968	0.12372735887765884	0.12326432578265667	0.12432953715324402	0.22390599622566507
0.0	0.0	0.0	0.0	0.0	0.0	0.0	0.0	0.0	0.0	0.0	0.0	0.0	1.6443e-320	1.0	1.0	1.0	1.0	0.28322769488607136	0.25199919007718563	0.24941147305071354	0.24883408844470978	0.248895063996315	0.24757837317883968	0.12276885472238064	0.12271552346646786	0.1242685616016388	0.12271364033222198	0.12345680221915245	0.12355014868080616	0.12155124917626381	0.1233558114618063	0.12174184247851372	0.1217532530426979	0.12228678911924362	0.12375217489898205	0.12200668267905712	0.12408754043281078	0.12300136871635914	0.12435811944305897	0.1928023390931923
0.0	0.0	0.0	0.0	0.0	0.0	0.0	0.0	0.0	0.0	0.0	0.0	0.0	0.0	1.0	1.0	1.0	1.0	0.29607755939165753	0.24996596947312355	0.24846061319112778	0.24685047753155231	0.24833673425018787	0.2503165565431118	0.12359592504799366	0.12485545128583908	0.1242990717291832	0.12152838334441185	0.12294801510870457	0.12397702224552631	0.12301280163228512	0.1252860687673092	0.12189995311200619	0.12205436453223228	0.12371785379946232	0.12394270114600658	0.12318812869489193	0.12267171964049339	0.12326430343091488	0.12376165762543678	0.21265280805912593
0.0	0.0	0.0	0.0	0.0	0.0	0.0	0.0	0.0	0.0	0.0	0.0	0.0	0.0	1.0	1.0	1.0	1.0	0.26892667370183126	0.24853109382092953	0.24737253598868847	0.248460590839386	0.24934285320341587	0.24719149246811867	0.12330053001642227	0.12159321457147598	0.12152838334441185	0.12195523455739021	0.12188287079334259	0.12178757414221764	0.12446294352412224	0.12184281088411808	0.12232680432498455	0.12451625242829323	0.12329483591020107	0.12272319011390209	0.12403609231114388	0.12219532579183578	0.12379786185920238	0.12394839525222778	0.20512811239006612
0.0	0.0	0.0	0.0	0.0	0.0	0.0	0.0	0.0	0.0	0.0	0.0	0.0	0.0	1.0	1.0	1.0	0.46104710300763446	0.2506157401949167	0.2489408180117607	0.24747543223202229	0.2487711850553751	0.24598917551338673	0.24814237467944622	0.12389127537608147	0.12332720682024956	0.12394270114600658	0.12460199929773808	0.12305283918976784	0.123148113489151	0.12255548499524593	0.12143122591078281	0.12266026437282562	0.12437336333096027	0.12194187380373478	0.1253470666706562	0.12445339374244213	0.12223343551158905	0.12377885170280933	0.12257070653140545	0.19547483369571808
0.0	0.0	0.0	0.0	0.0	0.0	0.0	0.0	0.0	0.0	0.0	0.0	0.0	0.0	1.0	1.0	1.0	0.2727137420858656	0.24928376078605652	0.24986114539206028	0.24908559024333954	0.24667703360319138	0.24844155833125114	0.12172848172485828	0.12319384515285492	0.12356162630021572	0.124081801623106	0.12299184128642082	0.12350825034081936	0.12284511886537075	0.12421904131770134	0.12521366029977798	0.12277842685580254	0.12334433384239674	0.12482115253806114	0.1231747679412365	0.1232262160629034	0.12258218415081501	0.12219151481986046	0.1258558314293623	0.151671131221775
0.0	0.0	0.0	0.0	0.0	0.0	0.0	0.0	0.0	0.0	0.0	0.0	0.0	1.12217068634046e-310	1.0	1.0	1.0	0.2529747989028692	0.24870639853179455	0.24693617969751358	0.24778793193399906	0.24839008785784245	0.24730965495109558	0.12172085978090763	0.12407039105892181	0.12419424764811993	0.12117205746471882	0.12180089019238949	0.1245696060359478	0.1241180282086134	0.1220028717070818	0.12143692001700401	0.12343963049352169	0.1244038287550211	0.12146931327879429	0.12302237376570702	0.12365495041012764	0.12212107889354229	0.12336152791976929	0.12421328015625477	0.14930448002490848
0.0	0.0	0.0	0.0	0.0	0.0	0.0	0.0	0.0	0.0	0.0	0.0	0.0	3.67921596e-316	1.0	1.0	1.1291924268007278	0.25011076405644417	0.2471476662904024	0.2481119092553854	0.2485692035406828	0.24729443341493607	0.251383651047945	0.1225307360291481	0.12329485826194286	0.12225820682942867	0.12430667132139206	0.12361305207014084	0.1241751927882433	0.1218256838619709	0.12144835293292999	0.12410471215844154	0.12339968234300613	0.12354062125086784	0.12181996740400791	0.12125401571393013	0.12418469786643982	0.12300706282258034	0.1229670699685812	0.12340912036597729	0.1347998523855973
0.0	0.0	0.0	0.0	0.0	0.0	0.0	0.0	0.0	0.0	0.0	0.0	0.0	1.976e-321	1.0	1.0	0.2490874957293272	0.2481233198195696	0.24721249751746655	0.246400760486722	0.24695714004337788	0.24871597066521645	0.2479308657348156	0.12115300260484219	0.12315382994711399	0.1235482431948185	0.12339008785784245	0.12174753658473492	0.12262222170829773	0.12317286245524883	0.12186374887824059	0.12341107055544853	0.12305851094424725	0.12414468266069889	0.12418281473219395	0.12534901686012745	0.12187708728015423	0.1244857870042324	0.12175706401467323	0.12388553656637669	0.15139221069938766
0.0	0.0	0.0	0.0	0.0	0.0	0.0	0.0	0.0	0.0	0.0	0.0	0.0	2.75224e-318	1.0	1.0	0.24959249421954155	0.24845866300165653	0.24774222262203693	0.25047287344932556	0.2475364077836275	0.24745256640017033	0.24764885380864143	0.12344727478921413	0.12325098738074303	0.12361302971839905	0.12208861857652664	0.12234202586114407	0.12215723842382431	0.123081399127841	0.12250399217009544	0.12300139106810093	0.12345491908490658	0.12181039527058601	0.12376739643514156	0.12268886901438236	0.12248112633824348	0.1246877908706665	0.12281082011759281	0.12409514002501965	0.1300355049771007
0.0	0.0	0.0	0.0	0.0	0.0	0.0	0.0	0.0	0.0	0.0	0.0	0.0	1.976e-321	1.0	0.45911609133084613	0.24872738122940063	0.24986309558153152	0.24830245785415173	0.2468256615102291	0.24686567671597004	0.24782796949148178	0.24851968325674534	0.12157794833183289	0.12161419726908207	0.12453151866793633	0.12407227419316769	0.12416375987231731	0.12472780607640743	0.1238493099808693	0.1226145550608635	0.12275172770023346	0.12468016892671585	0.12291941046714783	0.12489167787134647	0.12353490479290485	0.12430091015994549	0.12309662066400051	0.12322809919714928	0.12211531773209572	0.16328237774355314
0.0	0.0	0.0	0.0	0.0	0.0	0.0	0.0	0.0	0.0	0.0	0.0	0.0	1.976e-321	1.0	1.0	0.2481328248977661	0.49781274795532227	0.24799565225839615	0.24745258875191212	0.24765457026660442	0.2494552992284298	0.24701430462300777	0.12309092655777931	0.12468774616718292	0.12250598706305027	0.12131503596901894	0.12250403687357903	0.12205048650503159	0.12200479954481125	0.12371975928544998	0.12225058488547802	0.12207146920263767	0.12349488958716393	0.1231328472495079	0.12236681953072548	0.1249735914170742	0.12375786900520325	0.12250020354986191	0.1229670699685812	0.19553723169502563
0.0	0.0	0.0	0.0	0.0	0.0	0.0	0.0	0.0	0.0	0.0	0.0	0.0	0.0	1.0	1.4490854144096375	0.4199489261955023	0.2503661662340164	0.24843200854957104	0.24851587228477	0.24845677986741066	0.2485006507486105	0.2482567261904478	0.12237827479839325	0.12296328134834766	0.12216678820550442	0.12338818237185478	0.12276322767138481	0.12191710248589516	0.12291562184691429	0.1224335115402937	0.12363210693001747	0.12469920143485069	0.12389313615858555	0.12325672619044781	0.12231158278882504	0.12352156639099121	0.1229918859899044	0.12220297008752823	0.12222007475793362	0.16979946873845597
0.0	0.0	0.0	0.0	0.0	0.0	0.0	0.0	0.0	0.0	0.0	0.0	0.0	0.0	1.0	1.0574635505676269	0.4771040081977844	0.2583749685436487	0.24812713079154491	0.24974300526082516	0.2500726766884327	0.2479099277406931	0.24828719161450863	0.12279555387794971	0.12459249421954155	0.12355588749051094	0.12485356815159321	0.12238401360809803	0.12265647575259209	0.12205620296299458	0.12386459857225418	0.12317288480699062	0.12154746055603027	0.12131496891379356	0.12353299930691719	0.12244684994220734	0.12421520799398422	0.12364544533193111	0.12471446767449379	0.12512603029608727	0.2105304266993978
0.0	0.0	0.0	0.0	0.0	0.0	0.0	0.0	0.0	0.0	0.0	0.0	0.0	0.0	1.0	0.7567686438560486	0.5863036885857582	0.2926509100943804	0.2584835812449455	0.25003268383443356	0.2493676245212555	0.24777844920754433	0.2508882246911526	0.12194951809942722	0.12256315164268017	0.12080624885857105	0.1227955985814333	0.12425138987600803	0.12428190000355244	0.12385314330458641	0.12197236157953739	0.12207146920263767	0.12162177450954914	0.1221991591155529	0.1237807348370552	0.12385504879057407	0.12200861051678658	0.12288703955709934	0.12284892983734608	0.12326430343091488	0.20020582898091188
0.0	0.0	0.0	0.0	0.0	0.0	0.0	0.0	0.0	0.0	0.0	0.0	0.0	1.0	1.0	0.9543446749448776	0.6508388072252274	0.3513475302606821	0.2591390684247017	0.2508501596748829	0.246400760486722	0.24765835888683796	0.24659128673374653	0.12171514332294464	0.12108059413731098	0.1248802226036787	0.12240874022245407	0.12346251867711544	0.12281465344130993	0.12392552942037582	0.12298995815217495	0.12371975928544998	0.12387408129870892	0.12356541492044926	0.1222201194614172	0.12371592596173286	0.12345675751566887	0.12302232906222343	0.12283561378717422	0.12262789346277714	0.2441234899244455
0.0	0.0	0.0	0.0	0.0	0.0	0.0	0.0	0.0	0.0	0.0	0.0	0.0	1.0	1.0	1.0	0.8787045031785965	0.48504607379436493	0.2749279551208019	0.2619877699762583	0.25976787880063057	0.2481957282871008	0.24874645844101906	0.12267174199223518	0.12258408963680267	0.12278416566550732	0.12241831235587597	0.1225307360291481	0.12051849812269211	0.12212672829627991	0.12362639047205448	0.12214006669819355	0.12359020859003067	0.1216236799955368	0.12474874407052994	0.1223191823810339	0.12252690270543098	0.12337103299796581	0.1225726343691349	0.12414470501244068	0.22069131282847454
0.0	0.0	0.0	0.0	0.0	0.0	0.0	0.0	0.0	0.0	0.0	0.0	0.0	1.0	1.0	1.0	0.8909148573875427	0.5669382940977812	0.26051482930779457	0.2576032467186451	0.2562446352094412	0.25561391934752464	0.24758597277104855	0.12310043163597584	0.12301280163228512	0.12250594235956669	0.12182754464447498	0.12302999570965767	0.12303564511239529	0.12266223691403866	0.12225630134344101	0.12305281683802605	0.1232414823025465	0.12373693101108074	0.12178752943873405	0.1222829557955265	0.12455057352781296	0.12181996740400791	0.12377122975885868	0.12368929386138916	0.139009596032787
0.0	0.0	0.0	0.0	0.0	0.0	0.0	0.0	0.0	0.0	0.0	0.0	0.0	1.0	1.0	1.0	1.0	0.8730947524309158	0.27123318798840046	0.3837331999093294	0.25665050372481346	0.25460210628807545	0.2543562985956669	0.12434094771742821	0.1247868537902832	0.12109971605241299	0.12431050464510918	0.12181425094604492	0.12292519398033619	0.12263932637870312	0.1218618880957365	0.12286222353577614	0.12419803626835346	0.12404371425509453	0.1239007581025362	0.12285271845757961	0.12255353480577469	0.12258216179907322	0.12246783263981342	0.12371020950376987	0.16157813049941228
0.0	0.0	0.0	0.0	0.0	0.0	0.0	0.0	0.0	0.0	0.0	0.0	0.0	1.0	1.0	1.0	1.0	1.0	0.26979073509573936	0.2601604089140892	0.25834638625383377	0.2566485982388258	0.2553109470754862	0.13254989311099052	0.12190185859799385	0.12299944087862968	0.12382839433848858	0.12355017103254795	0.1225002259016037	0.12390651926398277	0.12209433503448963	0.12364925630390644	0.12281082011759281	0.12407417967915535	0.12045750021934509	0.12083478644490242	0.12393505685031414	0.12363399006426334	0.12332146801054478	0.12222774140536785	0.15533262158253885
0.0	0.0	0.0	0.0	0.0	0.0	0.0	0.0	0.0	0.0	0.0	0.0	0.0	1.0	1.0	1.0	1.0	0.49103695154190063	0.28112075477838516	0.25970309227705	0.2589885350316763	0.25698396377265453	0.2561398111283779	0.1327842678874731	0.13074158690869808	0.12263739854097366	0.12386838719248772	0.12399798259139061	0.1235272828489542	0.12374643608927727	0.12333104014396667	0.12194949574768543	0.12304707802832127	0.12281458638608456	0.1224639993160963	0.12254976853728294	0.12365876138210297	0.12158935889601707	0.12372166477143764	0.12259547784924507	NaN
0.0	0.0	0.0	0.0	0.0	0.0	0.0	0.0	0.0	0.0	0.0	0.0	0.0	1.0	1.0	1.0	1.030747041106224	0.47245465219020844	0.35014132782816887	0.26681436598300934	0.2618677243590355	0.25669814087450504	0.2561207786202431	0.13110172376036644	0.13065965101122856	0.13228503055870533	0.12371404282748699	0.12255355715751648	0.12403606995940208	0.12350825034081936	0.1232776865363121	0.12383029982447624	0.12398083321750164	0.12309473752975464	0.12320716120302677	0.12465160898864269	0.12313094176352024	0.1247563436627388	0.12349298410117626	0.12405319698154926	0.12361874617636204
0.0	0.0	0.0	0.0	0.0	0.0	0.0	0.0	0.0	0.0	0.0	0.0	0.0	1.0	1.0	1.4391260743141174	0.9490093141794205	0.7238951995968819	0.3341618925333023	0.2777975872159004	0.2608673442155123	0.2575708534568548	0.2567819822579622	0.1311398334801197	0.13107885792851448	0.13087304309010506	0.12910096347332	0.12205239199101925	0.12298043072223663	0.122141994535923	0.12392174080014229	0.1238798201084137	0.12325293757021427	0.12266028672456741	0.12325098738074303	0.12335767224431038	0.12248498201370239	0.1228431910276413	0.12371594831347466	0.12206194177269936	0.1233138907700777
0.0	0.0	0.0	0.0	0.0	0.0	0.0	0.0	0.0	0.0	0.0	0.0	0.0	1.0	1.1048781077067058	0.9752135574817657	0.8146191984415054	0.660663552582264	0.44287388771772385	0.27946107648313046	0.2721687816083431	0.2595125436782837	0.2576642222702503	0.12923432514071465	0.13189631141722202	0.1313837356865406	0.1335369348526001	0.13094737939536572	0.12205624766647816	0.12317671813070774	0.12313096411526203	0.12074713408946991	0.12451055832207203	0.12526131980121136	0.12399031594395638	0.12228492833673954	0.12315761856734753	0.12202578224241734	0.12288513407111168	0.12125401571393013	0.1209967527538538
0.0	0.0	0.0	0.0	0.0	0.0	0.0	0.0	0.0	0.0	0.0	0.0	0.0	1.0	1.0	0.8657471984624863	0.7849622145295143	0.6209378316998482	0.4376261793076992	0.2816885896027088	0.2736645881086588	0.2603471465408802	0.2601489759981632	0.13072253204882145	0.12979265488684177	0.1308501996099949	0.1318715400993824	0.12962687760591507	0.12404369190335274	0.12495453655719757	0.12210007384419441	0.12292893789708614	0.1230394784361124	0.12334628403186798	0.1221324447542429	0.12310426495969296	0.12242591194808483	0.12359778583049774	0.12347392924129963	0.12205622531473637	0.12515082396566868
0.0	0.0	0.0	0.0	0.0	0.0	0.0	0.0	0.0	0.0	0.0	0.0	0.0	1.0	1.3153658707936604	0.7615399807691574	0.6117914989590645	0.5638570040464401	0.4120355024933815	0.39173826575279236	0.2733120732009411	0.27093212120234966	0.2592514920979738	0.13293670676648617	0.1322297714650631	0.13122748583555222	0.1303623951971531	0.13014707528054714	0.13124082423746586	0.13084257766604424	0.1221000961959362	0.12413132190704346	0.12193806283175945	0.12341488152742386	0.1218980923295021	0.1248649787157774	0.12277649901807308	0.12361686304211617	0.1223553866147995	0.12280510365962982	0.12231920473277569
0.0	0.0	0.0	0.0	0.0	0.0	0.0	0.0	0.0	0.0	0.0	0.0	0.0	1.0	1.2183334430058796	0.8674087822437286	0.5770353451371193	0.4324013367295265	0.39392954483628273	0.38398290798068047	0.371757160872221	0.27191344648599625	0.2681443952023983	0.13380560837686062	0.1303776390850544	0.13014516979455948	0.1295277699828148	0.13085591606795788	0.12999082542955875	0.130979772657156	0.13170195184648037	0.12284890748560429	0.12338822707533836	0.12345108576118946	0.1240189429372549	0.12273457832634449	0.12434099242091179	0.12387984246015549	0.12323764897882938	0.1212864089757204	0.12499836273491383
1.265e-321	0.0	0.0	0.0	0.0	0.0	0.0	0.0	0.0	0.0	0.0	0.0	0.0	1.0	0.8822258412837982	0.7007168680429459	0.5380948334932327	0.41610943153500557	0.38763000816106796	0.3803548030555248	0.3680986575782299	0.2708787675946951	0.2696535401046276	0.14164668321609497	0.13157428428530693	0.1300460621714592	0.13003272376954556	0.13157428428530693	0.12989936210215092	0.12964019365608692	0.13327588327229023	0.13099120557308197	0.12190952524542809	0.12421135231852531	0.1219247467815876	0.12354064360260963	0.12312141433358192	0.1226869635283947	0.12182189524173737	0.1248287744820118	0.12343010306358337
0.0	0.0	0.0	0.0	0.0	0.0	0.0	0.0	0.0	0.0	0.0	0.0	0.0	1.0	0.790198490023613	0.6455034166574478	0.49772901833057404	0.400720726698637	0.39420777559280396	0.372305940836668	0.36163900047540665	0.3574926629662514	0.26979264058172703	0.14283189550042152	0.14391992799937725	0.13160286657512188	0.131166510283947	0.1305853370577097	0.13049387373030186	0.13151140324771404	0.1299774870276451	0.12976788356900215	0.1319706253707409	0.1243619080632925	0.1208043210208416	0.1240093931555748	0.12328147515654564	0.12383218295872211	0.12239163555204868	0.12383601628243923	0.12206196412444115
0.0	0.0	0.0	0.0	0.0	0.0	0.0	0.0	0.0	0.0	0.0	0.0	4.9253e-320	1.0	0.6376299485564232	0.604001872241497	0.4841695800423622	0.40088459849357605	0.3979730159044266	0.3671153672039509	0.3625383600592613	0.35384172201156616	0.26648090593516827	0.1433882974088192	0.1441504918038845	0.13050340116024017	0.13210782036185265	0.1326032467186451	0.13147329352796078	0.13120080903172493	0.13162954337894917	0.13038526102900505	0.13132085464894772	0.12534518353641033	0.1222563236951828	0.1234129536896944	0.12294422648847103	0.12291373871266842	0.1225573904812336	0.18797614999242926	NaN
0.0	0.0	0.0	0.0	0.0	0.0	0.0	0.0	0.0	0.0	0.0	0.0	4.31464287e-316	1.0	0.6258769109845161	0.5758234560489655	0.4854424446821213	0.4778205007314682	0.3766200505197048	0.36746981739997864	0.37358273565769196	0.3546229712665081	0.35846443101763725	0.14362076669931412	0.14299005083739758	0.14010323956608772	0.1316695585846901	0.13145421631634235	0.1313742082566023	0.13114173896610737	0.13088828697800636	0.13152664713561535	0.1292095761746168	0.1319496650248766	0.13253846019506454	0.12465730309486389	0.12122352793812752	0.12256882339715958	0.12201237678527832	0.23289287467433492	0.1233767494559288
0.0	0.0	0.0	0.0	0.0	0.0	0.0	0.0	0.0	0.0	0.0	0.0	1.122187825688e-310	1.0	0.6049622073769569	0.5602289587259293	0.4832168370485306	0.45779765397310257	0.38011855259537697	0.36475253477692604	0.366486556828022	0.3610025383532047	0.3560863845050335	0.2323211394250393	0.14219165220856667	0.1443734336644411	0.13962496258318424	0.13239364326000214	0.13387039490044117	0.13217070139944553	0.12935818172991276	0.13155713491141796	0.12931247241795063	0.12947634421288967	0.13026140443980694	0.13071107678115368	0.12273271754384041	0.12348350137472153	0.12476782128214836	0.20059266078344618	0.12387408129870892
0.0	0.0	0.0	0.0	0.0	0.0	0.0	0.0	0.0	0.0	0.0	0.0	0.0	1.1263821522394817	0.5879728943109512	0.4711970314383507	0.4569821059703827	0.4611589312553406	0.46089978516101837	0.37835410237312317	0.3626183904707432	0.362553633749485	0.3532129116356373	0.23487070947885513	0.2334568090736866	0.1432015597820282	0.1397831179201603	0.1391867008060217	0.13380560837686062	0.13055099360644817	0.13105027563869953	0.12974311225116253	0.1286036092787981	0.13272329233586788	0.13072634302079678	0.1315552294254303	0.1316695585846901	0.12477542087435722	0.1229670699685812	0.13729274667995445	NaN
0.0	0.0	0.0	0.0	0.0	0.0	0.0	0.0	0.0	0.0	0.0	0.0	0.0	1.2885366280873616	0.580206073820591	0.4765247702598572	0.45770619064569473	0.45430680364370346	0.4566848501563072	0.37554916739463806	0.36197439581155777	0.36275942623615265	0.36110543459653854	0.23089583590626717	0.2312731221318245	0.1436055228114128	0.14029378816485405	0.14053769037127495	0.13418289460241795	0.1318867839872837	0.13174958899617195	0.1325517985969782	0.1319591924548149	0.13163716532289982	0.13093975745141506	0.1311093233525753	0.12981552071869373	0.13095690682530403	0.12278983741998672	0.24103611866720256	0.12433142028748989
0.0	0.0	0.0	0.0	0.0	0.0	0.0	0.0	0.0	0.0	0.0	0.0	0.0	1.072404248373849	0.5693219378590584	0.47666196525096893	0.7046497911214828	0.4583464339375496	0.45278241485357285	0.4610217362642288	0.3683730475604534	0.3603546731173992	0.3622487261891365	0.22974495217204094	0.2295810505747795	0.2344629056751728	0.14287191070616245	0.14004416950047016	0.14097976312041283	0.13158952817320824	0.13380560837686062	0.13200492411851883	0.12980980426073074	0.13072824850678444	0.1323955487459898	0.13059867545962334	0.13198777474462986	0.13206780515611172	0.1252994518727064	0.1229308657348156	0.12258978374302387
0.0	0.0	0.0	0.0	0.0	0.0	0.0	0.0	0.0	0.0	0.0	0.0	0.0	1.0	0.4841390922665596	0.4858921393752098	0.4524470493197441	0.4502595514059067	0.4648250862956047	0.45888759195804596	0.36662378162145615	0.36065573990345	0.3635978400707245	0.24058719724416733	0.2318638227880001	0.2309149205684662	0.2311893105506897	0.1385216861963272	0.1392591092735529	0.13963830098509789	0.13135515339672565	0.13312534987926483	0.13096071779727936	0.13032428547739983	0.12927052937448025	0.12893325835466385	0.13253274373710155	0.13148091547191143	0.13008038327097893	0.13090355321764946	0.1209967527538538
0.0	0.0	0.0	0.0	0.0	0.0	0.0	0.0	0.0	0.0	0.0	0.0	0.0	1.0	0.468201607465744	0.4745201990008354	0.48895616084337234	0.4525308907032013	0.45817112922668457	0.45605985075235367	0.46144094318151474	0.35934098437428474	0.3623249754309654	0.23895229026675224	0.23560622707009315	0.23496217280626297	0.23093394562602043	0.13903807289898396	0.14081208035349846	0.14055865071713924	0.1385331191122532	0.13346071541309357	0.13345118798315525	0.1324946340173483	0.1306882333010435	0.1319229882210493	0.13154760748147964	0.130594864487648	0.13099692203104496	0.1305586602538824	0.13119890354573727
