0.000537109375	0.000595703125	0.00072265625	0.00060546875	0.000732421875	0.000634765625	0.000634765625	0.00072265625	0.000693359375	0.000673828125	0.00076171875	0.000791015625	0.000830078125	0.000810546875	0.00091796875	0.0012109375	0.00107421875	0.001630859375	0.001748046875	0.020322265625	0.035341796875	0.54001953125	0.541943359375	0.539013671875	0.54365234375	0.53935546875	0.543115234375	0.54552734375	0.544375	0.547001953125	0.542275390625	0.542724609375	0.542373046875	0.54291015625	0.5438671875	0.5430859375	0.546513671875	0.546923828125	0.548681640625	0.541357421875	0.545888671875
0.00064453125	0.000673828125	0.000654296875	0.000615234375	0.000712890625	0.000634765625	0.00060546875	0.000693359375	0.000615234375	0.000732421875	0.000751953125	0.000703125	0.0008203125	0.000751953125	0.001279296875	0.0011328125	0.0015234375	0.00171875	0.00685546875	0.025078125	0.5230859375	0.541083984375	0.543310546875	0.520712890625	0.54685546875	0.538740234375	0.5400390625	0.544267578125	0.5397265625	0.54064453125	0.5429296875	0.54111328125	0.54240234375	0.53955078125	0.54505859375	0.541533203125	0.542236328125	0.54205078125	0.544658203125	0.541845703125	0.542490234375
0.0006640625	0.000625	0.000673828125	0.000703125	0.000673828125	0.000634765625	0.000703125	0.0007421875	0.000732421875	0.000673828125	0.000693359375	0.00072265625	0.00083984375	0.00091796875	0.001015625	0.001220703125	0.001552734375	0.002646484375	0.0143359375	0.112197265625	0.517900390625	0.54490234375	0.54091796875	0.542177734375	0.542412109375	0.54083984375	0.545439453125	0.5428125	0.540654296875	0.54314453125	0.544169921875	0.5448828125	0.54361328125	0.547353515625	0.544013671875	0.542646484375	0.54087890625	0.546123046875	0.53861328125	0.5431640625	0.54298828125
0.000576171875	0.000693359375	0.000595703125	0.000703125	0.000537109375	0.000703125	0.000693359375	0.0006640625	0.00056640625	0.000693359375	0.000732421875	0.000732421875	0.000849609375	0.000751953125	0.00107421875	0.001240234375	0.001611328125	0.00517578125	0.01666015625	0.50505859375	0.54482421875	0.541181640625	0.540556640625	0.542646484375	0.5420703125	0.541611328125	0.542734375	0.546611328125	0.54044921875	0.542705078125	0.545791015625	0.54390625	0.540888671875	0.542626953125	0.54185546875	0.54365234375	0.5417578125	0.5439453125	0.544638671875	0.54279296875	0.544755859375
0.0005859375	0.00056640625	0.000595703125	0.00072265625	0.00076171875	0.000693359375	0.000615234375	0.000751953125	0.000732421875	0.0008203125	0.000703125	0.000751953125	0.000771484375	0.000947265625	0.0011328125	0.00138671875	0.001455078125	0.009599609375	0.06310546875	0.518193359375	0.54083984375	0.541318359375	0.54322265625	0.540400390625	0.54595703125	0.544013671875	0.54689453125	0.5438671875	0.54021484375	0.54392578125	0.5472265625	0.5426953125	0.5412109375	0.546767578125	0.54470703125	0.539755859375	0.540615234375	0.540341796875	0.54306640625	0.5418359375	0.540419921875
0.0005078125	0.000595703125	0.000693359375	0.00064453125	0.00076171875	0.00060546875	0.000654296875	0.000693359375	0.000673828125	0.00076171875	0.00068359375	0.000869140625	0.00091796875	0.001064453125	0.00119140625	0.001103515625	0.002705078125	0.023349609375	0.506240234375	0.54115234375	0.5430078125	0.543291015625	0.54494140625	0.540751953125	0.541201171875	0.54466796875	0.54013671875	0.5485546875	0.538720703125	0.547216796875	0.5429296875	0.541259765625	0.541279296875	0.541650390625	0.545908203125	0.539970703125	0.54330078125	0.54306640625	0.544033203125	0.54234375	0.544150390625
0.000634765625	0.000537109375	0.00064453125	0.000712890625	0.0006640625	0.000654296875	0.000791015625	0.000625	0.000703125	0.000703125	0.000712890625	0.0009375	0.00091796875	0.000869140625	0.00123046875	0.001884765625	0.009208984375	0.06328125	0.53888671875	0.541357421875	0.541064453125	0.54244140625	0.541552734375	0.54115234375	0.546064453125	0.541552734375	0.5418359375	0.545458984375	0.543935546875	0.547470703125	0.543857421875	0.544638671875	0.54205078125	0.54068359375	0.542080078125	0.543876953125	0.54078125	0.54228515625	0.542001953125	0.54189453125	0.542353515625
0.000595703125	0.000595703125	0.000625	0.000712890625	0.000673828125	0.000751953125	0.00064453125	0.000712890625	0.000693359375	0.0007421875	0.000693359375	0.00078125	0.00083984375	0.000810546875	0.00125	0.002783203125	0.012939453125	0.509033203125	0.539853515625	0.542548828125	0.545693359375	0.54455078125	0.544765625	0.54208984375	0.5466796875	0.540068359375	0.542763671875	0.539951171875	0.54400390625	0.54123046875	0.54427734375	0.5453515625	0.54658203125	0.54076171875	0.543544921875	0.548037109375	0.540830078125	0.542490234375	0.539814453125	0.543818359375	0.544189453125
0.00056640625	0.00060546875	0.0006640625	0.000712890625	0.000693359375	0.000712890625	0.000634765625	0.000751953125	0.000654296875	0.000751953125	0.000810546875	0.00083984375	0.000966796875	0.00099609375	0.0014453125	0.004404296875	0.0295703125	0.52880859375	0.54087890625	0.5421484375	0.53935546875	0.547607421875	0.547509765625	0.545146484375	0.542138671875	0.5426953125	0.5420703125	0.54130859375	0.540810546875	0.540263671875	0.541044921875	0.54439453125	0.54193359375	0.543623046875	0.54142578125	0.54193359375	0.539384765625	0.54251953125	0.54044921875	0.542021484375	0.543466796875
0.0006640625	0.00064453125	0.00048828125	0.000673828125	0.000693359375	0.000703125	0.00068359375	0.00060546875	0.00083984375	0.00072265625	0.000751953125	0.000830078125	0.000947265625	0.001015625	0.00283203125	0.018984375	0.508125	0.539345703125	0.543623046875	0.5425	0.54427734375	0.543095703125	0.5450390625	0.5397265625	0.545634765625	0.53998046875	0.54384765625	0.54341796875	0.5426953125	0.540634765625	0.54046875	0.54611328125	0.5423046875	0.545869140625	0.545537109375	0.5451171875	0.5440234375	0.540927734375	0.540693359375	0.545439453125	0.54119140625
0.000595703125	0.00060546875	0.000576171875	0.000595703125	0.000654296875	0.000634765625	0.0006640625	0.000732421875	0.000751953125	0.00072265625	0.000751953125	0.000751953125	0.000908203125	0.001201171875	0.005498046875	0.007783203125	0.53611328125	0.54294921875	0.54375	0.540478515625	0.541591796875	0.542607421875	0.544296875	0.541845703125	0.54408203125	0.543076171875	0.539560546875	0.54255859375	0.543466796875	0.543291015625	0.540126953125	0.55017578125	0.53734375	0.5435546875	0.5409765625	0.540205078125	0.541943359375	0.542763671875	0.544482421875	0.54328125	0.5449609375
0.00056640625	0.00056640625	0.00060546875	0.000634765625	0.0006640625	0.000703125	0.000751953125	0.000654296875	0.0006640625	0.000791015625	0.00068359375	0.000859375	0.000947265625	0.0015625	0.005634765625	0.49041015625	0.538427734375	0.542216796875	0.539990234375	0.54056640625	0.546142578125	0.54376953125	0.539619140625	0.541767578125	0.54224609375	0.54353515625	0.543671875	0.542841796875	0.541044921875	0.5419921875	0.544794921875	0.5423828125	0.544951171875	0.544189453125	0.5448828125	0.5430859375	0.541923828125	0.54578125	0.543349609375	0.543896484375	0.54328125
0.000556640625	0.00052734375	0.0005859375	0.000615234375	0.000634765625	0.000732421875	0.000693359375	0.000712890625	0.000654296875	0.0007421875	0.00078125	0.000966796875	0.001025390625	0.002099609375	0.074345703125	0.538681640625	0.545419921875	0.539501953125	0.544306640625	0.545166015625	0.544443359375	0.54326171875	0.54572265625	0.544072265625	0.5421875	0.542705078125	0.54349609375	0.54408203125	0.54833984375	0.54416015625	0.54296875	0.53927734375	0.544453125	0.54265625	0.5453515625	0.543427734375	0.544130859375	0.542138671875	0.545341796875	0.54568359375	0.5457421875
0.0006640625	0.000634765625	0.000595703125	0.000703125	0.000654296875	0.00076171875	0.0007421875	0.00064453125	0.00068359375	0.000732421875	0.00083984375	0.0009765625	0.001171875	0.00439453125	0.471376953125	0.538916015625	0.54291015625	0.542041015625	0.541806640625	0.5416015625	0.53837890625	0.542685546875	0.53828125	0.540107421875	0.540751953125	0.544775390625	0.540703125	0.5438671875	0.54353515625	0.541240234375	0.542041015625	0.54369140625	0.543837890625	0.54396484375	0.5383203125	0.5437109375	0.5408203125	0.544716796875	0.5455078125	0.54111328125	0.54458984375
0.000595703125	0.00064453125	0.00068359375	0.000625	0.0005859375	0.000615234375	0.000654296875	0.00072265625	0.000654296875	0.000712890625	0.000869140625	0.00103515625	0.001884765625	0.011171875	0.527451171875	0.53869140625	0.537724609375	0.54267578125	0.54267578125	0.541865234375	0.5412890625	0.5407421875	0.546640625	0.54328125	0.5447265625	0.54423828125	0.541298828125	0.54263671875	0.544482421875	0.545126953125	0.54607421875	0.540546875	0.539873046875	0.540849609375	0.54380859375	0.542138671875	0.539453125	0.5413671875	0.5407421875	0.540625	0.539501953125
0.000654296875	0.0005078125	0.000595703125	0.00056640625	0.000576171875	0.0005859375	0.00068359375	0.000615234375	0.000732421875	0.00087890625	0.000712890625	0.001044921875	0.005185546875	0.4064453125	0.5102734375	0.510791015625	0.543828125	0.542626953125	0.54578125	0.546611328125	0.544140625	0.54130859375	0.542392578125	0.537744140625	0.5408984375	0.5426171875	0.54056640625	0.544765625	0.54498046875	0.540498046875	0.545615234375	0.54048828125	0.54578125	0.5458984375	0.53439453125	0.54068359375	0.54548828125	0.542900390625	0.5426953125	0.539658203125	0.53990234375
0.000595703125	0.00064453125	0.00068359375	0.0005859375	0.000595703125	0.0005078125	0.000546875	0.00068359375	0.00060546875	0.000791015625	0.000869140625	0.00158203125	0.0121875	0.46791015625	0.505	0.514404296875	0.514736328125	0.543349609375	0.545126953125	0.5425390625	0.54216796875	0.543857421875	0.542392578125	0.542158203125	0.5425390625	0.542021484375	0.54029296875	0.5442578125	0.541103515625	0.546318359375	0.546015625	0.543095703125	0.545576171875	0.54228515625	0.545595703125	0.539951171875	0.5416015625	0.5454296875	0.54416015625	0.543134765625	0.546396484375
0.0005859375	0.000625	0.00056640625	0.00060546875	0.000556640625	0.0005078125	0.00068359375	0.00078125	0.00068359375	0.00087890625	0.000908203125	0.007275390625	0.364267578125	0.469296875	0.5034375	0.51115234375	0.511845703125	0.513291015625	0.541357421875	0.54583984375	0.54255859375	0.540244140625	0.543837890625	0.545283203125	0.54431640625	0.5423046875	0.54556640625	0.543173828125	0.538212890625	0.542646484375	0.5469140625	0.545419921875	0.5371484375	0.546591796875	0.54482421875	0.543896484375	0.54361328125	0.544921875	0.54279296875	0.547587890625	0.54259765625
0.000673828125	0.000498046875	0.000615234375	0.00060546875	0.00056640625	0.000634765625	0.00078125	0.00080078125	0.000810546875	0.000966796875	0.001298828125	0.014345703125	0.3281640625	0.452412109375	0.49306640625	0.507607421875	0.51396484375	0.5143359375	0.5131640625	0.545029296875	0.5420703125	0.54505859375	0.54076171875	0.542548828125	0.543603515625	0.541201171875	0.542314453125	0.539150390625	0.546728515625	0.54013671875	0.5445703125	0.543125	0.54201171875	0.541982421875	0.543427734375	0.5224609375	0.54462890625	0.548759765625	0.54232421875	0.541220703125	0.542451171875
0.000576171875	0.00056640625	0.000654296875	0.00056640625	0.000517578125	0.000615234375	0.000625	0.0007421875	0.000732421875	0.00095703125	0.0055078125	0.2807421875	0.34650390625	0.443525390625	0.4639453125	0.500927734375	0.51021484375	0.51431640625	0.513623046875	0.53828125	0.5477734375	0.545283203125	0.54099609375	0.542919921875	0.54296875	0.540576171875	0.542705078125	0.542470703125	0.543369140625	0.5434765625	0.540400390625	0.542890625	0.543037109375	0.538115234375	0.5461328125	0.5426953125	0.543916015625	0.54404296875	0.540771484375	0.543017578125	0.546416015625
0.000556640625	0.00056640625	0.00060546875	0.000458984375	0.000673828125	0.000576171875	0.000654296875	0.000673828125	0.000615234375	0.001005859375	0.003837890625	0.300859375	0.330908203125	0.35615234375	0.453984375	0.4646484375	0.498310546875	0.514384765625	0.51486328125	0.511767578125	0.513828125	0.546171875	0.51884765625	0.538564453125	0.543759765625	0.542412109375	0.543154296875	0.53908203125	0.5417578125	0.547021484375	0.541240234375	0.540966796875	0.54421875	0.54111328125	0.5401953125	0.543017578125	0.541298828125	0.54201171875	0.5421875	0.540615234375	0.5407421875
0.00064453125	0.000595703125	0.000615234375	0.000634765625	0.000595703125	0.00060546875	0.000576171875	0.00064453125	0.000859375	0.002197265625	0.190244140625	0.304990234375	0.325078125	0.35328125	0.3728125	0.460859375	0.496357421875	0.506259765625	0.513994140625	0.5117578125	0.51333984375	0.51724609375	0.542490234375	0.547822265625	0.547216796875	0.543173828125	0.543662109375	0.546455078125	0.5457421875	0.543369140625	0.54498046875	0.54220703125	0.539228515625	0.5394140625	0.540556640625	0.544033203125	0.540771484375	0.546064453125	0.542314453125	0.541298828125	0.544609375
0.000615234375	0.000625	0.000625	0.00056640625	0.000576171875	0.000625	0.000654296875	0.00060546875	0.000751953125	0.113701171875	0.238193359375	0.267919921875	0.319892578125	0.33771484375	0.368115234375	0.45576171875	0.46412109375	0.500224609375	0.509404296875	0.514970703125	0.51271484375	0.513251953125	0.51228515625	0.542099609375	0.54359375	0.546845703125	0.54564453125	0.5412109375	0.545673828125	0.542509765625	0.543427734375	0.541982421875	0.544736328125	0.540859375	0.542626953125	0.54455078125	0.539765625	0.541123046875	0.543798828125	0.5415234375	0.539951171875
0.000546875	0.000595703125	0.000634765625	0.000595703125	0.000595703125	0.000654296875	0.00056640625	0.000810546875	0.001240234375	0.170830078125	0.23609375	0.266005859375	0.321123046875	0.333623046875	0.36421875	0.3742578125	0.46427734375	0.472724609375	0.50146484375	0.5108203125	0.51107421875	0.515400390625	0.517900390625	0.51529296875	0.542666015625	0.54328125	0.544140625	0.544794921875	0.540654296875	0.541181640625	0.540107421875	0.54279296875	0.54330078125	0.541064453125	0.543583984375	0.543349609375	0.543310546875	0.543095703125	0.545947265625	0.543603515625	0.5435546875
0.000625	0.000576171875	0.000625	0.000634765625	0.00060546875	0.00064453125	0.000693359375	0.00078125	0.004228515625	0.197490234375	0.241494140625	0.26849609375	0.27248046875	0.32990234375	0.34869140625	0.371875	0.455205078125	0.463447265625	0.502197265625	0.50166015625	0.5107421875	0.513671875	0.51568359375	0.514931640625	0.517001953125	0.544990234375	0.541806640625	0.54044921875	0.544189453125	0.541806640625	0.5439453125	0.54447265625	0.539345703125	0.542412109375	0.54328125	0.5434375	0.5408203125	0.54095703125	0.544970703125	0.54171875	0.5394140625
0.000654296875	0.000576171875	0.0005859375	0.000693359375	0.00056640625	0.000634765625	0.000546875	0.000947265625	0.0983984375	0.203046875	0.217607421875	0.261396484375	0.2698046875	0.32478515625	0.345654296875	0.352275390625	0.372998046875	0.4641796875	0.47044921875	0.49994140625	0.503349609375	0.513544921875	0.51205078125	0.514794921875	0.513916015625	0.515625	0.545615234375	0.541923828125	0.54232421875	0.54158203125	0.538740234375	0.54810546875	0.5422265625	0.543701171875	0.537822265625	0.541572265625	0.5456640625	0.540869140625	0.542236328125	0.54439453125	0.543798828125
0.00060546875	0.00068359375	0.000546875	0.000654296875	0.000556640625	0.000693359375	0.000634765625	0.006103515625	0.111171875	0.204794921875	0.222744140625	0.256943359375	0.271298828125	0.275498046875	0.342216796875	0.353134765625	0.3689453125	0.382265625	0.467255859375	0.4720703125	0.502001953125	0.509658203125	0.51318359375	0.511884765625	0.515146484375	0.513369140625	0.51662109375	0.543974609375	0.540068359375	0.54294921875	0.543466796875	0.54126953125	0.545107421875	0.545166015625	0.539736328125	0.542177734375	0.54642578125	0.54421875	0.545107421875	0.544365234375	0.542998046875
0.000693359375	0.000634765625	0.000537109375	0.0006640625	0.000654296875	0.000595703125	0.00087890625	0.0846875	0.112041015625	0.1286328125	0.21767578125	0.251025390625	0.267587890625	0.2742578125	0.3412109375	0.347021484375	0.3560546875	0.38185546875	0.38912109375	0.47279296875	0.4766796875	0.502158203125	0.510146484375	0.51529296875	0.515791015625	0.51677734375	0.51419921875	0.51337890625	0.541630859375	0.545263671875	0.540087890625	0.541474609375	0.5423046875	0.54494140625	0.541005859375	0.541455078125	0.540732421875	0.5420703125	0.5441015625	0.54119140625	0.540654296875
0.000712890625	0.000576171875	0.00064453125	0.000556640625	0.00056640625	0.0006640625	0.002001953125	0.073671875	0.1123046875	0.1293359375	0.215380859375	0.234873046875	0.265986328125	0.272294921875	0.304541015625	0.344365234375	0.357939453125	0.373427734375	0.389296875	0.465390625	0.4723046875	0.502548828125	0.50490234375	0.51126953125	0.511396484375	0.515341796875	0.512314453125	0.5165625	0.5369140625	0.5440234375	0.5439453125	0.541591796875	0.540771484375	0.542333984375	0.543935546875	0.54123046875	0.5449609375	0.538125	0.545595703125	0.541689453125	0.542021484375
0.000556640625	0.0005859375	0.000625	0.000615234375	0.000595703125	0.000654296875	0.049169921875	0.072685546875	0.11072265625	0.128681640625	0.216103515625	0.23521484375	0.25568359375	0.2712890625	0.2946875	0.3412890625	0.350810546875	0.36056640625	0.3814453125	0.388330078125	0.47068359375	0.473857421875	0.502470703125	0.503564453125	0.51302734375	0.51587890625	0.51517578125	0.51646484375	0.51623046875	0.516943359375	0.54259765625	0.54595703125	0.54451171875	0.5395703125	0.543876953125	0.543701171875	0.53935546875	0.54419921875	0.546455078125	0.543564453125	0.54400390625
0.000556640625	0.00064453125	0.000537109375	0.000634765625	0.000537109375	0.001201171875	0.049384765625	0.0741796875	0.11037109375	0.12533203125	0.129521484375	0.227861328125	0.2395703125	0.27021484375	0.288837890625	0.301416015625	0.345341796875	0.35873046875	0.37607421875	0.389150390625	0.390576171875	0.475849609375	0.478232421875	0.501181640625	0.5033203125	0.513134765625	0.51505859375	0.514921875	0.51748046875	0.514736328125	0.513916015625	0.545390625	0.541484375	0.545146484375	0.540126953125	0.544287109375	0.541875	0.542568359375	0.544326171875	0.5378125	0.543896484375
0.000595703125	0.0005859375	0.000703125	0.000615234375	0.00068359375	0.03103515625	0.051396484375	0.074287109375	0.108330078125	0.126220703125	0.134267578125	0.22412109375	0.240283203125	0.262099609375	0.288330078125	0.301279296875	0.345537109375	0.354921875	0.371533203125	0.385361328125	0.3913671875	0.470966796875	0.473291015625	0.479326171875	0.507177734375	0.511240234375	0.513984375	0.516435546875	0.512822265625	0.51482421875	0.5141015625	0.51716796875	0.539931640625	0.547119140625	0.541259765625	0.543681640625	0.543955078125	0.542333984375	0.53994140625	0.5455859375	0.538447265625
0.00064453125	0.0006640625	0.000693359375	0.000546875	0.01255859375	0.032314453125	0.0490625	0.07158203125	0.080888671875	0.12046875	0.13375	0.225341796875	0.234609375	0.256884765625	0.28732421875	0.301396484375	0.308427734375	0.35203125	0.3596875	0.37599609375	0.386279296875	0.39443359375	0.472197265625	0.47576171875	0.477529296875	0.509521484375	0.513798828125	0.516005859375	0.516513671875	0.516787109375	0.513466796875	0.514765625	0.515927734375	0.544833984375	0.540361328125	0.539296875	0.542861328125	0.54263671875	0.541826171875	0.5396875	0.543623046875
0.000615234375	0.000576171875	0.000595703125	0.000556640625	0.019482421875	0.034990234375	0.050185546875	0.073056640625	0.081396484375	0.1209765625	0.133486328125	0.224296875	0.23142578125	0.246142578125	0.28341796875	0.29607421875	0.31265625	0.348974609375	0.358857421875	0.374853515625	0.385146484375	0.390771484375	0.471982421875	0.477216796875	0.4795703125	0.50369140625	0.506396484375	0.515849609375	0.515	0.515380859375	0.51423828125	0.51615234375	0.513994140625	0.53677734375	0.54341796875	0.541748046875	0.54287109375	0.541728515625	0.5444921875	0.543486328125	0.545224609375
0.0005078125	0.000576171875	0.000654296875	0.000771484375	0.019931640625	0.034794921875	0.0498828125	0.073037109375	0.080927734375	0.120390625	0.1319921875	0.148720703125	0.230009765625	0.24359375	0.281552734375	0.293095703125	0.306982421875	0.31677734375	0.359619140625	0.37275390625	0.3748046875	0.388994140625	0.397578125	0.474072265625	0.47611328125	0.4823046875	0.507021484375	0.507646484375	0.514541015625	0.51625	0.515625	0.513798828125	0.513271484375	0.51458984375	0.51142578125	0.53869140625	0.5432421875	0.542939453125	0.545361328125	0.543076171875	0.543984375
0.000615234375	0.00060546875	0.000654296875	0.011748046875	0.022587890625	0.03015625	0.0506640625	0.062177734375	0.081259765625	0.120126953125	0.1278515625	0.15109375	0.233046875	0.239599609375	0.269892578125	0.2879296875	0.310458984375	0.320869140625	0.352568359375	0.37140625	0.37390625	0.380107421875	0.391474609375	0.393017578125	0.475673828125	0.47505859375	0.486474609375	0.5060546875	0.507939453125	0.512197265625	0.516298828125	0.515732421875	0.518046875	0.5172265625	0.509814453125	0.517001953125	0.543525390625	0.54353515625	0.541181640625	0.544423828125	0.54490234375
0.000556640625	0.000634765625	0.00359375	0.01248046875	0.020771484375	0.031611328125	0.044931640625	0.061572265625	0.08125	0.097890625	0.12880859375	0.150625	0.16390625	0.242138671875	0.2687109375	0.297783203125	0.310166015625	0.31787109375	0.3236328125	0.36283203125	0.372158203125	0.381435546875	0.390478515625	0.3941015625	0.396005859375	0.47634765625	0.481435546875	0.48591796875	0.504501953125	0.51396484375	0.515419921875	0.515771484375	0.516484375	0.51359375	0.51474609375	0.51484375	0.515576171875	0.5387109375	0.54146484375	0.543125	0.545234375
0.000615234375	0.000615234375	0.005576171875	0.012744140625	0.0218359375	0.0328515625	0.043271484375	0.06205078125	0.07822265625	0.09916015625	0.12947265625	0.15724609375	0.16888671875	0.23798828125	0.269912109375	0.29669921875	0.3112890625	0.320537109375	0.321416015625	0.35349609375	0.374951171875	0.376884765625	0.37818359375	0.393427734375	0.395458984375	0.47271484375	0.48041015625	0.484951171875	0.5051953125	0.50806640625	0.50994140625	0.514677734375	0.515615234375	0.516796875	0.515166015625	0.515263671875	0.5182421875	0.512998046875	0.545830078125	0.53849609375	0.542958984375
0.00068359375	0.000615234375	0.006162109375	0.0124609375	0.02232421875	0.033837890625	0.044892578125	0.063017578125	0.08283203125	0.10189453125	0.1286328125	0.156767578125	0.169931640625	0.234033203125	0.270556640625	0.29326171875	0.308798828125	0.316904296875	0.322607421875	0.32703125	0.370830078125	0.376728515625	0.38130859375	0.391845703125	0.39302734375	0.3956640625	0.4748828125	0.483828125	0.486572265625	0.506318359375	0.507373046875	0.515166015625	0.515	0.516875	0.51673828125	0.518623046875	0.520126953125	0.516396484375	0.53796875	0.54015625	0.53943359375
0.0005859375	0.00181640625	0.006962890625	0.013671875	0.0220703125	0.032783203125	0.048984375	0.066982421875	0.082802734375	0.1046875	0.12904296875	0.16310546875	0.17240234375	0.173662109375	0.285537109375	0.291484375	0.307099609375	0.317744140625	0.3213671875	0.323193359375	0.367998046875	0.37412109375	0.376005859375	0.3805078125	0.393505859375	0.396201171875	0.397177734375	0.480673828125	0.481376953125	0.48138671875	0.504794921875	0.506533203125	0.515029296875	0.51392578125	0.515498046875	0.516962890625	0.512001953125	0.51373046875	0.518388671875	0.511484375	0.544306640625
0.00060546875	0.00248046875	0.00775390625	0.01451171875	0.0240234375	0.033671875	0.053876953125	0.073603515625	0.076171875	0.107666015625	0.107509765625	0.164814453125	0.170927734375	0.17369140625	0.289462890625	0.289443359375	0.292998046875	0.3134375	0.32103515625	0.32146484375	0.32197265625	0.373642578125	0.377177734375	0.380849609375	0.38001953125	0.393564453125	0.396015625	0.48087890625	0.4810546875	0.48435546875	0.482587890625	0.5079296875	0.510302734375	0.51138671875	0.518779296875	0.51900390625	0.518134765625	0.5159375	0.51625	0.5137890625	0.518828125
