1.0	1.0	1.0	1.0	1.0	1.0	1.0	1.0	1.0	1.0	1.0	1.0	1.0	1.0	1.0	1.0	1.0	1.0	1.0	0.99590625	0.9893515625	0.284787109375	0.17196484375	0.08200390625	0.062607421875	0.025177734375	0.01841015625	9.765625e-6	7.8125e-6	1.953125e-6	1.953125e-6	0.0	0.0	0.0	0.0	0.0	0.0	0.0	0.0	0.0	0.0
1.0	1.0	1.0	1.0	1.0	1.0	1.0	1.0	1.0	1.0	1.0	1.0	1.0	1.0	1.0	1.0	1.0	1.0	1.0	0.9849316406249999	0.331720703125	0.22966210937500003	0.1180625	0.06390234375	0.028046875	0.01923828125	0.015712890625	3.90625e-6	3.90625e-6	7.8125e-6	0.0	0.0	0.0	0.0	0.0	0.0	0.0	0.0	0.0	0.0	0.0
1.0	1.0	1.0	1.0	1.0	1.0	1.0	1.0	1.0	1.0	1.0	1.0	1.0	1.0	1.0	1.0	1.0	1.0	1.0	0.9060898437499999	0.26146484375	0.17572265625	0.078099609375	0.02902734375	0.020964843750000003	0.0181640625	2.1484375e-5	3.90625e-6	5.859375e-6	0.0	0.0	0.0	0.0	0.0	0.0	0.0	0.0	0.0	0.0	0.0	0.0
1.0	1.0	1.0	1.0	1.0	1.0	1.0	1.0	1.0	1.0	1.0	1.0	1.0	1.0	1.0	1.0	1.0	1.0	0.992458984375	0.31186328125	0.2165078125	0.116701171875	0.064302734375	0.02508984375	0.01896484375	2.34375e-5	5.859375e-6	3.90625e-6	0.0	0.0	0.0	0.0	0.0	0.0	0.0	0.0	0.0	0.0	0.0	0.0	0.0
1.0	1.0	1.0	1.0	1.0	1.0	1.0	1.0	1.0	1.0	1.0	1.0	1.0	1.0	1.0	1.0	1.0	1.0	0.9694648437500001	0.2714296875	0.16783593749999998	0.071515625	0.0286484375	0.019279296874999997	0.017904296875	1.5625e-5	3.90625e-6	5.859375e-6	0.0	0.0	0.0	0.0	0.0	0.0	0.0	0.0	0.0	0.0	0.0	0.0	0.0
1.0	1.0	1.0	1.0	1.0	1.0	1.0	1.0	1.0	1.0	1.0	1.0	1.0	1.0	1.0	1.0	1.0	1.0	0.341728515625	0.203552734375	0.11566601562500001	0.06201757812499999	0.02084765625	0.017548828125	9.765625e-6	7.8125e-6	1.953125e-6	0.0	0.0	0.0	0.0	0.0	0.0	0.0	0.0	0.0	0.0	0.0	0.0	0.0	0.0
1.0	1.0	1.0	1.0	1.0	1.0	1.0	1.0	1.0	1.0	1.0	1.0	1.0	1.0	1.0	1.0	1.0	0.9923906250000001	0.259138671875	0.129658203125	0.0704296875	0.026750000000000003	0.01859765625	1.171875e-5	2.1484375e-5	3.90625e-6	0.0	0.0	0.0	0.0	0.0	0.0	0.0	0.0	0.0	0.0	0.0	0.0	0.0	0.0	0.0
1.0	1.0	1.0	1.0	1.0	1.0	1.0	1.0	1.0	1.0	1.0	1.0	1.0	1.0	1.0	1.0	1.0	0.353236328125	0.190640625	0.078322265625	0.030683593749999998	0.018794921875000002	1.953125e-5	1.5625e-5	5.859375e-6	0.0	0.0	0.0	0.0	0.0	0.0	0.0	0.0	0.0	0.0	0.0	0.0	0.0	0.0	0.0	0.0
1.0	1.0	1.0	1.0	1.0	1.0	1.0	1.0	1.0	1.0	1.0	1.0	1.0	1.0	1.0	1.0	1.0	0.27837109375	0.134654296875	0.06444140625	0.024828125	0.018373046875	9.765625e-6	7.8125e-6	5.859375e-6	0.0	0.0	0.0	0.0	0.0	0.0	0.0	0.0	0.0	0.0	0.0	0.0	0.0	0.0	0.0	0.0
1.0	1.0	1.0	1.0	1.0	1.0	1.0	1.0	1.0	1.0	1.0	1.0	1.0	1.0	1.0	1.0	0.405197265625	0.186779296875	0.07757421875	0.029013671875	0.01900390625	1.7578125000000002e-5	9.765625e-6	3.90625e-6	0.0	0.0	0.0	0.0	0.0	0.0	0.0	0.0	0.0	0.0	0.0	0.0	0.0	0.0	0.0	0.0	0.0
1.0	1.0	1.0	1.0	1.0	1.0	1.0	1.0	1.0	1.0	1.0	1.0	1.0	1.0	1.0	1.0	0.26821484375	0.12880078125	0.060380859375	0.021675781249999998	0.017912109375000002	9.765625e-6	9.765625e-6	1.953125e-6	0.0	0.0	0.0	0.0	0.0	0.0	0.0	0.0	0.0	0.0	0.0	0.0	0.0	0.0	0.0	0.0	0.0
1.0	1.0	1.0	1.0	1.0	1.0	1.0	1.0	1.0	1.0	1.0	1.0	1.0	1.0	1.0	0.42665234375000005	0.18610546875	0.07371875	0.02475390625	0.01858203125	1.953125e-5	7.8125e-6	1.953125e-6	0.0	0.0	0.0	0.0	0.0	0.0	0.0	0.0	0.0	0.0	0.0	0.0	0.0	0.0	0.0	0.0	0.0	0.0
1.0	1.0	1.0	1.0	1.0	1.0	1.0	1.0	1.0	1.0	1.0	1.0	1.0	1.0	1.0	0.28615039062500003	0.08731835937499999	0.032158203125	0.019154296875	2.5390625000000002e-5	1.3671875e-5	1.953125e-6	0.0	0.0	0.0	0.0	0.0	0.0	0.0	0.0	0.0	0.0	0.0	0.0	0.0	0.0	0.0	0.0	0.0	0.0	0.0
1.0	1.0	1.0	1.0	1.0	1.0	1.0	1.0	1.0	1.0	1.0	1.0	1.0	1.0	0.5190312499999999	0.17478515625	0.07058398437499999	0.02246484375	0.017964843749999997	1.171875e-5	1.171875e-5	0.0	0.0	0.0	0.0	0.0	0.0	0.0	0.0	0.0	0.0	0.0	0.0	0.0	0.0	0.0	0.0	0.0	0.0	0.0	0.0
1.0	1.0	1.0	1.0	1.0	1.0	1.0	1.0	1.0	1.0	1.0	1.0	1.0	1.0	0.30175390625	0.083556640625	0.029228515625	0.018224609375	2.734375e-5	5.859375e-6	1.953125e-6	0.0	0.0	0.0	0.0	0.0	0.0	0.0	0.0	0.0	0.0	0.0	0.0	0.0	0.0	0.0	0.0	0.0	0.0	0.0	0.0
1.0	1.0	1.0	1.0	1.0	1.0	1.0	1.0	1.0	1.0	1.0	1.0	1.0	0.9951503906250001	0.98722265625	0.64136328125	0.02044140625	1.5625e-5	3.5156250000000004e-5	0.0	3.90625e-6	0.0	0.0	0.0	0.0	0.0	0.0	0.0	0.0	0.0	0.0	0.0	0.0	0.0	0.0	0.0	0.0	0.0	0.0	0.0	0.0
1.0	1.0	1.0	1.0	1.0	1.0	1.0	1.0	1.0	1.0	1.0	1.0	1.0	0.9999687500000001	0.9999667968750001	0.705154296875	0.314251953125	4.4921875000000006e-5	5.859375e-6	1.953125e-6	0.0	0.0	0.0	0.0	0.0	0.0	0.0	0.0	0.0	0.0	0.0	0.0	0.0	0.0	0.0	0.0	0.0	0.0	0.0	0.0	0.0
1.0	1.0	1.0	1.0	1.0	1.0	1.0	1.0	1.0	1.0	1.0	1.0	0.999951171875	0.999970703125	0.9999414062499999	0.879443359375	0.32299414062500004	0.214318359375	3.90625e-6	0.0	0.0	0.0	0.0	0.0	0.0	0.0	0.0	0.0	0.0	0.0	0.0	0.0	0.0	0.0	0.0	0.0	0.0	0.0	0.0	0.0	0.0
1.0	1.0	1.0	1.0	1.0	1.0	1.0	1.0	1.0	1.0	1.0	1.0	0.99994140625	0.9999609375000001	0.9999472656249999	0.962494140625	0.4996933593749999	0.22990625	0.19869140625000004	3.90625e-6	0.0	0.0	0.0	0.0	0.0	0.0	0.0	0.0	0.0	0.0	0.0	0.0	0.0	0.0	0.0	0.0	0.0	0.0	0.0	0.0	0.0
1.0	1.0	1.0	1.0	1.0	1.0	1.0	1.0	1.0	1.0	1.0	0.9999472656250001	0.99328515625	0.999943359375	0.99994140625	0.9680624999999999	0.6891835937499999	0.28614453125	0.2029765625	0.07991796874999998	0.0	0.0	0.0	0.0	0.0	0.0	0.0	0.0	0.0	0.0	0.0	0.0	0.0	0.0	0.0	0.0	0.0	0.0	0.0	0.0	0.0
1.0	1.0	1.0	1.0	1.0	1.0	1.0	1.0	1.0	1.0	1.0	0.9936386718750001	0.9999414062500002	0.99993359375	0.973798828125	0.9722128906249999	0.90475	0.41011328125	0.23130078124999998	0.198306640625	0.193349609375	0.0	0.0	0.0	0.0	0.0	0.0	0.0	0.0	0.0	0.0	0.0	0.0	0.0	0.0	0.0	0.0	0.0	0.0	0.0	0.0
1.0	1.0	1.0	1.0	1.0	1.0	1.0	1.0	1.0	1.0	0.989763671875	0.999916015625	0.9998906249999999	0.9701054687499999	0.9640820312499999	0.94777734375	0.895408203125	0.5455019531249999	0.284546875	0.20132812500000002	0.18265625	0.10614453125000001	0.0	0.0	0.0	0.0	0.0	0.0	0.0	0.0	0.0	0.0	0.0	0.0	0.0	0.0	0.0	0.0	0.0	0.0	0.0
1.0	1.0	1.0	1.0	1.0	1.0	1.0	1.0	1.0	0.98635546875	0.9998906250000001	0.999916015625	0.9999394531250001	0.9669921875	0.9453945312500001	0.9417968750000001	0.908419921875	0.7265312500000001	0.378544921875	0.23394921875	0.18513671875	0.127119140625	0.10251953125	0.0	0.0	0.0	0.0	0.0	0.0	0.0	0.0	0.0	0.0	0.0	0.0	0.0	0.0	0.0	0.0	0.0	0.0
1.0	1.0	1.0	1.0	1.0	1.0	1.0	1.0	1.0	0.989361328125	0.999916015625	0.9998925781250001	0.9629492187500001	0.9494218750000001	0.937896484375	0.9160859375000001	0.905748046875	0.8194453125000001	0.508078125	0.295021484375	0.202509765625	0.16694335937500002	0.1067578125	0.10180078125	0.0	0.0	0.0	0.0	0.0	0.0	0.0	0.0	0.0	0.0	0.0	0.0	0.0	0.0	0.0	0.0	0.0
1.0	1.0	1.0	1.0	1.0	1.0	1.0	1.0	0.996103515625	0.999904296875	0.99210546875	0.9494472656249999	0.95165625	0.943201171875	0.9294687500000001	0.90578125	0.9164804687499999	0.768642578125	0.569052734375	0.3394609375	0.24150585937499996	0.180076171875	0.116271484375	0.10349414062500001	0.10302929687500001	0.0	0.0	0.0	0.0	0.0	0.0	0.0	0.0	0.0	0.0	0.0	0.0	0.0	0.0	0.0	0.0
1.0	1.0	1.0	1.0	1.0	1.0	1.0	1.0	0.9809140624999999	0.98475	0.999859375	0.9468515625	0.925697265625	0.936130859375	0.9110312500000001	0.8972402343749999	0.79653125	0.7708124999999999	0.62962890625	0.39737304687499997	0.294921875	0.199857421875	0.13071093749999999	0.1136875	0.10423828125000001	0.10208984374999999	0.0	0.0	0.0	0.0	0.0	0.0	0.0	0.0	0.0	0.0	0.0	0.0	0.0	0.0	0.0
1.0	1.0	1.0	1.0	1.0	1.0	1.0	0.9818554687500001	0.9998496093750001	0.999814453125	0.9305898437500001	0.91666796875	0.9121503906249999	0.913609375	0.818818359375	0.8059453125	0.79177734375	0.694	0.646505859375	0.447646484375	0.31095703125	0.21981640624999998	0.14221289062499998	0.127359375	0.10741210937500001	0.102546875	0.102564453125	0.0	0.0	0.0	0.0	0.0	0.0	0.0	0.0	0.0	0.0	0.0	0.0	0.0	0.0
1.0	1.0	1.0	1.0	1.0	1.0	1.0	0.9872246093750001	0.9918671875	0.8734999999999999	0.894650390625	0.8965390625	0.9057480468750001	0.8305156249999999	0.798345703125	0.7960429687500001	0.7671015625	0.7031171875	0.5524824218750001	0.46791796875	0.37140625000000005	0.26108593750000003	0.199046875	0.13821875	0.11434375000000001	0.10611328125	0.1025234375	0.09930078125	0.0	0.0	0.0	0.0	0.0	0.0	0.0	0.0	0.0	0.0	0.0	0.0	0.0
1.0	1.0	1.0	1.0	1.0	1.0	1.0	0.992322265625	0.999693359375	0.871625	0.8805234375000001	0.8811171875	0.9031015625	0.81276171875	0.772154296875	0.781841796875	0.76134375	0.7108945312500001	0.53833984375	0.501154296875	0.40215039062499996	0.279763671875	0.227833984375	0.1487890625	0.11689453125	0.1077734375	0.10440820312500002	0.09936132812499998	0.031546875	0.0	0.0	0.0	0.0	0.0	0.0	0.0	0.0	0.0	0.0	0.0	0.0
1.0	1.0	1.0	1.0	1.0	1.0	0.961041015625	0.9916953125000001	0.8433964843750001	0.81477734375	0.8693906250000001	0.8760644531249999	0.807904296875	0.793046875	0.7556835937499999	0.76339453125	0.71783203125	0.6756328125	0.5451367187499999	0.479853515625	0.42091992187499994	0.32984375	0.2505234375	0.21731640625	0.14451171875	0.117427734375	0.10723828125	0.101994140625	0.09992578125	0.09949609375000001	0.0	0.0	0.0	0.0	0.0	0.0	0.0	0.0	0.0	0.0	0.0
1.0	1.0	1.0	1.0	1.0	0.996619140625	0.9928125	0.798705078125	0.793060546875	0.797892578125	0.8105039062499999	0.780810546875	0.7875351562499999	0.7832890625	0.7389335937499999	0.7178203125	0.711708984375	0.593677734375	0.5314707031249999	0.47539453125	0.4465390625	0.34463671875	0.289015625	0.22684960937499998	0.16545507812500002	0.14435546875	0.117078125	0.10464843750000001	0.09985156250000002	0.099048828125	0.09824609374999999	0.0	0.0	0.0	0.0	0.0	0.0	0.0	0.0	0.0	0.0
1.0	1.0	1.0	1.0	1.0	0.967392578125	0.9913359374999999	0.7249785156249999	0.76575390625	0.727650390625	0.7232128906249999	0.772408203125	0.775205078125	0.765380859375	0.7155820312499999	0.6707968750000001	0.6919609375	0.57271484375	0.5145820312499999	0.483525390625	0.435810546875	0.34789453124999997	0.31253710937500007	0.264361328125	0.1708203125	0.147904296875	0.12199023437499999	0.10677929687499998	0.10073437499999999	0.09846289062500001	0.09880859375	0.098833984375	0.0	0.0	0.0	0.0	0.0	0.0	0.0	0.0	0.0
1.0	1.0	1.0	1.0	0.9018984375	0.988994140625	0.6653203124999999	0.7104042968750001	0.6675234375000001	0.71147265625	0.72137890625	0.7628222656250001	0.7551328125	0.744171875	0.6940117187500001	0.6551660156249999	0.54682421875	0.5678398437500001	0.530376953125	0.45904687499999997	0.433287109375	0.379611328125	0.31804296875	0.272451171875	0.25813281250000003	0.17047265625000002	0.147091796875	0.11739257812500001	0.10924804687499999	0.100134765625	0.101509765625	0.10164648437499998	0.098015625	0.0	0.0	0.0	0.0	0.0	0.0	0.0	0.0
1.0	1.0	1.0	1.0	0.95753515625	0.6500957031250001	0.6530703125	0.6947148437499999	0.660185546875	0.704873046875	0.710814453125	0.7483632812500001	0.72286328125	0.71402734375	0.649322265625	0.64323046875	0.541021484375	0.5538964843749999	0.516375	0.45201562500000003	0.43747460937500005	0.3920078125	0.328388671875	0.29336328125	0.26959765625	0.171369140625	0.161037109375	0.12391406249999999	0.110984375	0.10273046875	0.100130859375	0.09944335937500001	0.09807421875	0.03196875	0.0	0.0	0.0	0.0	0.0	0.0	0.0
1.0	1.0	1.0	0.984076171875	0.873384765625	0.597080078125	0.63071875	0.643701171875	0.6621640625	0.695322265625	0.7004140624999999	0.684421875	0.704833984375	0.70046875	0.635291015625	0.616138671875	0.5369609375	0.5032304687500001	0.49821875	0.45090234375	0.438197265625	0.4008984375	0.36958398437500006	0.29943554687499996	0.269255859375	0.20660937499999998	0.16909375	0.141453125	0.12308203125000002	0.11035742187500001	0.10549414062500001	0.09838085937499999	0.09767968749999999	0.09726171875	0.097447265625	0.0	0.0	0.0	0.0	0.0	0.0
1.0	1.0	1.0	0.9128535156250002	0.5329433593749999	0.568302734375	0.58777734375	0.6186015625	0.6457089843750001	0.6847714843749999	0.6844277343749999	0.6772382812500001	0.691548828125	0.662123046875	0.5894472656249999	0.603833984375	0.5241601562499999	0.484185546875	0.49301953125	0.45104296875	0.425978515625	0.3901640624999999	0.38111132812500004	0.36037109375000004	0.285548828125	0.260591796875	0.198302734375	0.16046875	0.13947265625000002	0.12368749999999999	0.10914453125	0.100947265625	0.09866796875	0.0976171875	0.09761718750000001	0.09826171875	0.0	0.0	0.0	0.0	0.0
1.0	1.0	0.699236328125	0.4374765625	0.46077343750000005	0.53403125	0.566388671875	0.60995703125	0.62452734375	0.636939453125	0.6621640625	0.6570625	0.62726171875	0.6400917968750001	0.575498046875	0.5157792968749999	0.4870683593749999	0.47117968749999994	0.44970898437500006	0.46779296875000004	0.42685546875	0.39403515624999996	0.382248046875	0.36396875	0.347298828125	0.26623046875	0.20856640625	0.194861328125	0.15668164062499998	0.12404492187499999	0.11828515625	0.10229101562499998	0.09946484375	0.09869921875	0.09932031250000001	0.0995234375	0.09811328124999999	0.0	0.0	0.0	0.0
1.0	1.0	0.33792578124999995	0.39449999999999996	0.469544921875	0.517126953125	0.5635449218749999	0.600123046875	0.617048828125	0.624751953125	0.643265625	0.61400390625	0.6044492187499999	0.628517578125	0.5663613281250001	0.508330078125	0.483388671875	0.46380859375	0.44826953124999996	0.4707734375	0.422501953125	0.3893671875	0.38110351562500006	0.37066015625000004	0.347779296875	0.278322265625	0.21226757812500002	0.19618359375000002	0.15819140624999997	0.14166796875	0.11992578124999999	0.108287109375	0.10423437499999999	0.10019140625	0.09867187499999999	0.09873632812500001	0.09799804687500001	0.098685546875	0.0	0.0	0.0
1.0	0.9923984374999999	0.320388671875	0.393802734375	0.46817773437500004	0.521091796875	0.5581406250000001	0.592388671875	0.6115468749999999	0.60542578125	0.626998046875	0.6094101562500001	0.586341796875	0.61281640625	0.549357421875	0.463837890625	0.46907421875	0.45268359375	0.44473632812499997	0.446400390625	0.42641796875000004	0.38464453125000003	0.37618164062500004	0.373421875	0.351658203125	0.33812695312499996	0.26084765625	0.20474804687499998	0.19025195312499998	0.1438828125	0.1365234375	0.11803515625000001	0.10565039062499998	0.10333398437500001	0.099884765625	0.098466796875	0.098267578125	0.10052734375	0.0318671875	0.0	0.0
1.0	0.19775976562499997	0.32262304687500004	0.4036015625	0.4605	0.502615234375	0.55014453125	0.579744140625	0.60149609375	0.59305859375	0.6216953125	0.566482421875	0.5734843749999999	0.5728925781249999	0.472130859375	0.45798242187500005	0.46660742187500004	0.446044921875	0.44208203125	0.437640625	0.43001367187499995	0.381421875	0.383123046875	0.37448046875	0.35762890625	0.34470703125	0.338646484375	0.20305078125	0.197814453125	0.193658203125	0.1396875	0.135693359375	0.114345703125	0.10606445312499999	0.10132421875	0.10072265625	0.098697265625	0.09733203125	0.09898828125	0.100341796875	0.0
1.0	0.21302734375000004	0.318455078125	0.39179296875	0.47089257812499996	0.5042421875	0.542044921875	0.56024609375	0.57846484375	0.5860917968750001	0.58823046875	0.5597597656250001	0.566330078125	0.573861328125	0.448357421875	0.44824414062500006	0.45176171875000004	0.4437832031250001	0.43863671875	0.432392578125	0.433435546875	0.3849609375	0.376068359375	0.373513671875	0.3727265625	0.345203125	0.34050390625000004	0.204947265625	0.20075390625	0.190001953125	0.1887109375	0.140302734375	0.13612890625	0.11368359374999999	0.10650585937500001	0.10377148437500001	0.0980390625	0.09936328124999999	0.09787109375	0.099033203125	0.09881640625
