0.0009765625	0.001044921875	0.001064453125	0.001005859375	0.001064453125	0.001064453125	0.00103515625	0.001083984375	0.001083984375	0.001123046875	0.00115234375	0.001220703125	0.001201171875	0.00126953125	0.001416015625	0.0017578125	0.001689453125	0.002333984375	0.0025	0.0285546875	0.05708984375	0.964169921875	0.964951171875	0.96291015625	0.963076171875	0.96388671875	0.965400390625	0.964765625	0.963828125	0.96638671875	0.965673828125	0.964912109375	0.963974609375	0.963447265625	0.964794921875	0.96548828125	0.965498046875	0.964619140625	0.96486328125	0.964443359375	0.966064453125
0.0009765625	0.001015625	0.001015625	0.001044921875	0.0010546875	0.001064453125	0.001044921875	0.0010546875	0.001103515625	0.00115234375	0.001171875	0.0011328125	0.00126953125	0.00115234375	0.001884765625	0.001572265625	0.00220703125	0.00232421875	0.00923828125	0.03974609375	0.960048828125	0.963232421875	0.96416015625	0.925966796875	0.9659375	0.963466796875	0.963974609375	0.964287109375	0.96478515625	0.964755859375	0.963837890625	0.965576171875	0.96453125	0.96259765625	0.96587890625	0.964775390625	0.965263671875	0.96396484375	0.965234375	0.9644921875	0.9645703125
0.0009765625	0.001103515625	0.00103515625	0.00107421875	0.0010546875	0.00111328125	0.001103515625	0.001123046875	0.00109375	0.00111328125	0.00115234375	0.00109375	0.0013671875	0.00126953125	0.001494140625	0.00169921875	0.002255859375	0.003583984375	0.01958984375	0.2172265625	0.9251953125	0.963955078125	0.963330078125	0.96408203125	0.965390625	0.962412109375	0.9651953125	0.963994140625	0.963603515625	0.965390625	0.96423828125	0.9660546875	0.965146484375	0.96599609375	0.963759765625	0.963056640625	0.96341796875	0.9662890625	0.9628515625	0.965107421875	0.964306640625
0.0009765625	0.00109375	0.0010546875	0.001123046875	0.0010546875	0.00111328125	0.001103515625	0.001103515625	0.0010546875	0.00107421875	0.0011328125	0.001181640625	0.001279296875	0.00130859375	0.00166015625	0.0019140625	0.002138671875	0.00677734375	0.0231640625	0.920634765625	0.965595703125	0.962978515625	0.9636328125	0.964453125	0.964658203125	0.96326171875	0.964921875	0.964140625	0.96404296875	0.96431640625	0.966376953125	0.965810546875	0.9633984375	0.965419921875	0.9652734375	0.96541015625	0.964365234375	0.962978515625	0.963681640625	0.9653515625	0.966044921875
0.0009765625	0.000986328125	0.00103515625	0.001103515625	0.001103515625	0.0010546875	0.001123046875	0.001083984375	0.00111328125	0.001171875	0.001103515625	0.001162109375	0.00126953125	0.001396484375	0.001650390625	0.001796875	0.002099609375	0.012958984375	0.116982421875	0.925888671875	0.963681640625	0.963740234375	0.964462890625	0.963095703125	0.96666015625	0.9637890625	0.965576171875	0.965654296875	0.963955078125	0.966357421875	0.966044921875	0.964326171875	0.96501953125	0.9641015625	0.963828125	0.963896484375	0.96470703125	0.963740234375	0.965361328125	0.964599609375	0.962490234375
0.0009765625	0.000986328125	0.00107421875	0.001083984375	0.001142578125	0.001083984375	0.001044921875	0.001103515625	0.00111328125	0.001201171875	0.00111328125	0.001298828125	0.001337890625	0.001484375	0.001728515625	0.001650390625	0.00373046875	0.032666015625	0.9158984375	0.964501953125	0.964638671875	0.9628515625	0.965126953125	0.964130859375	0.96255859375	0.964814453125	0.96404296875	0.96646484375	0.963017578125	0.96626953125	0.964755859375	0.964189453125	0.96416015625	0.9637890625	0.966103515625	0.964228515625	0.9650390625	0.96333984375	0.964267578125	0.9651953125	0.964609375
0.0009765625	0.0009765625	0.001044921875	0.0010546875	0.001083984375	0.001005859375	0.001171875	0.00107421875	0.00115234375	0.0011328125	0.001171875	0.001337890625	0.001337890625	0.00134765625	0.0017578125	0.002587890625	0.012705078125	0.096123046875	0.963984375	0.9631640625	0.96412109375	0.962548828125	0.963427734375	0.963876953125	0.966748046875	0.9654296875	0.96431640625	0.965419921875	0.964384765625	0.965771484375	0.96466796875	0.9641796875	0.964130859375	0.9641796875	0.965771484375	0.963583984375	0.96341796875	0.96451171875	0.9631640625	0.965654296875	0.9648828125
0.0009765625	0.0009765625	0.00099609375	0.001123046875	0.00099609375	0.00111328125	0.0011328125	0.001083984375	0.00107421875	0.00115234375	0.0011328125	0.00125	0.001279296875	0.001240234375	0.0017578125	0.00369140625	0.017705078125	0.90943359375	0.965576171875	0.963544921875	0.965009765625	0.96544921875	0.966484375	0.964677734375	0.965302734375	0.96462890625	0.9633203125	0.96515625	0.9637890625	0.96455078125	0.964814453125	0.96556640625	0.966953125	0.963916015625	0.964619140625	0.966181640625	0.96517578125	0.96369140625	0.96333984375	0.965302734375	0.964599609375
0.0009765625	0.0009765625	0.001005859375	0.001064453125	0.001123046875	0.001025390625	0.00103515625	0.00115234375	0.00107421875	0.001181640625	0.001279296875	0.001220703125	0.001416015625	0.0014453125	0.00203125	0.005810546875	0.0412109375	0.96099609375	0.962998046875	0.96634765625	0.962666015625	0.964912109375	0.9654296875	0.964375	0.96591796875	0.96345703125	0.963701171875	0.965224609375	0.9634375	0.962822265625	0.965458984375	0.9660546875	0.9634765625	0.9650390625	0.96544921875	0.966259765625	0.9633984375	0.9637890625	0.964677734375	0.963466796875	0.963515625
0.0009765625	0.0009765625	0.00099609375	0.001005859375	0.0010546875	0.001083984375	0.001064453125	0.001123046875	0.001162109375	0.001103515625	0.001201171875	0.001298828125	0.001298828125	0.001572265625	0.00380859375	0.025546875	0.91349609375	0.964814453125	0.965	0.963994140625	0.96478515625	0.965263671875	0.96447265625	0.9626953125	0.966142578125	0.96443359375	0.9644140625	0.96439453125	0.96556640625	0.963359375	0.963623046875	0.965986328125	0.965390625	0.965234375	0.965361328125	0.9653125	0.966845703125	0.963330078125	0.964208984375	0.964775390625	0.962939453125
0.0009765625	0.0009765625	0.0009765625	0.001005859375	0.001083984375	0.0010546875	0.001064453125	0.00109375	0.001044921875	0.001142578125	0.001181640625	0.00125	0.0013671875	0.001767578125	0.007060546875	0.01056640625	0.961826171875	0.965849609375	0.96583984375	0.964453125	0.964951171875	0.965166015625	0.966240234375	0.963984375	0.963984375	0.964033203125	0.963818359375	0.964833984375	0.96380859375	0.963681640625	0.9633203125	0.966552734375	0.96232421875	0.9654296875	0.964375	0.96390625	0.96529296875	0.9648046875	0.966025390625	0.965341796875	0.965859375
0.0009765625	0.0009765625	0.00099609375	0.00099609375	0.001064453125	0.001083984375	0.00111328125	0.001123046875	0.001083984375	0.001240234375	0.00119140625	0.00126953125	0.00142578125	0.002080078125	0.007958984375	0.871201171875	0.962900390625	0.96412109375	0.96404296875	0.9629296875	0.96484375	0.9648046875	0.9646484375	0.965263671875	0.964384765625	0.96267578125	0.965498046875	0.96466796875	0.9643359375	0.9648828125	0.965908203125	0.965048828125	0.9651953125	0.966064453125	0.96392578125	0.964541015625	0.963837890625	0.964833984375	0.966201171875	0.965078125	0.964453125
0.0009765625	0.0009765625	0.0009765625	0.00099609375	0.001064453125	0.0010546875	0.001083984375	0.00111328125	0.001103515625	0.001142578125	0.001162109375	0.001357421875	0.00146484375	0.002763671875	0.105244140625	0.96185546875	0.9642578125	0.962041015625	0.963740234375	0.96615234375	0.965830078125	0.9624609375	0.9643359375	0.964443359375	0.964033203125	0.964580078125	0.963701171875	0.9648828125	0.964755859375	0.9647265625	0.96431640625	0.964697265625	0.96291015625	0.9634375	0.96576171875	0.96455078125	0.96451171875	0.964111328125	0.96447265625	0.965263671875	0.965146484375
0.0009765625	0.0009765625	0.0009765625	0.00099609375	0.00099609375	0.001142578125	0.001103515625	0.0011328125	0.001123046875	0.001142578125	0.00123046875	0.001396484375	0.00166015625	0.00576171875	0.836611328125	0.96373046875	0.964697265625	0.96349609375	0.964482421875	0.964619140625	0.96455078125	0.96314453125	0.962841796875	0.963115234375	0.964931640625	0.965185546875	0.96517578125	0.965087890625	0.96521484375	0.964150390625	0.964462890625	0.965009765625	0.9651171875	0.965078125	0.963203125	0.9656640625	0.964228515625	0.96400390625	0.96330078125	0.964033203125	0.96390625
0.0009765625	0.0009765625	0.0009765625	0.0009765625	0.0009765625	0.001044921875	0.001044921875	0.001103515625	0.0011328125	0.001181640625	0.001328125	0.0016015625	0.00259765625	0.01478515625	0.953984375	0.963359375	0.963076171875	0.964306640625	0.964794921875	0.963740234375	0.96373046875	0.96328125	0.96486328125	0.964541015625	0.965732421875	0.966162109375	0.96345703125	0.9655078125	0.96498046875	0.96546875	0.964765625	0.963427734375	0.964609375	0.964169921875	0.96365234375	0.96431640625	0.963583984375	0.964892578125	0.964140625	0.963681640625	0.962978515625
0.0009765625	0.0009765625	0.0009765625	0.000986328125	0.0009765625	0.001015625	0.001025390625	0.00109375	0.0011328125	0.0012109375	0.00123046875	0.00162109375	0.00701171875	0.60111328125	0.83291015625	0.911943359375	0.964853515625	0.96466796875	0.966025390625	0.9646484375	0.964521484375	0.96294921875	0.96462890625	0.963505859375	0.96484375	0.96591796875	0.9644921875	0.96607421875	0.965146484375	0.963427734375	0.96546875	0.964697265625	0.964267578125	0.965244140625	0.9628125	0.962578125	0.965078125	0.9641796875	0.9628125	0.963291015625	0.9629296875
0.0009765625	0.0009765625	0.0009765625	0.000986328125	0.00099609375	0.001015625	0.001044921875	0.0010546875	0.001083984375	0.001201171875	0.001328125	0.002265625	0.016396484375	0.6905859375	0.8026171875	0.902353515625	0.940146484375	0.963984375	0.965732421875	0.963896484375	0.9640234375	0.96466796875	0.964296875	0.96353515625	0.96380859375	0.964365234375	0.963828125	0.96322265625	0.96298828125	0.964072265625	0.9659375	0.964951171875	0.963623046875	0.96462890625	0.964912109375	0.96419921875	0.96453125	0.964736328125	0.96431640625	0.965126953125	0.96607421875
0.0009765625	0.0009765625	0.0009765625	0.0009765625	0.0009765625	0.00099609375	0.0011328125	0.001083984375	0.0011328125	0.001220703125	0.00134765625	0.009228515625	0.508232421875	0.67619140625	0.786357421875	0.849814453125	0.937734375	0.946494140625	0.96486328125	0.9646875	0.964052734375	0.964306640625	0.964365234375	0.96478515625	0.966103515625	0.963193359375	0.966201171875	0.96517578125	0.96392578125	0.9643359375	0.96564453125	0.965576171875	0.9619921875	0.963564453125	0.964921875	0.966123046875	0.963349609375	0.96380859375	0.9654296875	0.9657421875	0.96515625
0.0009765625	0.0009765625	0.0009765625	0.0009765625	0.000986328125	0.001015625	0.001015625	0.001142578125	0.00115234375	0.00140625	0.0018359375	0.018017578125	0.442705078125	0.63662109375	0.749345703125	0.805546875	0.919365234375	0.948310546875	0.9484765625	0.9643359375	0.965400390625	0.96376953125	0.964150390625	0.965009765625	0.964345703125	0.963037109375	0.963876953125	0.9633984375	0.964130859375	0.964658203125	0.964736328125	0.9640625	0.963974609375	0.964453125	0.964423828125	0.925849609375	0.964375	0.965830078125	0.96326171875	0.963818359375	0.96306640625
0.0009765625	0.0009765625	0.0009765625	0.0009765625	0.000986328125	0.001005859375	0.001005859375	0.001142578125	0.00115234375	0.001416015625	0.006982421875	0.37322265625	0.4653125	0.62587890625	0.683095703125	0.781044921875	0.89271484375	0.945869140625	0.949189453125	0.963095703125	0.96630859375	0.9642578125	0.964140625	0.96544921875	0.964208984375	0.964697265625	0.964287109375	0.96453125	0.966083984375	0.964267578125	0.963046875	0.963798828125	0.9634375	0.96412109375	0.96521484375	0.96615234375	0.96583984375	0.96369140625	0.963251953125	0.96498046875	0.96517578125
0.0009765625	0.0009765625	0.0009765625	0.0009765625	0.000986328125	0.000986328125	0.001005859375	0.001064453125	0.0010546875	0.001376953125	0.00501953125	0.400693359375	0.441337890625	0.48818359375	0.6659375	0.69642578125	0.82013671875	0.929189453125	0.947724609375	0.948916015625	0.9494921875	0.965234375	0.9246484375	0.96453125	0.965625	0.963662109375	0.9649609375	0.962763671875	0.963701171875	0.9653515625	0.96353515625	0.9644921875	0.964912109375	0.963837890625	0.962822265625	0.963818359375	0.964306640625	0.963466796875	0.96384765625	0.965693359375	0.9640234375
0.0009765625	0.0009765625	0.0009765625	0.0009765625	0.0009765625	0.00099609375	0.001044921875	0.00099609375	0.001240234375	0.003095703125	0.24552734375	0.402060546875	0.44056640625	0.48279296875	0.540341796875	0.707119140625	0.8289453125	0.91994140625	0.946435546875	0.948193359375	0.95154296875	0.955615234375	0.96537109375	0.9653515625	0.96501953125	0.964775390625	0.96537109375	0.963759765625	0.964921875	0.96416015625	0.965341796875	0.964609375	0.96404296875	0.963349609375	0.96375	0.9658984375	0.963583984375	0.96517578125	0.96447265625	0.96404296875	0.965302734375
0.0009765625	0.0009765625	0.0009765625	0.0009765625	0.0009765625	0.000986328125	0.00103515625	0.0011328125	0.00119140625	0.148779296875	0.305634765625	0.3551953125	0.425205078125	0.46021484375	0.564619140625	0.73158203125	0.80037109375	0.89150390625	0.9375390625	0.947333984375	0.951748046875	0.95443359375	0.954619140625	0.96365234375	0.965703125	0.964619140625	0.96365234375	0.964765625	0.96564453125	0.965068359375	0.962841796875	0.96337890625	0.964326171875	0.964765625	0.965576171875	0.965224609375	0.963994140625	0.963525390625	0.9637890625	0.963291015625	0.9637890625
0.0009765625	0.0009765625	0.0009765625	0.0009765625	0.0009765625	0.00099609375	0.001025390625	0.001171875	0.0017578125	0.218994140625	0.3042578125	0.35046875	0.43134765625	0.503896484375	0.61404296875	0.68751953125	0.80880859375	0.8464453125	0.92775390625	0.94427734375	0.95025390625	0.952431640625	0.95578125	0.954990234375	0.963583984375	0.964951171875	0.964482421875	0.964765625	0.963544921875	0.965224609375	0.9641796875	0.965	0.96533203125	0.964111328125	0.964560546875	0.964521484375	0.9638671875	0.963798828125	0.96515625	0.9658984375	0.964521484375
0.0009765625	0.0009765625	0.0009765625	0.0009765625	0.0009765625	0.000986328125	0.001044921875	0.001171875	0.005556640625	0.25177734375	0.312431640625	0.353173828125	0.367001953125	0.590791015625	0.662216796875	0.711748046875	0.793662109375	0.866474609375	0.91697265625	0.943232421875	0.9494140625	0.952275390625	0.955830078125	0.954033203125	0.956640625	0.965126953125	0.9646484375	0.96458984375	0.96556640625	0.963759765625	0.9641015625	0.96416015625	0.962509765625	0.964091796875	0.9633984375	0.96458984375	0.963837890625	0.9623828125	0.966201171875	0.964619140625	0.96376953125
0.0009765625	0.0009765625	0.0009765625	0.0009765625	0.0009765625	0.000986328125	0.00099609375	0.001357421875	0.122548828125	0.261142578125	0.28212890625	0.34611328125	0.576845703125	0.636474609375	0.7015625	0.719638671875	0.7903125	0.864794921875	0.901474609375	0.93875	0.9452734375	0.95138671875	0.95388671875	0.954990234375	0.954775390625	0.955283203125	0.963427734375	0.964326171875	0.965751953125	0.962880859375	0.963173828125	0.966220703125	0.964130859375	0.9652734375	0.962841796875	0.963349609375	0.964990234375	0.9653515625	0.96423828125	0.96435546875	0.9658984375
0.0009765625	0.0009765625	0.0009765625	0.0009765625	0.0009765625	0.00099609375	0.001015625	0.00796875	0.140380859375	0.263994140625	0.289716796875	0.620263671875	0.651982421875	0.66076171875	0.770791015625	0.78306640625	0.7996875	0.8319140625	0.900361328125	0.928818359375	0.944609375	0.95076171875	0.955087890625	0.95416015625	0.9539453125	0.954345703125	0.953623046875	0.964716796875	0.963515625	0.964130859375	0.965498046875	0.963466796875	0.9658203125	0.965263671875	0.963056640625	0.965048828125	0.966513671875	0.965322265625	0.965078125	0.964765625	0.96353515625
0.0009765625	0.0009765625	0.0009765625	0.0009765625	0.0009765625	0.0009765625	0.001298828125	0.106162109375	0.139873046875	0.16607421875	0.620224609375	0.66927734375	0.665654296875	0.700498046875	0.788388671875	0.79287109375	0.804013671875	0.834990234375	0.868271484375	0.928046875	0.93416015625	0.947734375	0.95208984375	0.954267578125	0.9551953125	0.95630859375	0.9556640625	0.954501953125	0.9634765625	0.96416015625	0.96435546875	0.96490234375	0.964736328125	0.9669140625	0.963544921875	0.964482421875	0.963876953125	0.964775390625	0.964736328125	0.965361328125	0.964560546875
0.0009765625	0.0009765625	0.0009765625	0.0009765625	0.0009765625	0.001005859375	0.00263671875	0.09244140625	0.140234375	0.238388671875	0.628525390625	0.67740234375	0.678134765625	0.70916015625	0.781767578125	0.805498046875	0.812548828125	0.832724609375	0.871357421875	0.925087890625	0.931591796875	0.946220703125	0.949208984375	0.955146484375	0.954853515625	0.95431640625	0.955205078125	0.9553515625	0.964326171875	0.964326171875	0.96494140625	0.9644140625	0.96396484375	0.96306640625	0.964951171875	0.96521484375	0.96474609375	0.96302734375	0.965146484375	0.964453125	0.963935546875
0.0009765625	0.0009765625	0.0009765625	0.0009765625	0.0009765625	0.00111328125	0.061162109375	0.09158203125	0.27294921875	0.380888671875	0.62197265625	0.687294921875	0.704697265625	0.726298828125	0.78625	0.810654296875	0.827802734375	0.835498046875	0.869326171875	0.873193359375	0.931982421875	0.939736328125	0.948515625	0.949794921875	0.953212890625	0.954853515625	0.954404296875	0.95583984375	0.95412109375	0.9551171875	0.965791015625	0.96611328125	0.965498046875	0.96421875	0.965556640625	0.9642578125	0.963916015625	0.96466796875	0.964326171875	0.964189453125	0.964345703125
0.0009765625	0.0009765625	0.0009765625	0.0009765625	0.0009765625	0.00169921875	0.06177734375	0.193642578125	0.336650390625	0.38103515625	0.38125	0.6978125	0.7008984375	0.733232421875	0.796181640625	0.802470703125	0.8323046875	0.86	0.871201171875	0.87498046875	0.873974609375	0.93884765625	0.94126953125	0.95111328125	0.95259765625	0.956064453125	0.95525390625	0.95552734375	0.95615234375	0.955869140625	0.954697265625	0.966259765625	0.96404296875	0.964453125	0.962431640625	0.96482421875	0.963349609375	0.9624609375	0.963896484375	0.9625	0.963583984375
0.0009765625	0.0009765625	0.0009765625	0.0009765625	0.001044921875	0.038125	0.063876953125	0.234462890625	0.33791015625	0.38283203125	0.403935546875	0.698642578125	0.7119921875	0.7365234375	0.803984375	0.816025390625	0.83501953125	0.8601171875	0.871533203125	0.87306640625	0.87640625	0.937646484375	0.938349609375	0.942412109375	0.952509765625	0.95458984375	0.955478515625	0.95556640625	0.9544921875	0.95568359375	0.95515625	0.95423828125	0.964208984375	0.965966796875	0.964462890625	0.966328125	0.96306640625	0.96412109375	0.963583984375	0.96583984375	0.9626953125
0.0009765625	0.0009765625	0.0009765625	0.0009765625	0.01654296875	0.039853515625	0.15748046875	0.237861328125	0.256689453125	0.385517578125	0.405439453125	0.702890625	0.711259765625	0.7390625	0.809228515625	0.821123046875	0.841953125	0.8609375	0.865751953125	0.876376953125	0.87400390625	0.877177734375	0.93908203125	0.941123046875	0.941884765625	0.955576171875	0.95529296875	0.956171875	0.954951171875	0.95404296875	0.953994140625	0.955087890625	0.955205078125	0.965283203125	0.96349609375	0.963193359375	0.9641796875	0.96462890625	0.962958984375	0.963857421875	0.965576171875
0.0009765625	0.0009765625	0.0009765625	0.000986328125	0.024453125	0.11212890625	0.1690234375	0.24435546875	0.258505859375	0.38986328125	0.408603515625	0.7093359375	0.731796875	0.73994140625	0.81505859375	0.82384765625	0.84283203125	0.86517578125	0.863671875	0.874267578125	0.8767578125	0.876318359375	0.938671875	0.9408203125	0.94275390625	0.953134765625	0.954033203125	0.9540234375	0.955283203125	0.95505859375	0.953935546875	0.9569140625	0.954755859375	0.9641796875	0.9639453125	0.96359375	0.96416015625	0.964287109375	0.96560546875	0.96462890625	0.96552734375
0.0009765625	0.0009765625	0.0009765625	0.00109375	0.02525390625	0.115224609375	0.166669921875	0.245908203125	0.26080078125	0.394326171875	0.411708984375	0.458955078125	0.732763671875	0.7404296875	0.820439453125	0.82408203125	0.842373046875	0.844970703125	0.86826171875	0.875146484375	0.8730078125	0.87736328125	0.8784375	0.9397265625	0.942373046875	0.944638671875	0.95400390625	0.9541015625	0.9562890625	0.95458984375	0.95478515625	0.95580078125	0.957060546875	0.9552734375	0.954580078125	0.964306640625	0.96400390625	0.96341796875	0.965615234375	0.9649609375	0.963251953125
0.0009765625	0.0009765625	0.0009765625	0.014560546875	0.075146484375	0.103349609375	0.17630859375	0.20408203125	0.263369140625	0.39693359375	0.411357421875	0.465537109375	0.73962890625	0.751181640625	0.81796875	0.82494140625	0.84333984375	0.84587890625	0.867646484375	0.874296875	0.8750390625	0.876806640625	0.87529296875	0.87703125	0.94126953125	0.942392578125	0.946904296875	0.953955078125	0.9545703125	0.954599609375	0.955498046875	0.95490234375	0.956103515625	0.95505859375	0.95392578125	0.954365234375	0.96515625	0.9636328125	0.9648828125	0.964384765625	0.9654296875
0.0009765625	0.0009765625	0.005498046875	0.0432421875	0.07267578125	0.11228515625	0.150107421875	0.20546875	0.268544921875	0.3055859375	0.420361328125	0.464951171875	0.481455078125	0.749921875	0.81912109375	0.843603515625	0.847607421875	0.84294921875	0.842333984375	0.8695703125	0.875537109375	0.87703125	0.87662109375	0.8779296875	0.879609375	0.94322265625	0.94587890625	0.94716796875	0.953759765625	0.95560546875	0.955224609375	0.954619140625	0.955966796875	0.95322265625	0.955693359375	0.954248046875	0.95541015625	0.962578125	0.96517578125	0.963779296875	0.966396484375
0.0009765625	0.0009765625	0.018740234375	0.04419921875	0.075390625	0.1137890625	0.14802734375	0.208330078125	0.259072265625	0.30732421875	0.422275390625	0.479228515625	0.486083984375	0.753583984375	0.82140625	0.845556640625	0.846171875	0.84740234375	0.843564453125	0.87140625	0.876787109375	0.876376953125	0.873720703125	0.8780859375	0.879521484375	0.941279296875	0.94681640625	0.946162109375	0.953134765625	0.956162109375	0.955	0.95416015625	0.95494140625	0.956845703125	0.955107421875	0.954599609375	0.9546484375	0.954404296875	0.96505859375	0.964228515625	0.9644140625
0.0009765625	0.0009765625	0.021171875	0.0440625	0.076630859375	0.115986328125	0.14873046875	0.209892578125	0.27392578125	0.311005859375	0.422763671875	0.48361328125	0.4852734375	0.7495703125	0.8230859375	0.836318359375	0.846494140625	0.84783203125	0.84494140625	0.84515625	0.874638671875	0.876376953125	0.875068359375	0.879365234375	0.877568359375	0.8773046875	0.94330078125	0.947353515625	0.946552734375	0.9541796875	0.955673828125	0.95509765625	0.9555078125	0.955830078125	0.955517578125	0.955439453125	0.956240234375	0.955361328125	0.9625390625	0.9634765625	0.963388671875
0.0009765625	0.0045703125	0.02318359375	0.0459765625	0.073515625	0.11033203125	0.1615234375	0.219599609375	0.274462890625	0.3144921875	0.42216796875	0.484814453125	0.48802734375	0.485185546875	0.836513671875	0.83568359375	0.851201171875	0.84544921875	0.847216796875	0.84623046875	0.876806640625	0.8766796875	0.878505859375	0.876904296875	0.8767578125	0.879169921875	0.877607421875	0.947216796875	0.947138671875	0.945625	0.95373046875	0.95421875	0.956015625	0.95474609375	0.95486328125	0.95482421875	0.953623046875	0.95357421875	0.954521484375	0.95376953125	0.9648828125
0.0009765625	0.006142578125	0.0236328125	0.0440234375	0.076181640625	0.10345703125	0.164873046875	0.22462890625	0.224033203125	0.31396484375	0.31107421875	0.48443359375	0.488056640625	0.486103515625	0.840224609375	0.837373046875	0.8358984375	0.84509765625	0.84482421875	0.84021484375	0.8448828125	0.8776171875	0.875478515625	0.877197265625	0.87638671875	0.87861328125	0.87939453125	0.94865234375	0.945947265625	0.94697265625	0.947470703125	0.9544140625	0.95513671875	0.954111328125	0.95611328125	0.9540234375	0.956181640625	0.955966796875	0.95490234375	0.955576171875	0.95505859375
