4.0	4.0	4.0	4.0	4.0	4.0	4.0	4.0	4.0	4.0	4.0	4.0	4.0	4.0	6.88	7.0	7.16	8.08	9.08	9.96	12.92	4.0	4.0	4.0	4.0	4.0	4.0	0.32	0.16	0.0	0.0	0.0	0.0	0.0	0.0	0.0	0.0	0.0	0.0	0.0	0.0
4.0	4.0	4.0	4.0	4.0	4.0	4.0	4.0	4.0	4.0	4.0	4.0	4.0	4.0	6.8	6.84	7.68	8.72	9.8	11.6	4.68	4.0	4.0	4.0	4.0	4.0	4.0	0.0	0.16	0.0	0.0	0.0	0.0	0.0	0.0	0.0	0.0	0.0	0.0	0.0	0.0
4.0	4.0	4.0	4.0	4.0	4.0	4.0	4.0	4.0	4.0	4.04	4.0	4.0	6.72	6.68	6.96	7.88	9.16	10.32	17.52	4.0	4.0	4.0	4.0	4.0	4.0	0.16	0.0	0.16	0.0	0.0	0.0	0.0	0.0	0.0	0.0	0.0	0.0	0.0	0.0	0.0
4.0	4.0	4.0	4.0	4.0	4.0	4.0	4.0	4.0	4.0	4.0	4.0	4.04	6.72	7.36	7.6	8.4	9.36	11.92	4.0	4.0	4.0	4.0	4.0	4.0	0.0	0.0	0.0	0.0	0.0	0.0	0.0	0.0	0.0	0.0	0.0	0.0	0.0	0.0	0.0	0.0
4.0	4.0	4.0	4.0	4.0	4.0	4.0	4.0	4.0	4.0	4.0	4.0	4.0	6.96	7.48	7.56	8.52	10.36	11.44	4.0	4.0	4.0	4.0	4.0	4.0	0.0	0.0	0.0	0.0	0.0	0.0	0.0	0.0	0.0	0.0	0.0	0.0	0.0	0.0	0.0	0.0
4.0	4.0	4.0	4.0	4.0	4.0	4.0	4.0	4.0	4.0	4.0	4.0	6.92	6.88	7.12	8.36	9.12	10.64	4.0	4.0	4.0	4.0	4.0	4.0	0.0	0.0	0.0	0.0	0.0	0.0	0.0	0.0	0.0	0.0	0.0	0.0	0.0	0.0	0.0	0.0	0.0
4.0	4.0	4.0	4.0	4.0	4.0	4.0	4.0	4.0	4.0	4.0	4.04	7.16	7.2	7.72	8.44	10.32	10.56	4.0	4.0	4.0	4.0	4.0	0.0	0.64	0.0	0.0	0.0	0.0	0.0	0.0	0.0	0.0	0.0	0.0	0.0	0.0	0.0	0.0	0.0	0.0
4.0	4.0	4.0	4.0	4.0	4.0	4.0	4.0	4.0	4.0	4.0	6.64	6.72	7.16	8.0	9.04	10.28	5.24	4.0	4.0	4.0	4.0	0.32	0.0	0.16	0.0	0.0	0.0	0.0	0.0	0.0	0.0	0.0	0.0	0.0	0.0	0.0	0.0	0.0	0.0	0.0
4.0	4.0	4.0	4.0	4.0	4.0	4.0	4.0	4.0	4.0	4.0	7.12	6.84	7.44	8.52	9.64	10.84	5.0	4.0	4.0	4.0	4.0	0.32	0.0	0.16	0.0	0.0	0.0	0.0	0.0	0.0	0.0	0.0	0.0	0.0	0.0	0.0	0.0	0.0	0.0	0.0
4.0	4.0	4.0	4.0	4.0	4.0	4.0	4.0	4.04	4.0	4.04	6.92	7.04	7.68	8.76	10.96	4.84	4.0	4.0	4.0	4.0	0.0	0.32	0.0	0.0	0.0	0.0	0.0	0.0	0.0	0.0	0.0	0.0	0.0	0.0	0.0	0.0	0.0	0.0	0.0	0.0
4.0	4.0	4.0	4.0	4.0	4.0	4.0	4.0	4.0	4.0	4.0	7.24	7.32	8.64	9.72	11.64	4.6	4.0	4.0	4.0	4.0	0.0	0.32	0.0	0.0	0.0	0.0	0.0	0.0	0.0	0.0	0.0	0.0	0.0	0.0	0.0	0.0	0.0	0.0	0.0	0.0
4.0	4.0	4.0	4.0	4.0	4.0	4.0	4.0	4.08	4.04	7.08	7.12	7.8	8.88	10.88	6.08	4.0	4.0	4.0	4.0	0.0	0.16	0.0	0.0	0.0	0.0	0.0	0.0	0.0	0.0	0.0	0.0	0.0	0.0	0.0	0.0	0.0	0.0	0.0	0.0	0.0
4.0	4.0	4.0	4.0	4.0	4.0	4.0	4.0	4.0	4.04	6.84	7.04	8.28	9.72	14.28	4.0	4.0	4.0	4.0	0.48	0.16	0.0	0.0	0.0	0.0	0.0	0.0	0.0	0.0	0.0	0.0	0.0	0.0	0.0	0.0	0.0	0.0	0.0	0.0	0.0	0.0
4.0	4.0	4.0	4.0	4.0	4.0	4.0	4.0	4.04	4.04	6.8	7.68	8.52	10.28	6.88	4.0	4.0	4.0	4.0	0.0	0.16	0.0	0.0	0.0	0.0	0.0	0.0	0.0	0.0	0.0	0.0	0.0	0.0	0.0	0.0	0.0	0.0	0.0	0.0	0.0	0.0
4.0	4.0	4.0	4.0	4.0	4.0	4.0	4.0	4.0	6.84	6.92	8.12	9.52	10.84	4.56	4.0	4.0	4.0	0.48	0.0	0.0	0.0	0.0	0.0	0.0	0.0	0.0	0.0	0.0	0.0	0.0	0.0	0.0	0.0	0.0	0.0	0.0	0.0	0.0	0.0	0.0
4.0	4.0	4.0	4.0	4.0	4.0	4.0	4.04	4.04	6.84	7.08	8.68	10.2	16.76	19.24	19.76	4.0	0.32	0.6	0.0	0.0	0.0	0.0	0.0	0.0	0.0	0.0	0.0	0.0	0.0	0.0	0.0	0.0	0.0	0.0	0.0	0.0	0.0	0.0	0.0	0.0
4.0	4.0	4.0	4.0	4.0	4.0	4.0	4.04	6.8	7.28	7.96	9.6	11.44	15.52	17.6	20.32	14.16	0.16	0.16	0.0	0.0	0.0	0.0	0.0	0.0	0.0	0.0	0.0	0.0	0.0	0.0	0.0	0.0	0.0	0.0	0.0	0.0	0.0	0.0	0.0	0.0
4.0	4.0	4.0	4.0	4.0	4.0	4.04	4.0	6.84	7.24	8.56	10.24	15.04	15.0	17.24	21.8	14.0	13.32	0.0	0.0	0.0	0.0	0.0	0.0	0.0	0.0	0.0	0.0	0.0	0.0	0.0	0.0	0.0	0.0	0.0	0.0	0.0	0.0	0.0	0.0	0.0
4.0	4.0	4.0	4.0	4.0	4.0	4.0	4.0	6.76	7.92	8.92	11.4	14.48	15.2	17.0	19.0	15.92	13.08	12.68	0.16	0.0	0.0	0.0	0.0	0.0	0.0	0.0	0.0	0.0	0.0	0.0	0.0	0.0	0.0	0.0	0.0	0.0	0.0	0.0	0.0	0.0
4.0	4.0	4.0	4.0	4.0	4.0	4.0	4.04	6.84	7.68	10.96	15.2	14.4	15.32	16.48	17.6	16.56	13.16	13.04	12.8	0.0	0.0	0.0	0.0	0.0	0.0	0.0	0.0	0.0	0.0	0.0	0.0	0.0	0.0	0.0	0.0	0.0	0.0	0.0	0.0	0.0
4.0	4.0	4.0	4.0	4.0	4.0	4.0	6.96	7.0	9.24	10.68	13.88	14.24	14.8	16.52	16.52	16.92	13.8	12.84	12.6	12.28	0.0	0.0	0.0	0.0	0.0	0.0	0.0	0.0	0.0	0.0	0.0	0.0	0.0	0.0	0.0	0.0	0.0	0.0	0.0	0.0
4.0	4.0	4.0	4.0	4.0	4.0	4.0	7.12	7.96	10.28	15.92	14.24	14.6	13.92	15.52	15.6	15.4	14.16	13.04	12.64	12.08	10.88	0.0	0.0	0.0	0.0	0.0	0.0	0.0	0.0	0.0	0.0	0.0	0.0	0.0	0.0	0.0	0.0	0.0	0.0	0.0
4.0	4.0	4.0	4.0	4.0	4.0	4.0	7.08	8.44	17.32	14.84	13.96	14.6	13.36	14.12	14.48	15.04	14.52	13.2	12.4	11.96	11.32	10.96	0.0	0.0	0.0	0.0	0.0	0.0	0.0	0.0	0.0	0.0	0.0	0.0	0.0	0.0	0.0	0.0	0.0	0.0
4.0	4.0	4.0	4.0	4.0	4.04	7.16	7.92	9.64	15.6	14.6	14.92	13.08	12.44	13.48	13.76	14.76	14.68	13.64	12.4	11.96	11.8	10.64	10.56	0.0	0.0	0.0	0.0	0.0	0.0	0.0	0.0	0.0	0.0	0.0	0.0	0.0	0.0	0.0	0.0	0.0
4.0	4.0	4.0	4.0	4.0	4.0	7.16	8.32	11.0	15.32	14.44	13.36	13.04	12.44	13.32	13.76	14.28	13.32	13.68	12.56	11.96	11.84	10.56	10.96	10.72	0.0	0.0	0.0	0.0	0.0	0.0	0.0	0.0	0.0	0.0	0.0	0.0	0.0	0.0	0.0	0.0
4.0	4.0	4.0	4.0	4.0	4.08	7.32	9.32	17.08	14.76	14.88	12.28	12.2	12.24	13.12	13.64	12.4	12.84	13.2	12.36	12.2	11.96	11.32	10.44	10.6	10.56	0.0	0.0	0.0	0.0	0.0	0.0	0.0	0.0	0.0	0.0	0.0	0.0	0.0	0.0	0.0
4.0	4.0	4.0	4.0	4.08	6.88	8.28	14.88	15.76	15.2	12.36	11.76	11.76	11.6	11.4	12.04	12.24	12.32	12.92	12.28	11.88	12.12	10.96	11.36	10.72	10.68	10.32	0.0	0.0	0.0	0.0	0.0	0.0	0.0	0.0	0.0	0.0	0.0	0.0	0.0	0.0
4.0	4.0	4.0	4.0	4.04	7.12	9.56	18.12	16.64	11.72	11.28	11.36	11.68	10.68	10.96	11.36	11.88	11.92	11.36	12.08	11.64	11.64	11.84	11.2	10.68	10.96	11.24	10.48	0.0	0.0	0.0	0.0	0.0	0.0	0.0	0.0	0.0	0.0	0.0	0.0	0.0
4.0	4.0	4.0	4.0	4.0	7.8	10.76	16.52	16.96	11.6	11.24	11.24	11.68	10.72	11.2	11.36	11.36	11.96	11.4	11.88	11.76	11.76	11.36	10.92	10.8	10.76	10.64	10.52	10.6	0.0	0.0	0.0	0.0	0.0	0.0	0.0	0.0	0.0	0.0	0.0	0.0
4.0	4.0	4.0	4.0	7.0	9.16	17.92	20.0	11.04	10.32	10.56	11.52	10.48	10.84	11.48	11.56	11.56	11.44	11.12	10.88	11.6	11.68	11.36	11.4	11.04	10.72	10.72	10.72	10.6	10.84	0.0	0.0	0.0	0.0	0.0	0.0	0.0	0.0	0.0	0.0	0.0
4.0	4.0	4.0	4.0	7.04	10.2	19.64	11.16	10.24	10.32	10.44	9.96	10.36	10.28	11.0	11.24	11.2	11.04	10.84	11.32	10.96	11.24	11.0	11.72	11.28	11.16	11.28	10.64	10.56	10.72	10.64	0.0	0.0	0.0	0.0	0.0	0.0	0.0	0.0	0.0	0.0
4.0	4.0	4.0	4.0	9.08	19.24	28.32	9.92	9.88	9.32	9.64	9.96	10.28	10.0	10.96	10.56	10.92	10.84	11.24	10.6	10.56	11.12	11.24	10.84	10.88	10.84	10.76	10.6	10.16	10.64	10.64	10.64	0.0	0.0	0.0	0.0	0.0	0.0	0.0	0.0	0.0
4.0	4.0	4.0	7.0	20.6	41.72	9.16	9.48	8.76	9.12	9.28	10.16	10.4	10.68	11.04	10.68	10.24	10.48	10.72	10.52	10.96	10.44	10.96	11.16	10.84	11.48	10.72	10.6	10.64	10.88	11.08	10.52	10.28	0.0	0.0	0.0	0.0	0.0	0.0	0.0	0.0
4.0	4.0	4.0	7.88	21.32	9.32	9.64	9.8	9.36	9.32	9.6	10.24	10.24	10.12	10.52	10.56	10.28	10.48	10.88	10.52	10.48	10.24	10.8	11.24	10.76	10.52	10.84	10.44	10.48	10.44	10.8	10.6	10.6	10.88	0.0	0.0	0.0	0.0	0.0	0.0	0.0
4.0	4.0	4.0	11.36	33.92	9.0	9.44	8.72	8.84	9.48	9.72	9.76	9.68	10.16	10.4	10.56	10.0	10.32	10.32	10.0	10.44	10.4	10.52	10.68	10.88	10.04	10.84	10.32	10.68	10.92	10.76	10.72	10.44	10.56	10.84	0.0	0.0	0.0	0.0	0.0	0.0
4.0	4.0	7.16	31.4	8.92	8.8	8.68	9.0	8.6	9.52	9.68	9.96	9.8	9.96	10.2	10.04	10.2	10.0	9.92	10.16	10.16	10.64	10.36	10.16	10.84	10.6	10.64	10.4	11.0	10.84	11.0	10.64	10.68	10.84	10.68	10.72	0.0	0.0	0.0	0.0	0.0
4.0	4.0	21.92	8.76	8.56	8.36	8.72	9.16	9.16	9.68	9.4	10.0	9.8	9.96	9.96	9.48	9.96	9.92	9.96	10.0	10.12	10.16	10.44	10.28	10.4	10.4	10.64	10.28	10.64	10.52	10.72	10.24	10.36	10.52	10.48	10.72	10.8	0.0	0.0	0.0	0.0
4.0	6.72	8.48	9.04	8.32	8.64	9.08	9.04	9.0	9.64	9.4	9.72	9.72	10.04	10.24	10.4	9.84	9.48	9.76	10.12	10.28	10.12	10.0	10.4	10.12	10.6	10.8	10.32	10.76	10.8	10.4	10.68	11.08	10.4	10.76	10.64	10.32	10.88	0.0	0.0	0.0
4.0	11.2	8.8	8.32	8.96	8.6	8.52	8.68	8.76	9.4	9.16	9.52	9.24	9.84	10.36	10.04	10.32	9.84	9.88	9.88	10.08	9.48	10.24	10.0	10.44	10.36	10.8	10.28	10.72	10.4	10.72	10.2	10.28	10.64	10.32	11.04	10.72	10.68	10.64	0.0	0.0
4.0	9.8	8.96	8.84	8.8	8.64	8.8	9.24	9.48	10.0	9.44	9.12	9.44	9.48	9.92	9.64	9.84	9.8	9.6	9.76	10.36	9.8	10.12	10.04	10.2	10.52	10.56	10.36	10.76	10.12	10.36	10.64	10.32	10.4	10.4	10.32	10.36	10.8	10.64	10.4	0.0
4.0	10.28	8.8	8.8	8.64	8.72	8.84	9.28	9.6	9.32	9.04	9.4	9.84	9.52	9.8	9.76	9.64	9.64	10.16	9.64	9.84	9.72	9.72	9.84	9.56	10.12	10.2	10.6	10.12	10.56	10.28	10.56	10.6	10.96	10.68	10.64	10.64	10.92	10.96	10.6	10.92
