1.0	0.4988671875	0.499970703125	0.499736328125	0.49916015625	0.4987890625
2.0	0.584091796875	0.320224609375	0.10986328125	0.0002734375	0.0003515625
3.0	0.660830078125	0.146513671875	0.006494140625	0.0001171875	0.0008203125
4.0	0.723798828125	0.05548828125	0.001630859375	0.0003125	0.001640625
5.0	0.784580078125	0.013544921875	0.00138671875	0.000634765625	0.00228515625
6.0	0.843828125	0.0038671875	0.001572265625	0.001083984375	0.003388671875
7.0	0.892421875	0.001826171875	0.001806640625	0.001640625	0.0051953125
8.0	0.9318359375	0.001240234375	0.002255859375	0.002529296875	0.007685546875
9.0	0.9558203125	0.00109375	0.002880859375	0.00392578125	0.0116796875
10.0	0.968603515625	0.000966796875	0.00400390625	0.006201171875	0.017041015625
11.0	0.973505859375	0.0009375	0.00544921875	0.010556640625	0.02458984375
12.0	0.975302734375	0.00091796875	0.007705078125	0.016171875	0.037099609375
13.0	0.975849609375	0.00091796875	0.011181640625	0.02552734375	0.05400390625
14.0	0.97591796875	0.00091796875	0.016396484375	0.039970703125	0.07708984375
15.0	0.976025390625	0.00091796875	0.0237109375	0.062578125	0.108310546875
16.0	0.976025390625	0.00091796875	0.03658203125	0.094736328125	0.143408203125
17.0	0.9760546875	0.00091796875	0.0540234375	0.134775390625	0.1819140625
18.0	0.97603515625	0.00091796875	0.0758203125	0.176201171875	0.213095703125
19.0	0.9760546875	0.00091796875	0.101640625	0.21701171875	0.235986328125
20.0	0.97603515625	0.00091796875	0.127822265625	0.24431640625	0.2509765625
21.0	0.97603515625	0.00091796875	0.148779296875	0.2531640625	0.25453125
22.0	0.97603515625	0.00091796875	0.1622265625	0.244033203125	0.252998046875
23.0	0.976015625	0.00091796875	0.163798828125	0.223310546875	0.245302734375
24.0	0.97603515625	0.00091796875	0.154306640625	0.192978515625	0.232666015625
25.0	0.97599609375	0.00091796875	0.136103515625	0.16171875	0.216708984375
26.0	0.97603515625	0.00091796875	0.113671875	0.130556640625	0.200126953125
27.0	0.976015625	0.00091796875	0.08986328125	0.104560546875	0.1822265625
28.0	0.97603515625	0.00091796875	0.067978515625	0.08361328125	0.164677734375
29.0	0.976015625	0.00091796875	0.0503125	0.06642578125	0.14388671875
30.0	0.97603515625	0.00091796875	0.037353515625	0.05166015625	0.124892578125
31.0	0.97603515625	0.00091796875	0.028818359375	0.040615234375	0.107890625
32.0	0.97603515625	0.00091796875	0.022421875	0.031728515625	0.09447265625
33.0	0.97603515625	0.00091796875	0.018037109375	0.024755859375	0.080791015625
34.0	0.97603515625	0.00091796875	0.01423828125	0.01974609375	0.069296875
35.0	0.976015625	0.00091796875	0.0113671875	0.01564453125	0.05974609375
36.0	0.97603515625	0.00091796875	0.00947265625	0.012841796875	0.051494140625
37.0	0.976015625	0.00091796875	0.007900390625	0.01044921875	0.04314453125
38.0	0.97603515625	0.00091796875	0.0066015625	0.0084375	0.03611328125
39.0	0.976015625	0.00091796875	0.005732421875	0.006982421875	0.030419921875
40.0	0.97603515625	0.00091796875	0.004912109375	0.005703125	0.025498046875
41.0	0.976015625	0.00091796875	0.004111328125	0.004658203125	0.02140625
42.0	0.97603515625	0.00091796875	0.00359375	0.003828125	0.0178515625
43.0	0.976015625	0.00091796875	0.00326171875	0.00306640625	0.015234375
44.0	0.97603515625	0.00091796875	0.0028515625	0.00248046875	0.0132421875
45.0	0.97603515625	0.00091796875	0.002568359375	0.00212890625	0.0115625
46.0	0.97603515625	0.00091796875	0.002353515625	0.001728515625	0.0101171875
47.0	0.97603515625	0.00091796875	0.002138671875	0.0013671875	0.0084765625
48.0	0.97603515625	0.00091796875	0.0019140625	0.001025390625	0.006923828125
49.0	0.97603515625	0.00091796875	0.001787109375	0.000830078125	0.00587890625
50.0	0.97603515625	0.00091796875	0.001669921875	0.000703125	0.00505859375
51.0	0.97603515625	0.00091796875	0.001572265625	0.000537109375	0.004462890625
52.0	0.97603515625	0.00091796875	0.001513671875	0.0004296875	0.003740234375
53.0	0.97603515625	0.00091796875	0.001455078125	0.0003515625	0.003251953125
54.0	0.97603515625	0.00091796875	0.001416015625	0.00025390625	0.00298828125
55.0	0.97603515625	0.00091796875	0.0012890625	0.00017578125	0.002490234375
56.0	0.97603515625	0.00091796875	0.001220703125	0.000146484375	0.002158203125
57.0	0.97603515625	0.00091796875	0.001201171875	0.00013671875	0.001796875
58.0	0.97603515625	0.00091796875	0.001162109375	0.000107421875	0.001474609375
59.0	0.97603515625	0.00091796875	0.001142578125	6.8359375e-5	0.00115234375
60.0	0.97603515625	0.00091796875	0.001123046875	2.9296875e-5	0.00095703125
61.0	0.97603515625	0.00091796875	0.00111328125	2.9296875e-5	0.000771484375
62.0	0.97603515625	0.00091796875	0.00111328125	9.765625e-6	0.000634765625
63.0	0.97603515625	0.00091796875	0.001103515625	0.0	0.00052734375
64.0	0.97603515625	0.00091796875	0.00109375	0.0	0.00048828125
65.0	0.97603515625	0.00091796875	0.00107421875	0.0	0.0004296875
66.0	0.97603515625	0.00091796875	0.00107421875	0.0	0.00037109375
67.0	0.97603515625	0.00091796875	0.001064453125	0.0	0.0002734375
68.0	0.97603515625	0.00091796875	0.001064453125	0.0	0.000234375
69.0	0.97603515625	0.00091796875	0.0010546875	0.0	0.000224609375
70.0	0.97603515625	0.00091796875	0.0010546875	0.0	0.00017578125
71.0	0.97603515625	0.00091796875	0.0010546875	0.0	0.00017578125
72.0	0.97603515625	0.00091796875	0.0010546875	0.0	0.00013671875
73.0	0.97603515625	0.00091796875	0.0010546875	0.0	0.00013671875
74.0	0.97603515625	0.00091796875	0.0010546875	0.0	0.000126953125
75.0	0.97603515625	0.00091796875	0.0010546875	0.0	0.0001171875
76.0	0.97603515625	0.00091796875	0.0010546875	0.0	0.000107421875
77.0	0.97603515625	0.00091796875	0.0010546875	0.0	8.7890625e-5
78.0	0.97603515625	0.00091796875	0.0010546875	0.0	8.7890625e-5
79.0	0.97603515625	0.00091796875	0.0010546875	0.0	8.7890625e-5
80.0	0.97603515625	0.00091796875	0.0010546875	0.0	5.859375e-5
81.0	0.97603515625	0.00091796875	0.0010546875	0.0	5.859375e-5
82.0	0.97603515625	0.00091796875	0.0010546875	0.0	3.90625e-5
83.0	0.97603515625	0.00091796875	0.0010546875	0.0	3.90625e-5
84.0	0.97603515625	0.00091796875	0.0010546875	0.0	3.90625e-5
85.0	0.97603515625	0.00091796875	0.0010546875	0.0	3.90625e-5
86.0	0.97603515625	0.00091796875	0.0010546875	0.0	3.90625e-5
87.0	0.97603515625	0.00091796875	0.0010546875	0.0	3.90625e-5
88.0	0.97603515625	0.00091796875	0.0010546875	0.0	3.90625e-5
89.0	0.97603515625	0.00091796875	0.0010546875	0.0	3.90625e-5
90.0	0.97603515625	0.00091796875	0.0010546875	0.0	3.90625e-5
91.0	0.97603515625	0.00091796875	0.0010546875	0.0	3.90625e-5
92.0	0.97603515625	0.00091796875	0.0010546875	0.0	1.953125e-5
93.0	0.97603515625	0.00091796875	0.0010546875	0.0	1.953125e-5
94.0	0.97603515625	0.00091796875	0.0010546875	0.0	1.953125e-5
95.0	0.97603515625	0.00091796875	0.0010546875	0.0	1.953125e-5
96.0	0.97603515625	0.00091796875	0.0010546875	0.0	1.953125e-5
97.0	0.97603515625	0.00091796875	0.0010546875	0.0	1.953125e-5
98.0	0.97603515625	0.00091796875	0.0010546875	0.0	1.953125e-5
99.0	0.97603515625	0.00091796875	0.0010546875	0.0	1.953125e-5
100.0	0.97603515625	0.00091796875	0.0010546875	0.0	1.953125e-5
101.0	0.97603515625	0.00091796875	0.0010546875	0.0	1.953125e-5
102.0	0.97603515625	0.00091796875	0.0010546875	0.0	1.953125e-5
103.0	0.97603515625	0.00091796875	0.0010546875	0.0	1.953125e-5
104.0	0.97603515625	0.00091796875	0.0010546875	0.0	1.953125e-5
105.0	0.97603515625	0.00091796875	0.0010546875	0.0	1.953125e-5
106.0	0.97603515625	0.00091796875	0.0010546875	0.0	1.953125e-5
107.0	0.97603515625	0.00091796875	0.0010546875	0.0	1.953125e-5
108.0	0.97603515625	0.00091796875	0.0010546875	0.0	1.953125e-5
109.0	0.97603515625	0.00091796875	0.0010546875	0.0	1.953125e-5
110.0	0.97603515625	0.00091796875	0.0010546875	0.0	1.953125e-5
111.0	0.97603515625	0.00091796875	0.0010546875	0.0	1.953125e-5
112.0	0.97603515625	0.00091796875	0.0010546875	0.0	1.953125e-5
113.0	0.97603515625	0.00091796875	0.0010546875	0.0	1.953125e-5
114.0	0.97603515625	0.00091796875	0.0010546875	0.0	1.953125e-5
115.0	0.97603515625	0.00091796875	0.0010546875	0.0	1.953125e-5
116.0	0.97603515625	0.00091796875	0.0010546875	0.0	1.953125e-5
117.0	0.97603515625	0.00091796875	0.0010546875	0.0	1.953125e-5
118.0	0.97603515625	0.00091796875	0.0010546875	0.0	1.953125e-5
119.0	0.97603515625	0.00091796875	0.0010546875	0.0	1.953125e-5
120.0	0.97603515625	0.00091796875	0.0010546875	0.0	1.953125e-5
121.0	0.97603515625	0.00091796875	0.0010546875	0.0	1.953125e-5
122.0	0.97603515625	0.00091796875	0.0010546875	0.0	1.953125e-5
123.0	0.97603515625	0.00091796875	0.0010546875	0.0	1.953125e-5
124.0	0.97603515625	0.00091796875	0.0010546875	0.0	1.953125e-5
125.0	0.97603515625	0.00091796875	0.0010546875	0.0	1.953125e-5
126.0	0.97603515625	0.00091796875	0.0010546875	0.0	1.953125e-5
127.0	0.97603515625	0.00091796875	0.0010546875	0.0	1.953125e-5
128.0	0.97603515625	0.00091796875	0.0010546875	0.0	1.953125e-5
129.0	0.97603515625	0.00091796875	0.0010546875	0.0	1.953125e-5
130.0	0.97603515625	0.00091796875	0.0010546875	0.0	1.953125e-5
131.0	0.97603515625	0.00091796875	0.0010546875	0.0	1.953125e-5
132.0	0.97603515625	0.00091796875	0.0010546875	0.0	1.953125e-5
133.0	0.97603515625	0.00091796875	0.0010546875	0.0	1.953125e-5
134.0	0.97603515625	0.00091796875	0.0010546875	0.0	1.953125e-5
135.0	0.97603515625	0.00091796875	0.0010546875	0.0	1.953125e-5
136.0	0.97603515625	0.00091796875	0.0010546875	0.0	1.953125e-5
137.0	0.97603515625	0.00091796875	0.0010546875	0.0	1.953125e-5
138.0	0.97603515625	0.00091796875	0.0010546875	0.0	1.953125e-5
139.0	0.97603515625	0.00091796875	0.0010546875	0.0	1.953125e-5
140.0	0.97603515625	0.00091796875	0.0010546875	0.0	1.953125e-5
141.0	0.97603515625	0.00091796875	0.0010546875	0.0	1.953125e-5
142.0	0.97603515625	0.00091796875	0.0010546875	0.0	1.953125e-5
143.0	0.97603515625	0.00091796875	0.0010546875	0.0	1.953125e-5
144.0	0.97603515625	0.00091796875	0.0010546875	0.0	1.953125e-5
145.0	0.97603515625	0.00091796875	0.0010546875	0.0	1.953125e-5
146.0	0.97603515625	0.00091796875	0.0010546875	0.0	1.953125e-5
147.0	0.97603515625	0.00091796875	0.0010546875	0.0	1.953125e-5
148.0	0.97603515625	0.00091796875	0.0010546875	0.0	1.953125e-5
149.0	0.97603515625	0.00091796875	0.0010546875	0.0	1.953125e-5
150.0	0.97603515625	0.00091796875	0.0010546875	0.0	1.953125e-5
151.0	0.97603515625	0.00091796875	0.0010546875	0.0	1.953125e-5
152.0	0.97603515625	0.00091796875	0.0010546875	0.0	1.953125e-5
153.0	0.97603515625	0.00091796875	0.0010546875	0.0	1.953125e-5
154.0	0.97603515625	0.00091796875	0.0010546875	0.0	1.953125e-5
155.0	0.97603515625	0.00091796875	0.0010546875	0.0	1.953125e-5
156.0	0.97603515625	0.00091796875	0.0010546875	0.0	1.953125e-5
157.0	0.97603515625	0.00091796875	0.0010546875	0.0	1.953125e-5
158.0	0.97603515625	0.00091796875	0.0010546875	0.0	1.953125e-5
159.0	0.97603515625	0.00091796875	0.0010546875	0.0	1.953125e-5
160.0	0.97603515625	0.00091796875	0.0010546875	0.0	1.953125e-5
161.0	0.97603515625	0.00091796875	0.0010546875	0.0	1.953125e-5
162.0	0.97603515625	0.00091796875	0.0010546875	0.0	1.953125e-5
163.0	0.97603515625	0.00091796875	0.0010546875	0.0	1.953125e-5
164.0	0.97603515625	0.00091796875	0.0010546875	0.0	1.953125e-5
165.0	0.97603515625	0.00091796875	0.0010546875	0.0	1.953125e-5
166.0	0.97603515625	0.00091796875	0.0010546875	0.0	1.953125e-5
167.0	0.97603515625	0.00091796875	0.0010546875	0.0	1.953125e-5
168.0	0.97603515625	0.00091796875	0.0010546875	0.0	1.953125e-5
169.0	0.97603515625	0.00091796875	0.0010546875	0.0	1.953125e-5
170.0	0.97603515625	0.00091796875	0.0010546875	0.0	1.953125e-5
171.0	0.97603515625	0.00091796875	0.0010546875	0.0	1.953125e-5
172.0	0.97603515625	0.00091796875	0.0010546875	0.0	1.953125e-5
173.0	0.97603515625	0.00091796875	0.0010546875	0.0	1.953125e-5
174.0	0.97603515625	0.00091796875	0.0010546875	0.0	1.953125e-5
175.0	0.97603515625	0.00091796875	0.0010546875	0.0	1.953125e-5
176.0	0.97603515625	0.00091796875	0.0010546875	0.0	1.953125e-5
177.0	0.97603515625	0.00091796875	0.0010546875	0.0	1.953125e-5
178.0	0.97603515625	0.00091796875	0.0010546875	0.0	1.953125e-5
179.0	0.97603515625	0.00091796875	0.0010546875	0.0	1.953125e-5
180.0	0.97603515625	0.00091796875	0.0010546875	0.0	1.953125e-5
181.0	0.97603515625	0.00091796875	0.0010546875	0.0	1.953125e-5
182.0	0.97603515625	0.00091796875	0.0010546875	0.0	1.953125e-5
183.0	0.97603515625	0.00091796875	0.0010546875	0.0	1.953125e-5
184.0	0.97603515625	0.00091796875	0.0010546875	0.0	1.953125e-5
185.0	0.97603515625	0.00091796875	0.0010546875	0.0	1.953125e-5
186.0	0.97603515625	0.00091796875	0.0010546875	0.0	1.953125e-5
187.0	0.97603515625	0.00091796875	0.0010546875	0.0	1.953125e-5
188.0	0.97603515625	0.00091796875	0.0010546875	0.0	1.953125e-5
189.0	0.97603515625	0.00091796875	0.0010546875	0.0	1.953125e-5
190.0	0.97603515625	0.00091796875	0.0010546875	0.0	1.953125e-5
191.0	0.97603515625	0.00091796875	0.0010546875	0.0	1.953125e-5
192.0	0.97603515625	0.00091796875	0.0010546875	0.0	1.953125e-5
193.0	0.97603515625	0.00091796875	0.0010546875	0.0	1.953125e-5
194.0	0.97603515625	0.00091796875	0.0010546875	0.0	1.953125e-5
195.0	0.97603515625	0.00091796875	0.0010546875	0.0	1.953125e-5
196.0	0.97603515625	0.00091796875	0.0010546875	0.0	1.953125e-5
197.0	0.97603515625	0.00091796875	0.0010546875	0.0	1.953125e-5
198.0	0.97603515625	0.00091796875	0.0010546875	0.0	1.953125e-5
199.0	0.97603515625	0.00091796875	0.0010546875	0.0	1.953125e-5
200.0	0.97603515625	0.00091796875	0.0010546875	0.0	1.953125e-5
201.0	0.97603515625	0.00091796875	0.0010546875	0.0	1.953125e-5
202.0	0.97603515625	0.00091796875	0.0010546875	0.0	1.953125e-5
203.0	0.97603515625	0.00091796875	0.0010546875	0.0	1.953125e-5
204.0	0.97603515625	0.00091796875	0.0010546875	0.0	1.953125e-5
205.0	0.97603515625	0.00091796875	0.0010546875	0.0	1.953125e-5
206.0	0.97603515625	0.00091796875	0.0010546875	0.0	1.953125e-5
207.0	0.97603515625	0.00091796875	0.0010546875	0.0	1.953125e-5
208.0	0.97603515625	0.00091796875	0.0010546875	0.0	1.953125e-5
209.0	0.97603515625	0.00091796875	0.0010546875	0.0	1.953125e-5
210.0	0.97603515625	0.00091796875	0.0010546875	0.0	1.953125e-5
211.0	0.97603515625	0.00091796875	0.0010546875	0.0	1.953125e-5
212.0	0.97603515625	0.00091796875	0.0010546875	0.0	1.953125e-5
213.0	0.97603515625	0.00091796875	0.0010546875	0.0	1.953125e-5
214.0	0.97603515625	0.00091796875	0.0010546875	0.0	1.953125e-5
215.0	0.97603515625	0.00091796875	0.0010546875	0.0	1.953125e-5
216.0	0.97603515625	0.00091796875	0.0010546875	0.0	1.953125e-5
217.0	0.97603515625	0.00091796875	0.0010546875	0.0	1.953125e-5
218.0	0.97603515625	0.00091796875	0.0010546875	0.0	1.953125e-5
219.0	0.97603515625	0.00091796875	0.0010546875	0.0	1.953125e-5
220.0	0.97603515625	0.00091796875	0.0010546875	0.0	1.953125e-5
221.0	0.97603515625	0.00091796875	0.0010546875	0.0	1.953125e-5
222.0	0.97603515625	0.00091796875	0.0010546875	0.0	1.953125e-5
223.0	0.97603515625	0.00091796875	0.0010546875	0.0	1.953125e-5
224.0	0.97603515625	0.00091796875	0.0010546875	0.0	1.953125e-5
225.0	0.97603515625	0.00091796875	0.0010546875	0.0	1.953125e-5
226.0	0.97603515625	0.00091796875	0.0010546875	0.0	1.953125e-5
227.0	0.97603515625	0.00091796875	0.0010546875	0.0	1.953125e-5
228.0	0.97603515625	0.00091796875	0.0010546875	0.0	1.953125e-5
229.0	0.97603515625	0.00091796875	0.0010546875	0.0	1.953125e-5
230.0	0.97603515625	0.00091796875	0.0010546875	0.0	1.953125e-5
231.0	0.97603515625	0.00091796875	0.0010546875	0.0	1.953125e-5
232.0	0.97603515625	0.00091796875	0.0010546875	0.0	1.953125e-5
233.0	0.97603515625	0.00091796875	0.0010546875	0.0	1.953125e-5
234.0	0.97603515625	0.00091796875	0.0010546875	0.0	1.953125e-5
235.0	0.97603515625	0.00091796875	0.0010546875	0.0	1.953125e-5
236.0	0.97603515625	0.00091796875	0.0010546875	0.0	1.953125e-5
237.0	0.97603515625	0.00091796875	0.0010546875	0.0	1.953125e-5
238.0	0.97603515625	0.00091796875	0.0010546875	0.0	1.953125e-5
239.0	0.97603515625	0.00091796875	0.0010546875	0.0	1.953125e-5
240.0	0.97603515625	0.00091796875	0.0010546875	0.0	1.953125e-5
241.0	0.97603515625	0.00091796875	0.0010546875	0.0	1.953125e-5
242.0	0.97603515625	0.00091796875	0.0010546875	0.0	1.953125e-5
243.0	0.97603515625	0.00091796875	0.0010546875	0.0	1.953125e-5
244.0	0.97603515625	0.00091796875	0.0010546875	0.0	1.953125e-5
245.0	0.97603515625	0.00091796875	0.0010546875	0.0	1.953125e-5
246.0	0.97603515625	0.00091796875	0.0010546875	0.0	1.953125e-5
247.0	0.97603515625	0.00091796875	0.0010546875	0.0	1.953125e-5
248.0	0.97603515625	0.00091796875	0.0010546875	0.0	1.953125e-5
249.0	0.97603515625	0.00091796875	0.0010546875	0.0	1.953125e-5
250.0	0.97603515625	0.00091796875	0.0010546875	0.0	1.953125e-5
251.0	0.97603515625	0.00091796875	0.0010546875	0.0	1.953125e-5
252.0	0.97603515625	0.00091796875	0.0010546875	0.0	1.953125e-5
253.0	0.97603515625	0.00091796875	0.0010546875	0.0	1.953125e-5
254.0	0.97603515625	0.00091796875	0.0010546875	0.0	1.953125e-5
255.0	0.97603515625	0.00091796875	0.0010546875	0.0	1.953125e-5
256.0	0.97603515625	0.00091796875	0.0010546875	0.0	1.953125e-5
257.0	0.97603515625	0.00091796875	0.0010546875	0.0	1.953125e-5
258.0	0.97603515625	0.00091796875	0.0010546875	0.0	1.953125e-5
259.0	0.97603515625	0.00091796875	0.0010546875	0.0	1.953125e-5
260.0	0.97603515625	0.00091796875	0.0010546875	0.0	1.953125e-5
261.0	0.97603515625	0.00091796875	0.0010546875	0.0	1.953125e-5
262.0	0.97603515625	0.00091796875	0.0010546875	0.0	1.953125e-5
263.0	0.97603515625	0.00091796875	0.0010546875	0.0	1.953125e-5
264.0	0.97603515625	0.00091796875	0.0010546875	0.0	1.953125e-5
265.0	0.97603515625	0.00091796875	0.0010546875	0.0	1.953125e-5
266.0	0.97603515625	0.00091796875	0.0010546875	0.0	1.953125e-5
267.0	0.97603515625	0.00091796875	0.0010546875	0.0	1.953125e-5
268.0	0.97603515625	0.00091796875	0.0010546875	0.0	1.953125e-5
269.0	0.97603515625	0.00091796875	0.0010546875	0.0	1.953125e-5
270.0	0.97603515625	0.00091796875	0.0010546875	0.0	1.953125e-5
271.0	0.97603515625	0.00091796875	0.0010546875	0.0	1.953125e-5
272.0	0.97603515625	0.00091796875	0.0010546875	0.0	1.953125e-5
273.0	0.97603515625	0.00091796875	0.0010546875	0.0	1.953125e-5
274.0	0.97603515625	0.00091796875	0.0010546875	0.0	1.953125e-5
275.0	0.97603515625	0.00091796875	0.0010546875	0.0	1.953125e-5
276.0	0.97603515625	0.00091796875	0.0010546875	0.0	1.953125e-5
277.0	0.97603515625	0.00091796875	0.0010546875	0.0	1.953125e-5
278.0	0.97603515625	0.00091796875	0.0010546875	0.0	1.953125e-5
279.0	0.97603515625	0.00091796875	0.0010546875	0.0	1.953125e-5
280.0	0.97603515625	0.00091796875	0.0010546875	0.0	1.953125e-5
281.0	0.97603515625	0.00091796875	0.0010546875	0.0	1.953125e-5
282.0	0.97603515625	0.00091796875	0.0010546875	0.0	1.953125e-5
283.0	0.97603515625	0.00091796875	0.0010546875	0.0	1.953125e-5
284.0	0.97603515625	0.00091796875	0.0010546875	0.0	1.953125e-5
285.0	0.97603515625	0.00091796875	0.0010546875	0.0	1.953125e-5
286.0	0.97603515625	0.00091796875	0.0010546875	0.0	1.953125e-5
287.0	0.97603515625	0.00091796875	0.0010546875	0.0	1.953125e-5
288.0	0.97603515625	0.00091796875	0.0010546875	0.0	1.953125e-5
289.0	0.97603515625	0.00091796875	0.0010546875	0.0	1.953125e-5
290.0	0.97603515625	0.00091796875	0.0010546875	0.0	1.953125e-5
291.0	0.97603515625	0.00091796875	0.0010546875	0.0	1.953125e-5
292.0	0.97603515625	0.00091796875	0.0010546875	0.0	1.953125e-5
293.0	0.97603515625	0.00091796875	0.0010546875	0.0	1.953125e-5
294.0	0.97603515625	0.00091796875	0.0010546875	0.0	1.953125e-5
295.0	0.97603515625	0.00091796875	0.0010546875	0.0	1.953125e-5
296.0	0.97603515625	0.00091796875	0.0010546875	0.0	1.953125e-5
297.0	0.97603515625	0.00091796875	0.0010546875	0.0	1.953125e-5
298.0	0.97603515625	0.00091796875	0.0010546875	0.0	1.953125e-5
299.0	0.97603515625	0.00091796875	0.0010546875	0.0	1.953125e-5
300.0	0.97603515625	0.00091796875	0.0010546875	0.0	1.953125e-5
301.0	0.97603515625	0.00091796875	0.0010546875	0.0	1.953125e-5
302.0	0.97603515625	0.00091796875	0.0010546875	0.0	1.953125e-5
303.0	0.97603515625	0.00091796875	0.0010546875	0.0	1.953125e-5
304.0	0.97603515625	0.00091796875	0.0010546875	0.0	1.953125e-5
305.0	0.97603515625	0.00091796875	0.0010546875	0.0	1.953125e-5
306.0	0.97603515625	0.00091796875	0.0010546875	0.0	1.953125e-5
307.0	0.97603515625	0.00091796875	0.0010546875	0.0	1.953125e-5
308.0	0.97603515625	0.00091796875	0.0010546875	0.0	1.953125e-5
309.0	0.97603515625	0.00091796875	0.0010546875	0.0	1.953125e-5
310.0	0.97603515625	0.00091796875	0.0010546875	0.0	1.953125e-5
311.0	0.97603515625	0.00091796875	0.0010546875	0.0	1.953125e-5
312.0	0.97603515625	0.00091796875	0.0010546875	0.0	1.953125e-5
313.0	0.97603515625	0.00091796875	0.0010546875	0.0	1.953125e-5
314.0	0.97603515625	0.00091796875	0.0010546875	0.0	1.953125e-5
315.0	0.97603515625	0.00091796875	0.0010546875	0.0	1.953125e-5
316.0	0.97603515625	0.00091796875	0.0010546875	0.0	1.953125e-5
317.0	0.97603515625	0.00091796875	0.0010546875	0.0	1.953125e-5
318.0	0.97603515625	0.00091796875	0.0010546875	0.0	1.953125e-5
319.0	0.97603515625	0.00091796875	0.0010546875	0.0	1.953125e-5
320.0	0.97603515625	0.00091796875	0.0010546875	0.0	1.953125e-5
321.0	0.97603515625	0.00091796875	0.0010546875	0.0	1.953125e-5
322.0	0.97603515625	0.00091796875	0.0010546875	0.0	1.953125e-5
323.0	0.97603515625	0.00091796875	0.0010546875	0.0	1.953125e-5
324.0	0.97603515625	0.00091796875	0.0010546875	0.0	1.953125e-5
325.0	0.97603515625	0.00091796875	0.0010546875	0.0	1.953125e-5
326.0	0.97603515625	0.00091796875	0.0010546875	0.0	1.953125e-5
327.0	0.97603515625	0.00091796875	0.0010546875	0.0	1.953125e-5
328.0	0.97603515625	0.00091796875	0.0010546875	0.0	1.953125e-5
329.0	0.97603515625	0.00091796875	0.0010546875	0.0	1.953125e-5
330.0	0.97603515625	0.00091796875	0.0010546875	0.0	1.953125e-5
331.0	0.97603515625	0.00091796875	0.0010546875	0.0	1.953125e-5
332.0	0.97603515625	0.00091796875	0.0010546875	0.0	1.953125e-5
333.0	0.97603515625	0.00091796875	0.0010546875	0.0	1.953125e-5
334.0	0.97603515625	0.00091796875	0.0010546875	0.0	1.953125e-5
335.0	0.97603515625	0.00091796875	0.0010546875	0.0	1.953125e-5
336.0	0.97603515625	0.00091796875	0.0010546875	0.0	1.953125e-5
337.0	0.97603515625	0.00091796875	0.0010546875	0.0	1.953125e-5
338.0	0.97603515625	0.00091796875	0.0010546875	0.0	1.953125e-5
339.0	0.97603515625	0.00091796875	0.0010546875	0.0	1.953125e-5
340.0	0.97603515625	0.00091796875	0.0010546875	0.0	1.953125e-5
341.0	0.97603515625	0.00091796875	0.0010546875	0.0	1.953125e-5
342.0	0.97603515625	0.00091796875	0.0010546875	0.0	1.953125e-5
343.0	0.97603515625	0.00091796875	0.0010546875	0.0	1.953125e-5
344.0	0.97603515625	0.00091796875	0.0010546875	0.0	1.953125e-5
345.0	0.97603515625	0.00091796875	0.0010546875	0.0	1.953125e-5
346.0	0.97603515625	0.00091796875	0.0010546875	0.0	1.953125e-5
347.0	0.97603515625	0.00091796875	0.0010546875	0.0	1.953125e-5
348.0	0.97603515625	0.00091796875	0.0010546875	0.0	1.953125e-5
349.0	0.97603515625	0.00091796875	0.0010546875	0.0	1.953125e-5
350.0	0.97603515625	0.00091796875	0.0010546875	0.0	1.953125e-5
351.0	0.97603515625	0.00091796875	0.0010546875	0.0	1.953125e-5
352.0	0.97603515625	0.00091796875	0.0010546875	0.0	1.953125e-5
353.0	0.97603515625	0.00091796875	0.0010546875	0.0	1.953125e-5
354.0	0.97603515625	0.00091796875	0.0010546875	0.0	1.953125e-5
355.0	0.97603515625	0.00091796875	0.0010546875	0.0	1.953125e-5
356.0	0.97603515625	0.00091796875	0.0010546875	0.0	1.953125e-5
357.0	0.97603515625	0.00091796875	0.0010546875	0.0	1.953125e-5
358.0	0.97603515625	0.00091796875	0.0010546875	0.0	1.953125e-5
359.0	0.97603515625	0.00091796875	0.0010546875	0.0	1.953125e-5
360.0	0.97603515625	0.00091796875	0.0010546875	0.0	1.953125e-5
361.0	0.97603515625	0.00091796875	0.0010546875	0.0	1.953125e-5
362.0	0.97603515625	0.00091796875	0.0010546875	0.0	1.953125e-5
363.0	0.97603515625	0.00091796875	0.0010546875	0.0	1.953125e-5
364.0	0.97603515625	0.00091796875	0.0010546875	0.0	1.953125e-5
365.0	0.97603515625	0.00091796875	0.0010546875	0.0	1.953125e-5
366.0	0.97603515625	0.00091796875	0.0010546875	0.0	1.953125e-5
367.0	0.97603515625	0.00091796875	0.0010546875	0.0	1.953125e-5
368.0	0.97603515625	0.00091796875	0.0010546875	0.0	1.953125e-5
369.0	0.97603515625	0.00091796875	0.0010546875	0.0	1.953125e-5
370.0	0.97603515625	0.00091796875	0.0010546875	0.0	1.953125e-5
371.0	0.97603515625	0.00091796875	0.0010546875	0.0	1.953125e-5
372.0	0.97603515625	0.00091796875	0.0010546875	0.0	1.953125e-5
373.0	0.97603515625	0.00091796875	0.0010546875	0.0	1.953125e-5
374.0	0.97603515625	0.00091796875	0.0010546875	0.0	1.953125e-5
375.0	0.97603515625	0.00091796875	0.0010546875	0.0	1.953125e-5
376.0	0.97603515625	0.00091796875	0.0010546875	0.0	1.953125e-5
377.0	0.97603515625	0.00091796875	0.0010546875	0.0	1.953125e-5
378.0	0.97603515625	0.00091796875	0.0010546875	0.0	1.953125e-5
379.0	0.97603515625	0.00091796875	0.0010546875	0.0	1.953125e-5
380.0	0.97603515625	0.00091796875	0.0010546875	0.0	1.953125e-5
381.0	0.97603515625	0.00091796875	0.0010546875	0.0	1.953125e-5
382.0	0.97603515625	0.00091796875	0.0010546875	0.0	1.953125e-5
383.0	0.97603515625	0.00091796875	0.0010546875	0.0	1.953125e-5
384.0	0.97603515625	0.00091796875	0.0010546875	0.0	1.953125e-5
385.0	0.97603515625	0.00091796875	0.0010546875	0.0	1.953125e-5
386.0	0.97603515625	0.00091796875	0.0010546875	0.0	1.953125e-5
387.0	0.97603515625	0.00091796875	0.0010546875	0.0	1.953125e-5
388.0	0.97603515625	0.00091796875	0.0010546875	0.0	1.953125e-5
389.0	0.97603515625	0.00091796875	0.0010546875	0.0	1.953125e-5
390.0	0.97603515625	0.00091796875	0.0010546875	0.0	1.953125e-5
391.0	0.97603515625	0.00091796875	0.0010546875	0.0	1.953125e-5
392.0	0.97603515625	0.00091796875	0.0010546875	0.0	1.953125e-5
393.0	0.97603515625	0.00091796875	0.0010546875	0.0	1.953125e-5
394.0	0.97603515625	0.00091796875	0.0010546875	0.0	1.953125e-5
395.0	0.97603515625	0.00091796875	0.0010546875	0.0	1.953125e-5
396.0	0.97603515625	0.00091796875	0.0010546875	0.0	1.953125e-5
397.0	0.97603515625	0.00091796875	0.0010546875	0.0	1.953125e-5
398.0	0.97603515625	0.00091796875	0.0010546875	0.0	1.953125e-5
399.0	0.97603515625	0.00091796875	0.0010546875	0.0	1.953125e-5
400.0	0.97603515625	0.00091796875	0.0010546875	0.0	1.953125e-5
401.0	0.97603515625	0.00091796875	0.0010546875	0.0	1.953125e-5
402.0	0.97603515625	0.00091796875	0.0010546875	0.0	1.953125e-5
403.0	0.97603515625	0.00091796875	0.0010546875	0.0	1.953125e-5
404.0	0.97603515625	0.00091796875	0.0010546875	0.0	1.953125e-5
405.0	0.97603515625	0.00091796875	0.0010546875	0.0	1.953125e-5
406.0	0.97603515625	0.00091796875	0.0010546875	0.0	1.953125e-5
407.0	0.97603515625	0.00091796875	0.0010546875	0.0	1.953125e-5
408.0	0.97603515625	0.00091796875	0.0010546875	0.0	1.953125e-5
409.0	0.97603515625	0.00091796875	0.0010546875	0.0	1.953125e-5
410.0	0.97603515625	0.00091796875	0.0010546875	0.0	1.953125e-5
411.0	0.97603515625	0.00091796875	0.0010546875	0.0	1.953125e-5
412.0	0.97603515625	0.00091796875	0.0010546875	0.0	1.953125e-5
413.0	0.97603515625	0.00091796875	0.0010546875	0.0	1.953125e-5
414.0	0.97603515625	0.00091796875	0.0010546875	0.0	1.953125e-5
415.0	0.97603515625	0.00091796875	0.0010546875	0.0	1.953125e-5
416.0	0.97603515625	0.00091796875	0.0010546875	0.0	1.953125e-5
417.0	0.97603515625	0.00091796875	0.0010546875	0.0	1.953125e-5
418.0	0.97603515625	0.00091796875	0.0010546875	0.0	1.953125e-5
419.0	0.97603515625	0.00091796875	0.0010546875	0.0	1.953125e-5
420.0	0.97603515625	0.00091796875	0.0010546875	0.0	1.953125e-5
421.0	0.97603515625	0.00091796875	0.0010546875	0.0	1.953125e-5
422.0	0.97603515625	0.00091796875	0.0010546875	0.0	1.953125e-5
423.0	0.97603515625	0.00091796875	0.0010546875	0.0	1.953125e-5
424.0	0.97603515625	0.00091796875	0.0010546875	0.0	1.953125e-5
425.0	0.97603515625	0.00091796875	0.0010546875	0.0	1.953125e-5
426.0	0.97603515625	0.00091796875	0.0010546875	0.0	1.953125e-5
427.0	0.97603515625	0.00091796875	0.0010546875	0.0	1.953125e-5
428.0	0.97603515625	0.00091796875	0.0010546875	0.0	1.953125e-5
429.0	0.97603515625	0.00091796875	0.0010546875	0.0	1.953125e-5
430.0	0.97603515625	0.00091796875	0.0010546875	0.0	1.953125e-5
431.0	0.97603515625	0.00091796875	0.0010546875	0.0	1.953125e-5
432.0	0.97603515625	0.00091796875	0.0010546875	0.0	1.953125e-5
433.0	0.97603515625	0.00091796875	0.0010546875	0.0	1.953125e-5
434.0	0.97603515625	0.00091796875	0.0010546875	0.0	1.953125e-5
435.0	0.97603515625	0.00091796875	0.0010546875	0.0	1.953125e-5
436.0	0.97603515625	0.00091796875	0.0010546875	0.0	1.953125e-5
437.0	0.97603515625	0.00091796875	0.0010546875	0.0	1.953125e-5
438.0	0.97603515625	0.00091796875	0.0010546875	0.0	1.953125e-5
439.0	0.97603515625	0.00091796875	0.0010546875	0.0	1.953125e-5
440.0	0.97603515625	0.00091796875	0.0010546875	0.0	1.953125e-5
441.0	0.97603515625	0.00091796875	0.0010546875	0.0	1.953125e-5
442.0	0.97603515625	0.00091796875	0.0010546875	0.0	1.953125e-5
443.0	0.97603515625	0.00091796875	0.0010546875	0.0	1.953125e-5
444.0	0.97603515625	0.00091796875	0.0010546875	0.0	1.953125e-5
445.0	0.97603515625	0.00091796875	0.0010546875	0.0	1.953125e-5
446.0	0.97603515625	0.00091796875	0.0010546875	0.0	1.953125e-5
447.0	0.97603515625	0.00091796875	0.0010546875	0.0	1.953125e-5
448.0	0.97603515625	0.00091796875	0.0010546875	0.0	1.953125e-5
449.0	0.97603515625	0.00091796875	0.0010546875	0.0	1.953125e-5
450.0	0.97603515625	0.00091796875	0.0010546875	0.0	1.953125e-5
451.0	0.97603515625	0.00091796875	0.0010546875	0.0	1.953125e-5
452.0	0.97603515625	0.00091796875	0.0010546875	0.0	1.953125e-5
453.0	0.97603515625	0.00091796875	0.0010546875	0.0	1.953125e-5
454.0	0.97603515625	0.00091796875	0.0010546875	0.0	1.953125e-5
455.0	0.97603515625	0.00091796875	0.0010546875	0.0	1.953125e-5
456.0	0.97603515625	0.00091796875	0.0010546875	0.0	1.953125e-5
457.0	0.97603515625	0.00091796875	0.0010546875	0.0	1.953125e-5
458.0	0.97603515625	0.00091796875	0.0010546875	0.0	1.953125e-5
459.0	0.97603515625	0.00091796875	0.0010546875	0.0	1.953125e-5
460.0	0.97603515625	0.00091796875	0.0010546875	0.0	1.953125e-5
461.0	0.97603515625	0.00091796875	0.0010546875	0.0	1.953125e-5
462.0	0.97603515625	0.00091796875	0.0010546875	0.0	1.953125e-5
463.0	0.97603515625	0.00091796875	0.0010546875	0.0	1.953125e-5
464.0	0.97603515625	0.00091796875	0.0010546875	0.0	1.953125e-5
465.0	0.97603515625	0.00091796875	0.0010546875	0.0	1.953125e-5
466.0	0.97603515625	0.00091796875	0.0010546875	0.0	1.953125e-5
467.0	0.97603515625	0.00091796875	0.0010546875	0.0	1.953125e-5
468.0	0.97603515625	0.00091796875	0.0010546875	0.0	1.953125e-5
469.0	0.97603515625	0.00091796875	0.0010546875	0.0	1.953125e-5
470.0	0.97603515625	0.00091796875	0.0010546875	0.0	1.953125e-5
471.0	0.97603515625	0.00091796875	0.0010546875	0.0	1.953125e-5
472.0	0.97603515625	0.00091796875	0.0010546875	0.0	1.953125e-5
473.0	0.97603515625	0.00091796875	0.0010546875	0.0	1.953125e-5
474.0	0.97603515625	0.00091796875	0.0010546875	0.0	1.953125e-5
475.0	0.97603515625	0.00091796875	0.0010546875	0.0	1.953125e-5
476.0	0.97603515625	0.00091796875	0.0010546875	0.0	1.953125e-5
477.0	0.97603515625	0.00091796875	0.0010546875	0.0	1.953125e-5
478.0	0.97603515625	0.00091796875	0.0010546875	0.0	1.953125e-5
479.0	0.97603515625	0.00091796875	0.0010546875	0.0	1.953125e-5
480.0	0.97603515625	0.00091796875	0.0010546875	0.0	1.953125e-5
481.0	0.97603515625	0.00091796875	0.0010546875	0.0	1.953125e-5
482.0	0.97603515625	0.00091796875	0.0010546875	0.0	1.953125e-5
483.0	0.97603515625	0.00091796875	0.0010546875	0.0	1.953125e-5
484.0	0.97603515625	0.00091796875	0.0010546875	0.0	1.953125e-5
485.0	0.97603515625	0.00091796875	0.0010546875	0.0	1.953125e-5
486.0	0.97603515625	0.00091796875	0.0010546875	0.0	1.953125e-5
487.0	0.97603515625	0.00091796875	0.0010546875	0.0	1.953125e-5
488.0	0.97603515625	0.00091796875	0.0010546875	0.0	1.953125e-5
489.0	0.97603515625	0.00091796875	0.0010546875	0.0	1.953125e-5
490.0	0.97603515625	0.00091796875	0.0010546875	0.0	1.953125e-5
491.0	0.97603515625	0.00091796875	0.0010546875	0.0	1.953125e-5
492.0	0.97603515625	0.00091796875	0.0010546875	0.0	1.953125e-5
493.0	0.97603515625	0.00091796875	0.0010546875	0.0	1.953125e-5
494.0	0.97603515625	0.00091796875	0.0010546875	0.0	1.953125e-5
495.0	0.97603515625	0.00091796875	0.0010546875	0.0	1.953125e-5
496.0	0.97603515625	0.00091796875	0.0010546875	0.0	1.953125e-5
497.0	0.97603515625	0.00091796875	0.0010546875	0.0	1.953125e-5
498.0	0.97603515625	0.00091796875	0.0010546875	0.0	1.953125e-5
499.0	0.97603515625	0.00091796875	0.0010546875	0.0	1.953125e-5
500.0	0.97603515625	0.00091796875	0.0010546875	0.0	1.953125e-5
