4.8	24.466666666666665	24.333333333333332	24.0	24.8	25.4	24.8	24.866666666666667	25.266666666666666	25.4	24.0	24.8	24.2	24.466666666666665	24.6	25.266666666666666	25.333333333333332	24.4	24.466666666666665	24.733333333333334	25.733333333333334	24.533333333333335	24.933333333333334	24.6	24.6	25.066666666666666	25.2	25.266666666666666	24.066666666666666	24.933333333333334	24.4	24.666666666666668	25.0	24.8	24.866666666666667	24.0	24.8	24.333333333333332	25.0	24.6	23.866666666666667
3.7333333333333334	12.866666666666667	25.133333333333333	25.0	24.666666666666668	24.533333333333335	24.8	25.4	25.666666666666668	24.133333333333333	24.4	24.733333333333334	24.933333333333334	25.266666666666666	24.533333333333335	24.533333333333335	24.866666666666667	24.6	24.8	24.333333333333332	25.2	24.533333333333335	25.0	24.466666666666665	24.866666666666667	24.2	24.533333333333335	24.466666666666665	25.466666666666665	24.666666666666668	24.533333333333335	25.066666666666666	25.333333333333332	24.8	25.933333333333334	24.8	25.6	24.733333333333334	24.333333333333332	24.333333333333332	24.2
6.4	8.133333333333333	13.0	24.733333333333334	24.266666666666666	24.733333333333334	24.866666666666667	25.066666666666666	25.6	24.2	25.066666666666666	24.466666666666665	25.2	24.133333333333333	24.733333333333334	24.266666666666666	24.933333333333334	24.733333333333334	25.266666666666666	24.466666666666665	24.2	24.133333333333333	24.6	24.533333333333335	25.2	25.0	23.333333333333332	24.866666666666667	24.866666666666667	24.6	25.333333333333332	25.066666666666666	24.4	25.0	24.333333333333332	24.533333333333335	24.666666666666668	24.733333333333334	24.4	25.0	24.6
7.466666666666667	8.066666666666666	9.866666666666667	12.4	24.133333333333333	24.666666666666668	24.466666666666665	24.4	24.266666666666666	25.0	25.133333333333333	24.933333333333334	24.466666666666665	24.933333333333334	24.6	25.533333333333335	25.266666666666666	24.866666666666667	24.466666666666665	24.2	24.466666666666665	25.0	24.333333333333332	24.333333333333332	24.6	24.733333333333334	24.6	24.8	24.8	24.066666666666666	24.666666666666668	24.8	24.733333333333334	24.0	24.866666666666667	24.266666666666666	24.466666666666665	24.266666666666666	24.6	25.4	24.266666666666666
4.8	8.0	8.0	10.333333333333334	12.466666666666667	25.466666666666665	24.6	25.066666666666666	24.4	25.533333333333335	24.133333333333333	24.6	24.0	24.6	23.8	24.4	25.733333333333334	24.666666666666668	25.066666666666666	24.733333333333334	25.533333333333335	24.6	24.133333333333333	24.8	24.466666666666665	24.8	24.0	25.066666666666666	24.2	25.4	25.133333333333333	24.933333333333334	24.866666666666667	25.066666666666666	24.933333333333334	24.8	24.733333333333334	24.2	25.0	25.4	24.733333333333334
5.333333333333333	8.0	8.066666666666666	8.4	10.0	14.333333333333334	24.8	24.866666666666667	24.266666666666666	24.533333333333335	25.266666666666666	24.533333333333335	24.533333333333335	24.666666666666668	25.333333333333332	24.6	24.466666666666665	25.0	24.6	24.8	24.333333333333332	25.466666666666665	24.6	24.533333333333335	24.666666666666668	24.2	24.866666666666667	24.6	24.666666666666668	25.333333333333332	25.133333333333333	25.133333333333333	25.066666666666666	24.4	24.866666666666667	24.2	25.2	25.2	25.333333333333332	25.266666666666666	24.133333333333333
7.466666666666667	8.0	8.133333333333333	8.466666666666667	10.133333333333333	11.0	17.2	24.133333333333333	25.066666666666666	24.2	25.266666666666666	25.133333333333333	24.533333333333335	25.733333333333334	25.266666666666666	24.466666666666665	25.6	24.933333333333334	24.8	24.133333333333333	23.733333333333334	24.733333333333334	24.0	25.333333333333332	24.733333333333334	24.6	24.533333333333335	24.666666666666668	24.466666666666665	25.133333333333333	24.8	24.2	24.733333333333334	25.0	24.466666666666665	25.0	24.2	24.866666666666667	25.266666666666666	24.733333333333334	24.533333333333335
4.8	5.866666666666666	8.0	8.266666666666667	9.066666666666666	10.4	17.133333333333333	20.666666666666668	23.933333333333334	24.333333333333332	25.4	25.133333333333333	24.666666666666668	25.266666666666666	25.266666666666666	24.333333333333332	24.733333333333334	24.466666666666665	24.466666666666665	24.6	25.266666666666666	24.933333333333334	24.733333333333334	25.066666666666666	24.866666666666667	24.933333333333334	24.533333333333335	24.933333333333334	24.2	24.533333333333335	25.466666666666665	24.333333333333332	25.133333333333333	24.666666666666668	25.466666666666665	24.733333333333334	25.4	24.666666666666668	24.466666666666665	24.866666666666667	24.466666666666665
5.866666666666666	6.933333333333334	8.0	8.0	8.466666666666667	8.733333333333333	14.866666666666667	20.733333333333334	20.0	24.8	24.466666666666665	25.2	24.466666666666665	24.533333333333335	24.6	24.533333333333335	25.466666666666665	25.2	24.4	24.133333333333333	24.466666666666665	24.666666666666668	24.266666666666666	24.666666666666668	24.733333333333334	25.0	24.733333333333334	25.466666666666665	24.266666666666666	25.066666666666666	25.8	24.133333333333333	24.8	25.266666666666666	24.2	25.4	25.4	24.4	24.8	25.0	24.6
4.8	7.466666666666667	8.0	8.0	8.4	9.333333333333334	13.133333333333333	20.0	20.333333333333332	21.666666666666668	23.666666666666668	23.666666666666668	24.6	24.333333333333332	24.4	25.0	24.933333333333334	24.6	25.066666666666666	24.2	24.866666666666667	24.666666666666668	23.933333333333334	24.933333333333334	24.666666666666668	24.133333333333333	24.666666666666668	25.133333333333333	24.733333333333334	24.933333333333334	25.533333333333335	24.133333333333333	24.733333333333334	24.8	25.066666666666666	24.866666666666667	24.8	24.733333333333334	25.466666666666665	25.133333333333333	26.0
4.8	6.4	8.0	8.0	8.0	8.266666666666667	13.733333333333333	19.733333333333334	20.8	22.933333333333334	22.6	24.533333333333335	24.866666666666667	24.733333333333334	24.533333333333335	24.266666666666666	24.8	24.8	24.133333333333333	25.6	25.0	24.733333333333334	25.266666666666666	25.133333333333333	26.133333333333333	24.933333333333334	24.066666666666666	25.0	24.466666666666665	24.6	24.733333333333334	23.866666666666667	24.733333333333334	25.333333333333332	25.333333333333332	25.066666666666666	24.266666666666666	24.2	24.666666666666668	24.533333333333335	24.2
4.8	6.933333333333334	8.066666666666666	8.0	8.066666666666666	9.266666666666667	16.466666666666665	20.533333333333335	20.6	22.266666666666666	23.333333333333332	23.866666666666667	25.266666666666666	23.933333333333334	24.533333333333335	24.8	24.466666666666665	24.2	25.2	24.666666666666668	24.8	24.2	24.733333333333334	25.733333333333334	25.6	25.133333333333333	24.333333333333332	24.6	25.533333333333335	24.266666666666666	24.4	24.533333333333335	24.733333333333334	24.266666666666666	24.666666666666668	24.266666666666666	25.466666666666665	24.6	25.133333333333333	24.866666666666667	24.933333333333334
8.0	6.4	8.0	8.066666666666666	8.4	8.6	13.866666666666667	20.533333333333335	20.733333333333334	22.266666666666666	22.866666666666667	23.266666666666666	24.533333333333335	24.333333333333332	24.8	24.266666666666666	24.866666666666667	25.066666666666666	25.2	24.8	24.866666666666667	25.533333333333335	25.266666666666666	25.0	25.533333333333335	25.0	25.066666666666666	25.0	24.666666666666668	24.666666666666668	25.6	25.066666666666666	24.666666666666668	23.933333333333334	24.466666666666665	24.466666666666665	24.533333333333335	24.666666666666668	24.4	25.2	25.266666666666666
6.933333333333334	6.933333333333334	7.466666666666667	8.0	8.133333333333333	8.066666666666666	12.333333333333334	20.6	21.2	22.533333333333335	23.0	24.2	23.6	23.866666666666667	24.666666666666668	24.8	24.6	24.0	24.6	25.533333333333335	24.733333333333334	25.733333333333334	24.666666666666668	24.533333333333335	24.733333333333334	25.4	24.333333333333332	24.666666666666668	24.2	25.0	24.266666666666666	24.866666666666667	25.2	24.133333333333333	25.066666666666666	23.866666666666667	25.333333333333332	24.6	24.533333333333335	25.533333333333335	25.733333333333334
5.866666666666666	5.333333333333333	8.0	8.066666666666666	8.266666666666667	8.933333333333334	15.266666666666667	20.466666666666665	22.333333333333332	23.066666666666666	23.133333333333333	23.0	24.933333333333334	24.0	24.6	25.133333333333333	24.266666666666666	24.466666666666665	24.066666666666666	24.666666666666668	24.733333333333334	23.933333333333334	25.066666666666666	25.133333333333333	24.4	24.733333333333334	23.8	24.666666666666668	25.733333333333334	24.666666666666668	24.466666666666665	24.933333333333334	25.0	24.8	25.066666666666666	25.0	25.0	25.0	24.066666666666666	24.0	24.6
5.333333333333333	8.0	5.866666666666666	8.0	8.066666666666666	8.4	12.8	22.333333333333332	20.866666666666667	23.0	23.6	24.2	23.666666666666668	24.2	24.2	24.666666666666668	25.266666666666666	24.0	24.4	24.466666666666665	24.6	24.466666666666665	24.6	24.733333333333334	25.733333333333334	24.8	24.4	25.266666666666666	24.0	24.133333333333333	25.266666666666666	24.533333333333335	25.133333333333333	24.333333333333332	23.466666666666665	24.333333333333332	24.4	24.866666666666667	25.2	24.4	25.733333333333334
6.4	5.333333333333333	5.333333333333333	8.0	8.0	8.533333333333333	14.6	22.933333333333334	26.0	23.866666666666667	25.0	23.533333333333335	23.933333333333334	23.8	24.0	24.666666666666668	25.4	24.866666666666667	24.866666666666667	25.2	24.866666666666667	25.8	24.4	24.6	24.133333333333333	24.0	24.733333333333334	25.533333333333335	24.4	24.666666666666668	24.466666666666665	24.733333333333334	24.533333333333335	24.266666666666666	24.933333333333334	24.733333333333334	24.8	24.533333333333335	24.2	24.266666666666666	25.133333333333333
6.933333333333334	6.4	7.466666666666667	8.0	8.6	8.133333333333333	14.066666666666666	22.933333333333334	24.2	23.933333333333334	23.733333333333334	23.333333333333332	23.866666666666667	24.8	24.266666666666666	24.266666666666666	24.666666666666668	25.533333333333335	24.533333333333335	24.4	24.666666666666668	24.4	25.266666666666666	24.533333333333335	24.933333333333334	24.466666666666665	24.6	24.6	25.0	25.266666666666666	24.933333333333334	24.866666666666667	24.2	24.933333333333334	25.666666666666668	24.733333333333334	24.866666666666667	24.6	24.6	25.266666666666666	24.4
6.933333333333334	5.866666666666666	5.333333333333333	6.933333333333334	8.0	8.533333333333333	12.133333333333333	25.533333333333335	25.866666666666667	26.4	24.933333333333334	23.8	23.866666666666667	23.666666666666668	23.933333333333334	23.866666666666667	24.133333333333333	24.4	25.533333333333335	24.666666666666668	25.466666666666665	24.8	24.466666666666665	24.933333333333334	24.733333333333334	24.733333333333334	24.266666666666666	24.533333333333335	25.333333333333332	24.6	25.066666666666666	24.533333333333335	25.133333333333333	24.266666666666666	24.466666666666665	24.866666666666667	23.8	25.4	24.666666666666668	24.6	25.533333333333335
6.4	6.933333333333334	4.8	6.933333333333334	8.333333333333334	8.133333333333333	13.4	24.733333333333334	26.866666666666667	27.0	24.466666666666665	25.0	23.866666666666667	23.733333333333334	24.333333333333332	23.733333333333334	23.933333333333334	24.6	24.266666666666666	25.2	24.866666666666667	24.666666666666668	24.933333333333334	24.8	25.333333333333332	24.733333333333334	25.0	24.933333333333334	24.466666666666665	25.533333333333335	25.466666666666665	25.066666666666666	25.0	24.533333333333335	25.133333333333333	24.533333333333335	24.6	24.466666666666665	24.8	24.4	24.733333333333334
7.466666666666667	5.866666666666666	6.4	6.933333333333334	8.066666666666666	8.2	12.466666666666667	26.2	30.0	25.533333333333335	27.066666666666666	24.466666666666665	24.466666666666665	23.866666666666667	25.333333333333332	23.8	24.133333333333333	25.2	25.133333333333333	25.0	25.0	24.666666666666668	24.6	25.466666666666665	24.733333333333334	24.266666666666666	25.0	24.4	24.466666666666665	24.4	24.2	24.866666666666667	25.133333333333333	24.933333333333334	24.133333333333333	24.133333333333333	24.4	24.8	24.933333333333334	24.266666666666666	24.333333333333332
7.466666666666667	4.266666666666667	5.866666666666666	6.4	8.0	8.4	10.4	23.533333333333335	27.6	26.933333333333334	27.133333333333333	24.4	24.933333333333334	24.2	24.666666666666668	23.666666666666668	23.8	24.4	24.8	24.933333333333334	24.466666666666665	24.533333333333335	23.666666666666668	25.0	24.6	24.2	25.133333333333333	24.8	25.066666666666666	24.133333333333333	25.4	24.333333333333332	24.666666666666668	25.2	24.6	24.733333333333334	24.866666666666667	24.666666666666668	24.6	24.6	24.733333333333334
6.4	5.866666666666666	6.4	7.466666666666667	8.133333333333333	8.533333333333333	13.0	27.6	27.0	28.266666666666666	25.666666666666668	25.8	24.333333333333332	24.733333333333334	24.466666666666665	24.133333333333333	24.733333333333334	24.933333333333334	24.4	24.733333333333334	24.466666666666665	25.133333333333333	24.0	25.333333333333332	23.933333333333334	24.533333333333335	24.666666666666668	24.333333333333332	24.533333333333335	24.666666666666668	24.4	24.466666666666665	23.8	25.0	24.866666666666667	25.0	25.733333333333334	24.466666666666665	25.0	25.133333333333333	25.933333333333334
6.933333333333334	6.4	6.4	6.933333333333334	8.0	8.133333333333333	13.0	28.266666666666666	29.4	29.6	25.666666666666668	27.066666666666666	24.2	25.866666666666667	24.866666666666667	24.333333333333332	25.266666666666666	24.2	24.8	23.733333333333334	24.8	24.666666666666668	24.2	24.066666666666666	23.6	24.466666666666665	24.466666666666665	24.533333333333335	24.8	25.533333333333335	24.266666666666666	24.533333333333335	24.533333333333335	24.6	25.2	25.0	23.733333333333334	24.6	25.133333333333333	25.133333333333333	24.733333333333334
5.866666666666666	5.333333333333333	6.4	6.933333333333334	8.0	8.6	9.533333333333333	35.266666666666666	25.6	32.0	26.066666666666666	25.733333333333334	26.0	25.8	24.333333333333332	24.466666666666665	24.2	24.4	23.933333333333334	24.2	24.533333333333335	24.666666666666668	25.333333333333332	24.8	25.333333333333332	24.733333333333334	24.266666666666666	25.0	24.333333333333332	24.8	24.866666666666667	25.466666666666665	24.733333333333334	25.333333333333332	25.2	25.266666666666666	25.0	24.066666666666666	24.466666666666665	25.933333333333334	24.733333333333334
6.4	7.466666666666667	6.933333333333334	6.4	5.866666666666666	8.0	10.466666666666667	34.8	42.2	29.733333333333334	26.0	25.666666666666668	25.533333333333335	24.6	25.933333333333334	24.8	24.733333333333334	24.533333333333335	25.0	24.4	24.8	24.133333333333333	25.6	24.733333333333334	24.733333333333334	24.733333333333334	24.466666666666665	25.066666666666666	25.733333333333334	24.266666666666666	24.533333333333335	24.2	25.0	25.0	24.133333333333333	24.266666666666666	24.666666666666668	24.8	24.666666666666668	25.133333333333333	24.533333333333335
6.4	4.8	6.4	4.8	7.466666666666667	8.0	13.066666666666666	38.46666666666667	42.266666666666666	31.466666666666665	27.6	25.866666666666667	26.266666666666666	26.2	25.933333333333334	25.066666666666666	25.2	25.066666666666666	24.2	23.933333333333334	24.866666666666667	24.733333333333334	24.066666666666666	24.0	24.6	25.133333333333333	24.533333333333335	24.4	24.666666666666668	25.4	24.333333333333332	24.8	24.866666666666667	24.4	24.666666666666668	24.733333333333334	25.266666666666666	24.866666666666667	25.066666666666666	24.2	24.533333333333335
6.933333333333334	6.933333333333334	3.7333333333333334	6.4	6.933333333333334	8.0	13.6	38.6	37.266666666666666	33.0	29.133333333333333	26.6	25.8	26.333333333333332	24.933333333333334	24.666666666666668	25.066666666666666	24.066666666666666	24.933333333333334	25.066666666666666	24.533333333333335	24.466666666666665	24.733333333333334	24.666666666666668	24.133333333333333	24.666666666666668	24.466666666666665	24.466666666666665	24.666666666666668	25.466666666666665	24.4	24.466666666666665	24.266666666666666	25.133333333333333	24.2	25.2	25.0	24.8	24.8	24.6	24.6
5.866666666666666	6.4	6.4	6.4	6.933333333333334	8.0	16.0	39.13333333333333	43.6	32.86666666666667	29.0	28.066666666666666	25.8	26.6	26.066666666666666	25.6	23.933333333333334	24.666666666666668	25.133333333333333	23.933333333333334	25.0	25.0	25.066666666666666	24.2	24.666666666666668	24.8	25.466666666666665	24.933333333333334	24.0	23.933333333333334	24.066666666666666	25.0	23.933333333333334	24.666666666666668	24.466666666666665	23.533333333333335	25.4	24.266666666666666	25.066666666666666	24.533333333333335	25.066666666666666
5.866666666666666	7.466666666666667	5.866666666666666	6.933333333333334	5.866666666666666	8.6	13.4	44.2	47.46666666666667	32.13333333333333	28.4	28.066666666666666	26.733333333333334	26.466666666666665	26.133333333333333	24.266666666666666	26.2	24.733333333333334	25.8	25.133333333333333	24.933333333333334	24.133333333333333	24.4	24.8	24.733333333333334	24.2	24.933333333333334	24.4	24.933333333333334	25.333333333333332	24.933333333333334	24.866666666666667	24.6	25.2	25.2	25.066666666666666	25.0	24.466666666666665	24.8	25.533333333333335	24.2
5.866666666666666	5.866666666666666	6.4	6.4	4.266666666666667	6.4	10.333333333333334	70.2	45.8	33.6	33.333333333333336	28.8	27.466666666666665	26.333333333333332	26.533333333333335	26.266666666666666	25.933333333333334	25.533333333333335	24.666666666666668	24.266666666666666	25.2	25.6	24.533333333333335	24.533333333333335	24.666666666666668	25.2	25.4	25.266666666666666	24.866666666666667	25.266666666666666	25.133333333333333	24.666666666666668	25.066666666666666	24.666666666666668	25.266666666666666	24.666666666666668	24.8	24.533333333333335	24.733333333333334	24.533333333333335	23.933333333333334
6.933333333333334	6.933333333333334	5.333333333333333	4.8	5.866666666666666	5.866666666666666	9.266666666666667	49.13333333333333	46.266666666666666	33.4	32.333333333333336	29.266666666666666	26.533333333333335	27.133333333333333	25.8	26.333333333333332	24.6	24.8	25.133333333333333	25.2	24.333333333333332	25.0	24.533333333333335	25.333333333333332	24.8	24.266666666666666	24.066666666666666	25.666666666666668	24.333333333333332	24.4	24.066666666666666	24.8	24.533333333333335	24.666666666666668	24.6	23.8	24.333333333333332	23.866666666666667	25.2	25.533333333333335	25.466666666666665
3.7333333333333334	6.4	5.866666666666666	5.866666666666666	5.866666666666666	6.933333333333334	10.0	49.8	40.93333333333333	33.733333333333334	33.266666666666666	28.666666666666668	28.733333333333334	27.133333333333333	26.333333333333332	25.933333333333334	26.266666666666666	25.466666666666665	25.133333333333333	25.266666666666666	24.533333333333335	25.533333333333335	24.333333333333332	25.0	25.466666666666665	24.4	24.666666666666668	24.6	24.266666666666666	25.466666666666665	24.133333333333333	24.4	24.266666666666666	23.933333333333334	25.933333333333334	24.6	24.266666666666666	24.533333333333335	24.666666666666668	24.933333333333334	25.2
6.4	5.866666666666666	6.4	5.866666666666666	5.333333333333333	7.466666666666667	9.933333333333334	46.13333333333333	38.46666666666667	35.4	31.6	30.133333333333333	28.533333333333335	27.333333333333332	26.4	25.8	25.933333333333334	25.6	25.266666666666666	24.6	25.266666666666666	25.333333333333332	24.333333333333332	25.2	24.933333333333334	25.0	24.0	24.266666666666666	24.733333333333334	24.8	24.8	24.333333333333332	24.4	24.4	24.466666666666665	24.133333333333333	25.533333333333335	24.466666666666665	25.133333333333333	24.666666666666668	25.0
6.4	6.4	6.4	5.866666666666666	7.466666666666667	6.933333333333334	14.666666666666666	46.6	37.86666666666667	34.06666666666667	31.933333333333334	31.0	29.266666666666666	28.4	25.866666666666667	25.733333333333334	26.266666666666666	26.133333333333333	25.4	24.866666666666667	24.733333333333334	25.2	24.866666666666667	24.466666666666665	24.0	24.4	24.6	25.2	25.133333333333333	25.066666666666666	24.533333333333335	24.533333333333335	24.333333333333332	25.2	24.866666666666667	24.8	25.466666666666665	24.6	24.933333333333334	24.666666666666668	24.866666666666667
6.4	6.933333333333334	5.866666666666666	6.4	6.4	7.466666666666667	12.666666666666666	53.8	38.266666666666666	34.53333333333333	34.4	32.8	30.2	28.133333333333333	27.0	27.2	26.333333333333332	26.8	25.133333333333333	25.066666666666666	25.466666666666665	26.066666666666666	24.666666666666668	24.866666666666667	25.266666666666666	24.266666666666666	24.6	24.866666666666667	24.866666666666667	24.6	25.133333333333333	25.133333333333333	24.733333333333334	24.0	25.0	24.733333333333334	24.666666666666668	24.8	24.733333333333334	24.266666666666666	25.0
5.333333333333333	5.866666666666666	7.466666666666667	5.333333333333333	5.333333333333333	6.066666666666666	7.866666666666666	50.93333333333333	36.06666666666667	34.8	34.4	31.133333333333333	31.333333333333332	27.533333333333335	26.6	26.133333333333333	26.533333333333335	26.066666666666666	25.933333333333334	25.4	25.2	24.866666666666667	25.8	24.6	24.733333333333334	24.8	24.133333333333333	24.333333333333332	26.2	24.333333333333332	24.8	24.666666666666668	24.266666666666666	24.733333333333334	24.6	24.6	25.533333333333335	24.333333333333332	25.8	24.2	25.066666666666666
5.866666666666666	6.933333333333334	6.933333333333334	6.933333333333334	5.333333333333333	5.333333333333333	8.2	52.86666666666667	34.6	34.733333333333334	33.8	34.0	31.466666666666665	28.333333333333332	27.6	25.6	26.6	26.2	27.0	25.733333333333334	25.133333333333333	24.733333333333334	25.6	24.4	25.4	25.266666666666666	24.866666666666667	24.466666666666665	25.0	25.4	25.2	24.666666666666668	24.8	24.733333333333334	24.6	24.8	24.866666666666667	25.133333333333333	24.466666666666665	24.733333333333334	24.466666666666665
7.466666666666667	6.4	5.333333333333333	5.333333333333333	6.933333333333334	5.866666666666666	8.066666666666666	47.6	35.93333333333333	34.0	34.266666666666666	31.8	31.933333333333334	29.266666666666666	27.133333333333333	26.6	26.666666666666668	26.466666666666665	27.066666666666666	25.266666666666666	24.533333333333335	25.4	25.133333333333333	24.933333333333334	25.333333333333332	24.333333333333332	25.266666666666666	24.266666666666666	24.066666666666666	24.6	25.333333333333332	24.933333333333334	24.6	25.0	25.266666666666666	25.333333333333332	23.933333333333334	24.466666666666665	25.133333333333333	24.6	23.933333333333334
5.866666666666666	6.933333333333334	4.8	5.866666666666666	4.8	5.666666666666667	8.0	45.266666666666666	36.0	34.2	33.46666666666667	35.06666666666667	29.133333333333333	30.866666666666667	26.933333333333334	26.666666666666668	26.533333333333335	26.4	26.666666666666668	25.466666666666665	24.733333333333334	24.8	26.266666666666666	25.0	24.466666666666665	25.2	24.266666666666666	24.333333333333332	24.733333333333334	25.066666666666666	24.466666666666665	24.866666666666667	24.466666666666665	25.533333333333335	24.266666666666666	24.4	24.6	24.333333333333332	24.733333333333334	24.8	24.866666666666667
7.466666666666667	6.933333333333334	5.866666666666666	6.4	5.866666666666666	6.4	9.4	41.46666666666667	40.6	35.86666666666667	34.06666666666667	33.93333333333333	31.933333333333334	31.733333333333334	28.0	26.8	26.4	26.266666666666666	26.066666666666666	25.933333333333334	26.533333333333335	24.8	25.266666666666666	24.6	25.066666666666666	24.733333333333334	25.066666666666666	25.466666666666665	25.333333333333332	25.266666666666666	24.866666666666667	25.066666666666666	24.733333333333334	24.4	24.666666666666668	24.666666666666668	25.266666666666666	25.4	25.333333333333332	25.466666666666665	24.733333333333334
