21.4	13.4	10.2	15.0	13.0	17.8	13.0	22.2	13.4	17.6	18.0	21.2	19.4	17.4	27.8	26.8	33.2	86.6	250.0	250.0	250.0	113.4	114.2	77.2	73.0	81.2	79.2	79.6	74.6	77.0	78.0	79.0	80.8	83.4	77.2	77.0	79.8	76.0	81.8	76.4	83.0
12.8	18.4	15.4	14.4	18.2	14.4	17.4	18.6	20.6	17.2	15.4	20.4	20.6	16.4	24.6	29.2	98.4	250.0	250.0	250.0	100.4	96.2	78.6	98.8	78.8	81.6	80.0	80.0	77.2	77.0	76.6	81.2	81.0	78.0	83.8	80.0	78.8	80.2	77.2	82.8	78.6
10.6	17.6	16.2	17.0	12.6	13.4	15.6	16.8	20.0	22.2	23.6	16.6	19.6	24.8	26.6	32.8	107.0	250.0	250.0	94.8	112.2	132.0	75.0	80.8	78.6	80.8	81.4	83.4	77.0	77.6	79.8	76.2	82.0	83.6	79.4	76.8	76.4	78.0	79.4	82.0	80.0
13.8	18.0	14.2	18.8	18.4	17.0	19.2	16.0	19.8	21.4	21.6	19.0	15.0	25.6	33.6	97.2	234.8	250.0	250.0	101.6	95.4	110.8	98.0	73.0	80.2	76.6	77.4	83.4	80.6	76.2	79.6	78.8	81.6	78.4	77.0	79.6	80.4	78.8	76.4	81.0	80.6
10.2	14.8	20.8	18.0	14.6	18.0	19.8	17.8	19.0	15.6	19.0	19.4	18.6	27.4	32.6	122.4	250.0	250.0	250.0	100.8	78.6	79.4	77.0	77.8	82.6	83.4	80.0	77.8	83.4	76.6	77.0	77.0	81.4	74.6	79.0	77.8	80.0	76.4	82.4	76.6	79.6
16.6	14.0	14.8	13.2	19.4	12.4	15.4	19.2	16.4	18.4	16.8	19.2	26.0	27.2	28.2	133.4	250.0	250.0	116.4	77.0	98.6	77.8	76.2	80.8	80.0	80.2	77.6	77.8	77.8	78.6	78.4	78.0	78.8	83.0	78.6	78.8	77.8	88.2	84.0	81.4	78.4
16.0	18.0	17.2	15.4	15.2	12.8	15.8	15.0	23.2	18.8	15.8	14.8	27.6	30.0	104.2	250.0	250.0	250.0	78.8	78.2	80.2	80.4	75.4	79.0	76.2	76.4	77.2	79.2	78.2	77.4	79.0	78.4	78.4	78.8	80.6	83.0	80.0	80.8	81.2	78.4	84.6
13.6	16.0	17.4	15.4	13.0	16.8	17.8	17.8	18.8	18.0	11.6	23.0	26.0	26.2	95.4	236.8	250.0	84.0	98.8	81.0	81.0	78.4	81.8	82.4	77.0	80.0	79.4	79.0	76.0	80.6	80.0	73.4	79.4	82.0	80.6	80.0	75.6	87.4	82.6	80.2	78.2
13.4	13.0	18.4	16.0	15.0	16.6	14.4	15.6	15.6	14.8	22.8	28.6	24.6	78.2	185.0	250.0	250.0	77.2	99.6	79.0	78.0	82.2	77.2	77.2	82.6	83.4	78.4	80.8	86.4	78.6	75.2	81.2	78.2	80.0	80.2	76.2	78.2	79.0	79.0	82.8	77.4
16.0	16.8	15.4	15.0	16.6	18.2	19.0	15.2	15.8	19.0	15.4	27.4	29.2	82.2	193.4	250.0	84.8	95.4	75.6	81.4	80.2	80.6	82.0	79.8	78.0	79.0	82.0	79.0	77.4	79.4	79.0	77.4	77.8	79.0	78.4	81.6	80.4	80.2	82.2	78.8	83.2
12.4	12.0	13.8	14.6	12.8	10.6	18.0	15.8	12.6	15.2	21.6	26.4	30.0	200.0	217.8	216.8	77.0	78.0	80.2	77.2	77.8	79.4	81.0	78.4	77.6	79.0	82.4	78.8	79.8	76.2	76.8	82.6	76.0	77.6	77.6	86.0	78.4	86.0	83.2	81.4	75.2
18.6	17.6	14.4	15.6	16.0	16.2	13.6	17.8	17.0	19.6	25.4	28.0	88.4	250.0	166.6	82.8	82.8	79.8	76.6	80.2	75.4	80.0	74.2	77.2	79.4	78.8	78.0	79.2	77.0	80.4	83.2	77.0	75.8	78.0	82.4	79.8	82.8	79.6	81.0	76.2	78.2
11.0	17.6	19.2	14.4	17.8	11.2	15.2	13.8	13.8	18.2	29.4	30.4	250.0	233.4	133.2	80.4	79.6	77.4	78.8	81.2	80.0	77.6	79.4	76.4	82.0	83.0	81.8	80.2	74.8	79.0	78.8	80.0	80.8	76.2	81.6	80.8	77.8	83.8	78.6	81.0	79.0
14.2	19.6	14.8	14.6	14.0	18.8	15.2	14.8	18.6	17.2	25.6	81.4	233.0	231.8	82.6	83.2	80.0	79.6	89.6	86.2	79.6	76.0	79.4	77.6	79.2	80.8	81.0	83.0	77.6	77.6	80.8	80.0	76.8	77.6	76.0	77.8	78.4	81.8	76.0	79.0	78.6
13.4	21.2	17.4	13.4	15.4	11.4	17.2	17.8	12.2	25.2	28.2	99.6	250.0	233.4	235.2	78.6	82.2	77.4	81.2	82.2	80.2	81.2	80.2	77.6	80.4	72.0	80.2	76.0	79.2	79.0	76.6	78.2	79.4	78.4	80.8	78.6	78.6	78.8	89.4	79.4	77.6
14.6	20.8	12.4	17.0	16.2	16.4	16.0	15.8	18.8	23.2	30.0	250.0	250.0	232.4	250.0	218.0	79.8	76.6	81.8	79.6	82.6	80.4	78.2	77.6	80.8	77.6	81.2	79.0	77.4	76.8	75.0	81.4	84.4	81.2	78.2	79.4	80.6	75.0	84.0	83.2	76.6
12.4	10.4	13.0	15.8	17.6	17.4	21.6	16.0	26.2	28.4	57.6	250.0	250.0	250.0	216.0	99.6	78.4	78.8	74.8	78.2	77.0	81.4	80.2	82.4	76.2	75.2	76.4	81.8	83.0	77.6	77.0	81.8	82.6	80.2	85.2	81.2	77.6	81.0	79.6	81.2	81.8
15.6	10.6	18.8	18.2	16.6	14.2	14.4	18.8	29.8	29.0	250.0	250.0	182.6	232.6	139.4	206.8	80.4	81.4	81.0	74.2	83.6	80.4	78.4	75.2	79.4	83.2	80.2	78.8	80.4	77.8	75.4	80.8	75.0	76.8	77.8	82.4	79.8	77.4	81.2	74.8	79.8
17.4	15.2	15.0	13.6	14.2	13.4	18.4	22.4	27.2	122.0	250.0	250.0	216.4	180.0	203.8	90.6	82.0	84.4	80.6	77.8	78.4	80.6	79.0	81.8	78.2	79.6	78.8	79.2	79.8	80.4	84.4	80.0	79.6	77.6	78.6	80.0	80.0	80.0	82.2	78.8	79.0
13.2	17.2	13.4	19.0	16.2	18.6	17.8	14.0	29.0	124.4	250.0	233.0	197.4	167.2	216.4	90.4	86.0	85.6	76.6	81.6	78.0	81.8	82.6	81.4	78.2	77.4	74.0	84.0	81.0	77.4	80.6	82.0	79.0	74.6	77.2	82.8	76.4	76.6	82.6	78.6	79.6
16.2	13.4	16.0	12.8	14.4	16.2	15.4	24.2	24.6	250.0	250.0	234.4	197.8	169.0	96.4	82.6	91.4	78.2	80.6	78.6	80.4	78.6	76.0	83.4	77.6	77.0	76.8	76.6	79.8	82.2	77.8	76.6	81.2	77.2	75.8	79.0	77.4	80.0	78.2	80.2	81.8
10.8	14.6	15.8	12.8	15.4	16.4	17.2	23.6	54.6	250.0	250.0	250.0	208.2	103.8	89.6	87.4	83.4	77.0	82.4	78.0	77.6	86.6	80.0	77.2	76.0	79.0	81.6	76.4	75.2	80.4	79.4	77.4	79.4	75.6	81.8	77.0	75.0	78.4	78.8	78.2	80.2
13.6	11.6	18.4	14.0	17.0	14.2	20.2	23.4	250.0	250.0	250.0	174.6	206.2	94.4	91.2	89.0	82.2	79.2	81.2	78.0	77.4	80.0	82.8	79.2	83.6	76.0	77.4	80.8	75.0	80.4	79.6	77.6	78.6	78.6	79.6	80.6	81.2	75.0	77.2	76.6	78.0
12.4	13.4	13.6	19.0	13.0	14.8	23.8	99.6	250.0	184.6	250.0	171.2	105.2	107.8	88.6	86.6	77.6	79.4	81.2	81.2	81.8	81.2	81.4	77.4	79.2	82.4	78.6	79.8	75.6	74.6	80.4	82.2	76.0	78.0	81.0	78.2	82.2	75.2	77.0	80.4	78.2
15.2	12.8	19.6	14.2	15.2	16.6	28.4	250.0	250.0	226.2	215.6	115.6	115.2	96.2	89.2	82.2	81.4	79.6	80.4	82.6	81.2	77.8	81.0	74.6	80.8	79.4	77.8	77.4	74.8	78.4	81.4	82.4	81.6	75.0	82.4	79.4	78.8	78.0	77.8	76.8	80.4
15.4	15.0	13.2	13.6	15.0	13.2	25.6	250.0	204.8	234.8	190.0	108.0	98.2	88.0	87.6	88.4	83.0	81.4	81.0	81.6	79.8	77.4	82.6	77.4	79.6	79.0	78.2	80.8	78.4	74.8	81.8	77.6	78.2	76.8	83.8	76.0	76.6	81.2	77.4	81.6	82.0
15.2	16.2	16.6	19.6	14.2	21.8	250.0	140.0	150.8	151.8	143.2	116.2	98.6	97.0	82.4	87.6	79.2	83.0	78.6	79.8	80.8	83.2	74.6	80.8	78.2	78.4	78.0	79.6	82.0	75.2	80.2	75.6	79.4	79.6	81.0	83.2	80.2	77.0	74.8	79.8	85.0
17.6	12.2	12.4	12.4	11.8	21.6	250.0	82.8	128.0	139.2	130.8	103.8	96.6	94.0	84.6	87.2	85.8	79.4	80.2	83.0	79.2	81.0	80.4	78.2	78.8	79.2	80.4	79.2	79.4	78.2	78.8	79.0	79.0	81.8	80.6	79.4	80.6	78.8	77.8	77.2	77.4
20.0	17.4	14.2	13.0	20.2	85.0	250.0	114.4	144.0	130.0	126.0	108.6	96.4	95.4	82.8	87.0	86.6	83.2	76.8	78.6	80.4	80.8	75.8	80.8	76.2	79.4	82.2	80.8	77.0	78.2	81.6	81.4	74.8	79.0	78.8	77.2	79.2	81.4	79.8	75.4	81.4
12.8	19.4	11.6	18.8	26.0	250.0	69.2	108.8	145.8	134.4	121.0	100.2	95.6	90.8	91.2	94.4	79.0	82.2	81.4	82.0	84.0	78.6	80.4	79.4	76.8	78.8	84.4	76.4	81.8	78.8	79.0	82.2	79.6	80.6	81.8	77.4	78.2	77.8	72.4	77.0	78.2
13.0	14.2	17.8	14.4	26.6	250.0	27.6	129.0	150.4	129.0	131.6	103.4	98.2	85.6	85.6	88.2	82.4	80.2	83.2	82.0	81.6	76.4	79.2	81.8	81.0	80.8	80.2	79.2	82.6	78.4	80.4	82.0	78.4	83.2	86.2	79.2	80.4	75.2	80.8	81.2	74.4
18.6	11.6	14.6	19.6	250.0	67.8	25.2	116.4	99.8	125.2	111.8	99.2	91.8	87.8	87.6	84.8	83.2	85.8	81.0	83.0	78.0	78.4	77.2	80.2	82.4	75.4	80.0	81.6	78.2	78.0	81.6	78.2	77.6	73.8	76.4	86.8	79.0	85.4	79.2	81.4	81.0
16.2	12.4	16.0	26.6	49.8	16.0	24.6	153.0	141.2	128.4	108.0	99.2	100.0	90.6	85.6	85.8	84.0	91.6	82.6	80.6	83.0	82.0	81.2	79.4	80.8	78.2	77.4	79.2	78.0	77.8	80.0	77.4	81.6	80.4	74.2	81.6	77.8	78.0	83.4	84.6	77.2
16.6	12.6	14.0	140.8	44.6	17.2	24.2	153.0	144.2	118.2	116.2	97.6	92.2	93.6	85.6	83.6	83.8	82.0	79.8	81.0	77.4	86.6	79.4	81.0	74.6	82.0	79.0	79.6	77.0	81.6	84.0	80.6	78.8	77.2	77.2	78.0	76.6	78.4	80.2	84.4	81.2
12.0	15.0	15.6	250.0	16.0	19.0	28.8	155.2	145.6	115.0	103.2	102.0	105.2	88.8	88.2	88.4	86.4	80.6	81.6	79.0	87.4	81.0	84.4	78.6	80.2	77.4	78.6	75.8	79.2	82.4	82.2	79.8	79.8	80.8	79.0	73.6	78.2	75.6	79.8	78.2	77.0
16.0	19.6	29.2	18.4	18.8	17.6	31.8	138.4	120.0	115.4	106.8	103.4	96.8	86.2	87.4	88.2	81.6	84.8	79.4	82.8	79.6	84.4	78.6	76.8	78.2	82.0	81.2	77.6	81.0	81.4	76.4	81.2	82.8	76.4	82.4	81.6	77.8	81.0	83.4	76.0	81.8
13.2	16.8	23.0	16.0	21.0	14.2	20.2	160.2	114.0	111.0	110.8	99.0	104.0	96.2	89.4	87.0	84.2	81.6	85.0	79.6	78.6	78.8	80.4	79.8	80.8	80.4	80.6	81.8	80.2	77.6	77.2	78.6	76.8	74.4	83.0	79.0	81.2	77.2	80.0	77.4	75.6
12.0	23.0	16.0	14.4	18.4	18.6	19.0	137.0	119.8	112.4	113.4	106.4	103.4	86.2	89.2	87.4	81.2	83.2	86.4	82.4	80.2	80.8	78.6	79.4	82.2	79.6	83.4	78.4	82.8	78.6	81.6	75.8	84.0	80.4	80.6	79.0	81.2	83.0	79.4	86.4	83.8
12.4	250.0	18.6	14.2	16.6	20.0	24.6	129.8	105.8	107.2	104.0	101.0	95.2	90.8	87.2	89.0	86.2	82.2	87.2	81.8	79.0	84.8	84.0	79.2	82.8	76.2	81.0	79.0	78.0	79.0	80.0	78.6	76.0	74.6	78.2	77.6	82.6	82.2	77.6	81.0	75.8
20.8	16.6	15.2	12.8	14.6	12.0	25.2	130.0	111.4	103.6	108.0	108.0	95.8	99.2	90.4	90.4	81.8	79.2	84.4	86.4	80.6	83.8	78.2	82.0	81.2	79.2	82.6	78.6	77.4	79.6	77.0	80.8	81.6	76.0	75.2	81.4	79.2	82.4	80.6	81.8	78.0
14.6	17.6	15.2	18.2	14.4	13.8	24.0	123.0	122.0	104.0	108.2	105.4	99.0	98.8	93.0	92.8	89.8	87.4	84.8	89.6	86.0	84.4	78.8	80.4	80.2	80.8	78.6	77.8	75.2	81.6	84.2	84.2	79.4	77.4	81.4	77.8	80.0	79.2	79.0	78.6	80.4
