1.0	0.0009765625	0.0009765625	0.0009765625	0.0009765625	0.0009765625
2.0	0.0015625	0.001552734375	0.001611328125	0.001689453125	0.001669921875
3.0	0.002431640625	0.002431640625	0.0025390625	0.002626953125	0.002421875
4.0	0.00369140625	0.003564453125	0.003759765625	0.0040625	0.003740234375
5.0	0.0056640625	0.00533203125	0.005595703125	0.006279296875	0.005283203125
6.0	0.008515625	0.00798828125	0.0084765625	0.009296875	0.00775390625
7.0	0.012607421875	0.012216796875	0.012587890625	0.013720703125	0.011181640625
8.0	0.01826171875	0.017724609375	0.017939453125	0.01998046875	0.0161328125
9.0	0.026513671875	0.0255859375	0.026552734375	0.029287109375	0.02251953125
10.0	0.03798828125	0.036826171875	0.038955078125	0.042568359375	0.03177734375
11.0	0.05353515625	0.053056640625	0.055234375	0.0609765625	0.044619140625
12.0	0.0745703125	0.0744921875	0.07783203125	0.084541015625	0.061533203125
13.0	0.101396484375	0.102880859375	0.105341796875	0.11447265625	0.083515625
14.0	0.133974609375	0.139560546875	0.14005859375	0.1493359375	0.10869140625
15.0	0.171640625	0.178408203125	0.179013671875	0.186181640625	0.13595703125
16.0	0.21146484375	0.22177734375	0.2189453125	0.222861328125	0.165078125
17.0	0.252158203125	0.264189453125	0.2565625	0.25310546875	0.190791015625
18.0	0.288759765625	0.30173828125	0.289150390625	0.2753515625	0.209794921875
19.0	0.318212890625	0.32990234375	0.310341796875	0.288203125	0.225087890625
20.0	0.337099609375	0.3447265625	0.322119140625	0.29373046875	0.2317578125
21.0	0.347822265625	0.350068359375	0.32287109375	0.29017578125	0.235224609375
22.0	0.34814453125	0.34560546875	0.31435546875	0.28236328125	0.2319140625
23.0	0.338544921875	0.33279296875	0.29986328125	0.269052734375	0.22390625
24.0	0.321767578125	0.31640625	0.280029296875	0.254462890625	0.21439453125
25.0	0.299443359375	0.2933203125	0.258388671875	0.238388671875	0.20232421875
26.0	0.274677734375	0.268388671875	0.2371484375	0.22173828125	0.189560546875
27.0	0.247275390625	0.2425	0.21548828125	0.203310546875	0.1748046875
28.0	0.220615234375	0.216669921875	0.19375	0.185537109375	0.161259765625
29.0	0.194716796875	0.192314453125	0.173193359375	0.16759765625	0.148173828125
30.0	0.171630859375	0.169921875	0.15423828125	0.149970703125	0.13587890625
31.0	0.150322265625	0.149345703125	0.13673828125	0.13435546875	0.123427734375
32.0	0.130908203125	0.130546875	0.120263671875	0.11974609375	0.112373046875
33.0	0.1142578125	0.11431640625	0.105693359375	0.10658203125	0.10044921875
34.0	0.09865234375	0.098388671875	0.09310546875	0.093623046875	0.09044921875
35.0	0.08482421875	0.08544921875	0.080888671875	0.0826171875	0.081240234375
36.0	0.073134765625	0.07421875	0.07037109375	0.07267578125	0.07310546875
37.0	0.062861328125	0.06455078125	0.060546875	0.06294921875	0.06400390625
38.0	0.054130859375	0.05544921875	0.051826171875	0.054755859375	0.056513671875
39.0	0.046767578125	0.047705078125	0.044609375	0.047783203125	0.05
40.0	0.039892578125	0.040341796875	0.038310546875	0.041396484375	0.04345703125
41.0	0.034296875	0.03462890625	0.03283203125	0.036318359375	0.0378515625
42.0	0.02947265625	0.029716796875	0.02802734375	0.03140625	0.033310546875
43.0	0.025517578125	0.025107421875	0.0241015625	0.026884765625	0.028779296875
44.0	0.021806640625	0.021767578125	0.020576171875	0.02314453125	0.02466796875
45.0	0.018935546875	0.018427734375	0.017705078125	0.0198828125	0.0215625
46.0	0.0161328125	0.015634765625	0.01517578125	0.0170703125	0.019111328125
47.0	0.01369140625	0.0135546875	0.013154296875	0.014677734375	0.016669921875
48.0	0.011923828125	0.01154296875	0.0109375	0.012685546875	0.0144140625
49.0	0.0101171875	0.009814453125	0.009326171875	0.010966796875	0.0123828125
50.0	0.008681640625	0.008408203125	0.007958984375	0.009384765625	0.010673828125
51.0	0.007490234375	0.00734375	0.00673828125	0.00796875	0.008984375
52.0	0.006162109375	0.006220703125	0.00572265625	0.006904296875	0.007734375
53.0	0.00529296875	0.00517578125	0.00501953125	0.006005859375	0.00646484375
54.0	0.00447265625	0.00439453125	0.004248046875	0.005068359375	0.00560546875
55.0	0.003701171875	0.00373046875	0.00353515625	0.004130859375	0.004677734375
56.0	0.003203125	0.003232421875	0.003056640625	0.003623046875	0.00384765625
57.0	0.002666015625	0.002734375	0.0025390625	0.003056640625	0.003232421875
58.0	0.00234375	0.002353515625	0.002294921875	0.0026171875	0.002685546875
59.0	0.002001953125	0.002021484375	0.001923828125	0.00224609375	0.002255859375
60.0	0.00162109375	0.001787109375	0.00162109375	0.001923828125	0.001962890625
61.0	0.00146484375	0.001474609375	0.001435546875	0.001669921875	0.001630859375
62.0	0.0012890625	0.001318359375	0.001259765625	0.001396484375	0.001494140625
63.0	0.001064453125	0.001171875	0.001142578125	0.0012890625	0.0012890625
64.0	0.000986328125	0.001005859375	0.001015625	0.001181640625	0.00109375
65.0	0.0008203125	0.000888671875	0.000888671875	0.000908203125	0.000908203125
66.0	0.000703125	0.000751953125	0.00078125	0.000830078125	0.000771484375
67.0	0.000625	0.000625	0.000634765625	0.00072265625	0.000673828125
68.0	0.00056640625	0.000556640625	0.000478515625	0.00064453125	0.00052734375
69.0	0.000458984375	0.00046875	0.00037109375	0.000576171875	0.000439453125
70.0	0.00037109375	0.00041015625	0.00029296875	0.00044921875	0.00041015625
71.0	0.000322265625	0.000361328125	0.0002734375	0.00041015625	0.000361328125
72.0	0.0002734375	0.000322265625	0.00025390625	0.000361328125	0.00025390625
73.0	0.000224609375	0.000302734375	0.0001953125	0.000322265625	0.00021484375
74.0	0.000185546875	0.000263671875	0.000166015625	0.000224609375	0.0001953125
75.0	0.000166015625	0.000234375	0.00015625	0.0001953125	0.000166015625
76.0	0.000146484375	0.00021484375	0.000107421875	0.000185546875	0.000146484375
77.0	0.000107421875	0.0001953125	7.8125e-5	0.000185546875	0.000126953125
78.0	8.7890625e-5	0.000185546875	6.8359375e-5	0.00015625	8.7890625e-5
79.0	5.859375e-5	0.00015625	5.859375e-5	0.000146484375	5.859375e-5
80.0	3.90625e-5	0.00013671875	4.8828125e-5	0.00013671875	5.859375e-5
81.0	2.9296875e-5	0.000107421875	4.8828125e-5	0.00013671875	4.8828125e-5
82.0	1.953125e-5	0.000107421875	3.90625e-5	0.000126953125	3.90625e-5
83.0	1.953125e-5	4.8828125e-5	3.90625e-5	0.0001171875	2.9296875e-5
84.0	1.953125e-5	2.9296875e-5	3.90625e-5	8.7890625e-5	2.9296875e-5
85.0	1.953125e-5	2.9296875e-5	2.9296875e-5	6.8359375e-5	2.9296875e-5
86.0	1.953125e-5	2.9296875e-5	2.9296875e-5	3.90625e-5	2.9296875e-5
87.0	1.953125e-5	2.9296875e-5	2.9296875e-5	3.90625e-5	9.765625e-6
88.0	1.953125e-5	2.9296875e-5	1.953125e-5	2.9296875e-5	9.765625e-6
89.0	1.953125e-5	1.953125e-5	1.953125e-5	1.953125e-5	9.765625e-6
90.0	1.953125e-5	9.765625e-6	1.953125e-5	1.953125e-5	9.765625e-6
91.0	9.765625e-6	9.765625e-6	1.953125e-5	9.765625e-6	9.765625e-6
92.0	0.0	9.765625e-6	1.953125e-5	9.765625e-6	9.765625e-6
93.0	0.0	9.765625e-6	1.953125e-5	9.765625e-6	0.0
94.0	0.0	9.765625e-6	1.953125e-5	9.765625e-6	0.0
95.0	0.0	0.0	1.953125e-5	9.765625e-6	0.0
96.0	0.0	0.0	9.765625e-6	9.765625e-6	0.0
97.0	0.0	0.0	9.765625e-6	9.765625e-6	0.0
98.0	0.0	0.0	9.765625e-6	9.765625e-6	0.0
99.0	0.0	0.0	9.765625e-6	9.765625e-6	0.0
100.0	0.0	0.0	9.765625e-6	9.765625e-6	0.0
101.0	0.0	0.0	0.0	9.765625e-6	0.0
102.0	0.0	0.0	0.0	9.765625e-6	0.0
103.0	0.0	0.0	0.0	9.765625e-6	0.0
104.0	0.0	0.0	0.0	9.765625e-6	0.0
105.0	0.0	0.0	0.0	9.765625e-6	0.0
106.0	0.0	0.0	0.0	9.765625e-6	0.0
107.0	0.0	0.0	0.0	9.765625e-6	0.0
108.0	0.0	0.0	0.0	9.765625e-6	0.0
109.0	0.0	0.0	0.0	9.765625e-6	0.0
110.0	0.0	0.0	0.0	9.765625e-6	0.0
111.0	0.0	0.0	0.0	9.765625e-6	0.0
112.0	0.0	0.0	0.0	0.0	0.0
113.0	0.0	0.0	0.0	0.0	0.0
114.0	0.0	0.0	0.0	0.0	0.0
115.0	0.0	0.0	0.0	0.0	0.0
116.0	0.0	0.0	0.0	0.0	0.0
117.0	0.0	0.0	0.0	0.0	0.0
118.0	0.0	0.0	0.0	0.0	0.0
119.0	0.0	0.0	0.0	0.0	0.0
120.0	0.0	0.0	0.0	0.0	0.0
121.0	0.0	0.0	0.0	0.0	0.0
122.0	0.0	0.0	0.0	0.0	0.0
123.0	0.0	0.0	0.0	0.0	0.0
124.0	0.0	0.0	0.0	0.0	0.0
125.0	0.0	0.0	0.0	0.0	0.0
126.0	0.0	0.0	0.0	0.0	0.0
127.0	0.0	0.0	0.0	0.0	0.0
128.0	0.0	0.0	0.0	0.0	0.0
129.0	0.0	0.0	0.0	0.0	0.0
130.0	0.0	0.0	0.0	0.0	0.0
131.0	0.0	0.0	0.0	0.0	0.0
132.0	0.0	0.0	0.0	0.0	0.0
133.0	0.0	0.0	0.0	0.0	0.0
134.0	0.0	0.0	0.0	0.0	0.0
135.0	0.0	0.0	0.0	0.0	0.0
136.0	0.0	0.0	0.0	0.0	0.0
137.0	0.0	0.0	0.0	0.0	0.0
138.0	0.0	0.0	0.0	0.0	0.0
139.0	0.0	0.0	0.0	0.0	0.0
140.0	0.0	0.0	0.0	0.0	0.0
141.0	0.0	0.0	0.0	0.0	0.0
142.0	0.0	0.0	0.0	0.0	0.0
143.0	0.0	0.0	0.0	0.0	0.0
144.0	0.0	0.0	0.0	0.0	0.0
145.0	0.0	0.0	0.0	0.0	0.0
146.0	0.0	0.0	0.0	0.0	0.0
147.0	0.0	0.0	0.0	0.0	0.0
148.0	0.0	0.0	0.0	0.0	0.0
149.0	0.0	0.0	0.0	0.0	0.0
150.0	0.0	0.0	0.0	0.0	0.0
151.0	0.0	0.0	0.0	0.0	0.0
152.0	0.0	0.0	0.0	0.0	0.0
153.0	0.0	0.0	0.0	0.0	0.0
154.0	0.0	0.0	0.0	0.0	0.0
155.0	0.0	0.0	0.0	0.0	0.0
156.0	0.0	0.0	0.0	0.0	0.0
157.0	0.0	0.0	0.0	0.0	0.0
158.0	0.0	0.0	0.0	0.0	0.0
159.0	0.0	0.0	0.0	0.0	0.0
160.0	0.0	0.0	0.0	0.0	0.0
161.0	0.0	0.0	0.0	0.0	0.0
162.0	0.0	0.0	0.0	0.0	0.0
163.0	0.0	0.0	0.0	0.0	0.0
164.0	0.0	0.0	0.0	0.0	0.0
165.0	0.0	0.0	0.0	0.0	0.0
166.0	0.0	0.0	0.0	0.0	0.0
167.0	0.0	0.0	0.0	0.0	0.0
168.0	0.0	0.0	0.0	0.0	0.0
169.0	0.0	0.0	0.0	0.0	0.0
170.0	0.0	0.0	0.0	0.0	0.0
171.0	0.0	0.0	0.0	0.0	0.0
172.0	0.0	0.0	0.0	0.0	0.0
173.0	0.0	0.0	0.0	0.0	0.0
174.0	0.0	0.0	0.0	0.0	0.0
175.0	0.0	0.0	0.0	0.0	0.0
176.0	0.0	0.0	0.0	0.0	0.0
177.0	0.0	0.0	0.0	0.0	0.0
178.0	0.0	0.0	0.0	0.0	0.0
179.0	0.0	0.0	0.0	0.0	0.0
180.0	0.0	0.0	0.0	0.0	0.0
181.0	0.0	0.0	0.0	0.0	0.0
182.0	0.0	0.0	0.0	0.0	0.0
183.0	0.0	0.0	0.0	0.0	0.0
184.0	0.0	0.0	0.0	0.0	0.0
185.0	0.0	0.0	0.0	0.0	0.0
186.0	0.0	0.0	0.0	0.0	0.0
187.0	0.0	0.0	0.0	0.0	0.0
188.0	0.0	0.0	0.0	0.0	0.0
189.0	0.0	0.0	0.0	0.0	0.0
190.0	0.0	0.0	0.0	0.0	0.0
191.0	0.0	0.0	0.0	0.0	0.0
192.0	0.0	0.0	0.0	0.0	0.0
193.0	0.0	0.0	0.0	0.0	0.0
194.0	0.0	0.0	0.0	0.0	0.0
195.0	0.0	0.0	0.0	0.0	0.0
196.0	0.0	0.0	0.0	0.0	0.0
197.0	0.0	0.0	0.0	0.0	0.0
198.0	0.0	0.0	0.0	0.0	0.0
199.0	0.0	0.0	0.0	0.0	0.0
200.0	0.0	0.0	0.0	0.0	0.0
201.0	0.0	0.0	0.0	0.0	0.0
202.0	0.0	0.0	0.0	0.0	0.0
203.0	0.0	0.0	0.0	0.0	0.0
204.0	0.0	0.0	0.0	0.0	0.0
205.0	0.0	0.0	0.0	0.0	0.0
206.0	0.0	0.0	0.0	0.0	0.0
207.0	0.0	0.0	0.0	0.0	0.0
208.0	0.0	0.0	0.0	0.0	0.0
209.0	0.0	0.0	0.0	0.0	0.0
210.0	0.0	0.0	0.0	0.0	0.0
211.0	0.0	0.0	0.0	0.0	0.0
212.0	0.0	0.0	0.0	0.0	0.0
213.0	0.0	0.0	0.0	0.0	0.0
214.0	0.0	0.0	0.0	0.0	0.0
215.0	0.0	0.0	0.0	0.0	0.0
216.0	0.0	0.0	0.0	0.0	0.0
217.0	0.0	0.0	0.0	0.0	0.0
218.0	0.0	0.0	0.0	0.0	0.0
219.0	0.0	0.0	0.0	0.0	0.0
220.0	0.0	0.0	0.0	0.0	0.0
221.0	0.0	0.0	0.0	0.0	0.0
222.0	0.0	0.0	0.0	0.0	0.0
223.0	0.0	0.0	0.0	0.0	0.0
224.0	0.0	0.0	0.0	0.0	0.0
225.0	0.0	0.0	0.0	0.0	0.0
226.0	0.0	0.0	0.0	0.0	0.0
227.0	0.0	0.0	0.0	0.0	0.0
228.0	0.0	0.0	0.0	0.0	0.0
229.0	0.0	0.0	0.0	0.0	0.0
230.0	0.0	0.0	0.0	0.0	0.0
231.0	0.0	0.0	0.0	0.0	0.0
232.0	0.0	0.0	0.0	0.0	0.0
233.0	0.0	0.0	0.0	0.0	0.0
234.0	0.0	0.0	0.0	0.0	0.0
235.0	0.0	0.0	0.0	0.0	0.0
236.0	0.0	0.0	0.0	0.0	0.0
237.0	0.0	0.0	0.0	0.0	0.0
238.0	0.0	0.0	0.0	0.0	0.0
239.0	0.0	0.0	0.0	0.0	0.0
240.0	0.0	0.0	0.0	0.0	0.0
241.0	0.0	0.0	0.0	0.0	0.0
242.0	0.0	0.0	0.0	0.0	0.0
243.0	0.0	0.0	0.0	0.0	0.0
244.0	0.0	0.0	0.0	0.0	0.0
245.0	0.0	0.0	0.0	0.0	0.0
246.0	0.0	0.0	0.0	0.0	0.0
247.0	0.0	0.0	0.0	0.0	0.0
248.0	0.0	0.0	0.0	0.0	0.0
249.0	0.0	0.0	0.0	0.0	0.0
250.0	0.0	0.0	0.0	0.0	0.0
251.0	0.0	0.0	0.0	0.0	0.0
252.0	0.0	0.0	0.0	0.0	0.0
253.0	0.0	0.0	0.0	0.0	0.0
254.0	0.0	0.0	0.0	0.0	0.0
255.0	0.0	0.0	0.0	0.0	0.0
256.0	0.0	0.0	0.0	0.0	0.0
257.0	0.0	0.0	0.0	0.0	0.0
258.0	0.0	0.0	0.0	0.0	0.0
259.0	0.0	0.0	0.0	0.0	0.0
260.0	0.0	0.0	0.0	0.0	0.0
261.0	0.0	0.0	0.0	0.0	0.0
262.0	0.0	0.0	0.0	0.0	0.0
263.0	0.0	0.0	0.0	0.0	0.0
264.0	0.0	0.0	0.0	0.0	0.0
265.0	0.0	0.0	0.0	0.0	0.0
266.0	0.0	0.0	0.0	0.0	0.0
267.0	0.0	0.0	0.0	0.0	0.0
268.0	0.0	0.0	0.0	0.0	0.0
269.0	0.0	0.0	0.0	0.0	0.0
270.0	0.0	0.0	0.0	0.0	0.0
271.0	0.0	0.0	0.0	0.0	0.0
272.0	0.0	0.0	0.0	0.0	0.0
273.0	0.0	0.0	0.0	0.0	0.0
274.0	0.0	0.0	0.0	0.0	0.0
275.0	0.0	0.0	0.0	0.0	0.0
276.0	0.0	0.0	0.0	0.0	0.0
277.0	0.0	0.0	0.0	0.0	0.0
278.0	0.0	0.0	0.0	0.0	0.0
279.0	0.0	0.0	0.0	0.0	0.0
280.0	0.0	0.0	0.0	0.0	0.0
281.0	0.0	0.0	0.0	0.0	0.0
282.0	0.0	0.0	0.0	0.0	0.0
283.0	0.0	0.0	0.0	0.0	0.0
284.0	0.0	0.0	0.0	0.0	0.0
285.0	0.0	0.0	0.0	0.0	0.0
286.0	0.0	0.0	0.0	0.0	0.0
287.0	0.0	0.0	0.0	0.0	0.0
288.0	0.0	0.0	0.0	0.0	0.0
289.0	0.0	0.0	0.0	0.0	0.0
290.0	0.0	0.0	0.0	0.0	0.0
291.0	0.0	0.0	0.0	0.0	0.0
292.0	0.0	0.0	0.0	0.0	0.0
293.0	0.0	0.0	0.0	0.0	0.0
294.0	0.0	0.0	0.0	0.0	0.0
295.0	0.0	0.0	0.0	0.0	0.0
296.0	0.0	0.0	0.0	0.0	0.0
297.0	0.0	0.0	0.0	0.0	0.0
298.0	0.0	0.0	0.0	0.0	0.0
299.0	0.0	0.0	0.0	0.0	0.0
300.0	0.0	0.0	0.0	0.0	0.0
301.0	0.0	0.0	0.0	0.0	0.0
302.0	0.0	0.0	0.0	0.0	0.0
303.0	0.0	0.0	0.0	0.0	0.0
304.0	0.0	0.0	0.0	0.0	0.0
305.0	0.0	0.0	0.0	0.0	0.0
306.0	0.0	0.0	0.0	0.0	0.0
307.0	0.0	0.0	0.0	0.0	0.0
308.0	0.0	0.0	0.0	0.0	0.0
309.0	0.0	0.0	0.0	0.0	0.0
310.0	0.0	0.0	0.0	0.0	0.0
311.0	0.0	0.0	0.0	0.0	0.0
312.0	0.0	0.0	0.0	0.0	0.0
313.0	0.0	0.0	0.0	0.0	0.0
314.0	0.0	0.0	0.0	0.0	0.0
315.0	0.0	0.0	0.0	0.0	0.0
316.0	0.0	0.0	0.0	0.0	0.0
317.0	0.0	0.0	0.0	0.0	0.0
318.0	0.0	0.0	0.0	0.0	0.0
319.0	0.0	0.0	0.0	0.0	0.0
320.0	0.0	0.0	0.0	0.0	0.0
321.0	0.0	0.0	0.0	0.0	0.0
322.0	0.0	0.0	0.0	0.0	0.0
323.0	0.0	0.0	0.0	0.0	0.0
324.0	0.0	0.0	0.0	0.0	0.0
325.0	0.0	0.0	0.0	0.0	0.0
326.0	0.0	0.0	0.0	0.0	0.0
327.0	0.0	0.0	0.0	0.0	0.0
328.0	0.0	0.0	0.0	0.0	0.0
329.0	0.0	0.0	0.0	0.0	0.0
330.0	0.0	0.0	0.0	0.0	0.0
331.0	0.0	0.0	0.0	0.0	0.0
332.0	0.0	0.0	0.0	0.0	0.0
333.0	0.0	0.0	0.0	0.0	0.0
334.0	0.0	0.0	0.0	0.0	0.0
335.0	0.0	0.0	0.0	0.0	0.0
336.0	0.0	0.0	0.0	0.0	0.0
337.0	0.0	0.0	0.0	0.0	0.0
338.0	0.0	0.0	0.0	0.0	0.0
339.0	0.0	0.0	0.0	0.0	0.0
340.0	0.0	0.0	0.0	0.0	0.0
341.0	0.0	0.0	0.0	0.0	0.0
342.0	0.0	0.0	0.0	0.0	0.0
343.0	0.0	0.0	0.0	0.0	0.0
344.0	0.0	0.0	0.0	0.0	0.0
345.0	0.0	0.0	0.0	0.0	0.0
346.0	0.0	0.0	0.0	0.0	0.0
347.0	0.0	0.0	0.0	0.0	0.0
348.0	0.0	0.0	0.0	0.0	0.0
349.0	0.0	0.0	0.0	0.0	0.0
350.0	0.0	0.0	0.0	0.0	0.0
351.0	0.0	0.0	0.0	0.0	0.0
352.0	0.0	0.0	0.0	0.0	0.0
353.0	0.0	0.0	0.0	0.0	0.0
354.0	0.0	0.0	0.0	0.0	0.0
355.0	0.0	0.0	0.0	0.0	0.0
356.0	0.0	0.0	0.0	0.0	0.0
357.0	0.0	0.0	0.0	0.0	0.0
358.0	0.0	0.0	0.0	0.0	0.0
359.0	0.0	0.0	0.0	0.0	0.0
360.0	0.0	0.0	0.0	0.0	0.0
361.0	0.0	0.0	0.0	0.0	0.0
362.0	0.0	0.0	0.0	0.0	0.0
363.0	0.0	0.0	0.0	0.0	0.0
364.0	0.0	0.0	0.0	0.0	0.0
365.0	0.0	0.0	0.0	0.0	0.0
366.0	0.0	0.0	0.0	0.0	0.0
367.0	0.0	0.0	0.0	0.0	0.0
368.0	0.0	0.0	0.0	0.0	0.0
369.0	0.0	0.0	0.0	0.0	0.0
370.0	0.0	0.0	0.0	0.0	0.0
371.0	0.0	0.0	0.0	0.0	0.0
372.0	0.0	0.0	0.0	0.0	0.0
373.0	0.0	0.0	0.0	0.0	0.0
374.0	0.0	0.0	0.0	0.0	0.0
375.0	0.0	0.0	0.0	0.0	0.0
376.0	0.0	0.0	0.0	0.0	0.0
377.0	0.0	0.0	0.0	0.0	0.0
378.0	0.0	0.0	0.0	0.0	0.0
379.0	0.0	0.0	0.0	0.0	0.0
380.0	0.0	0.0	0.0	0.0	0.0
381.0	0.0	0.0	0.0	0.0	0.0
382.0	0.0	0.0	0.0	0.0	0.0
383.0	0.0	0.0	0.0	0.0	0.0
384.0	0.0	0.0	0.0	0.0	0.0
385.0	0.0	0.0	0.0	0.0	0.0
386.0	0.0	0.0	0.0	0.0	0.0
387.0	0.0	0.0	0.0	0.0	0.0
388.0	0.0	0.0	0.0	0.0	0.0
389.0	0.0	0.0	0.0	0.0	0.0
390.0	0.0	0.0	0.0	0.0	0.0
391.0	0.0	0.0	0.0	0.0	0.0
392.0	0.0	0.0	0.0	0.0	0.0
393.0	0.0	0.0	0.0	0.0	0.0
394.0	0.0	0.0	0.0	0.0	0.0
395.0	0.0	0.0	0.0	0.0	0.0
396.0	0.0	0.0	0.0	0.0	0.0
397.0	0.0	0.0	0.0	0.0	0.0
398.0	0.0	0.0	0.0	0.0	0.0
399.0	0.0	0.0	0.0	0.0	0.0
400.0	0.0	0.0	0.0	0.0	0.0
401.0	0.0	0.0	0.0	0.0	0.0
402.0	0.0	0.0	0.0	0.0	0.0
403.0	0.0	0.0	0.0	0.0	0.0
404.0	0.0	0.0	0.0	0.0	0.0
405.0	0.0	0.0	0.0	0.0	0.0
406.0	0.0	0.0	0.0	0.0	0.0
407.0	0.0	0.0	0.0	0.0	0.0
408.0	0.0	0.0	0.0	0.0	0.0
409.0	0.0	0.0	0.0	0.0	0.0
410.0	0.0	0.0	0.0	0.0	0.0
411.0	0.0	0.0	0.0	0.0	0.0
412.0	0.0	0.0	0.0	0.0	0.0
413.0	0.0	0.0	0.0	0.0	0.0
414.0	0.0	0.0	0.0	0.0	0.0
415.0	0.0	0.0	0.0	0.0	0.0
416.0	0.0	0.0	0.0	0.0	0.0
417.0	0.0	0.0	0.0	0.0	0.0
418.0	0.0	0.0	0.0	0.0	0.0
419.0	0.0	0.0	0.0	0.0	0.0
420.0	0.0	0.0	0.0	0.0	0.0
421.0	0.0	0.0	0.0	0.0	0.0
422.0	0.0	0.0	0.0	0.0	0.0
423.0	0.0	0.0	0.0	0.0	0.0
424.0	0.0	0.0	0.0	0.0	0.0
425.0	0.0	0.0	0.0	0.0	0.0
426.0	0.0	0.0	0.0	0.0	0.0
427.0	0.0	0.0	0.0	0.0	0.0
428.0	0.0	0.0	0.0	0.0	0.0
429.0	0.0	0.0	0.0	0.0	0.0
430.0	0.0	0.0	0.0	0.0	0.0
431.0	0.0	0.0	0.0	0.0	0.0
432.0	0.0	0.0	0.0	0.0	0.0
433.0	0.0	0.0	0.0	0.0	0.0
434.0	0.0	0.0	0.0	0.0	0.0
435.0	0.0	0.0	0.0	0.0	0.0
436.0	0.0	0.0	0.0	0.0	0.0
437.0	0.0	0.0	0.0	0.0	0.0
438.0	0.0	0.0	0.0	0.0	0.0
439.0	0.0	0.0	0.0	0.0	0.0
440.0	0.0	0.0	0.0	0.0	0.0
441.0	0.0	0.0	0.0	0.0	0.0
442.0	0.0	0.0	0.0	0.0	0.0
443.0	0.0	0.0	0.0	0.0	0.0
444.0	0.0	0.0	0.0	0.0	0.0
445.0	0.0	0.0	0.0	0.0	0.0
446.0	0.0	0.0	0.0	0.0	0.0
447.0	0.0	0.0	0.0	0.0	0.0
448.0	0.0	0.0	0.0	0.0	0.0
449.0	0.0	0.0	0.0	0.0	0.0
450.0	0.0	0.0	0.0	0.0	0.0
451.0	0.0	0.0	0.0	0.0	0.0
452.0	0.0	0.0	0.0	0.0	0.0
453.0	0.0	0.0	0.0	0.0	0.0
454.0	0.0	0.0	0.0	0.0	0.0
455.0	0.0	0.0	0.0	0.0	0.0
456.0	0.0	0.0	0.0	0.0	0.0
457.0	0.0	0.0	0.0	0.0	0.0
458.0	0.0	0.0	0.0	0.0	0.0
459.0	0.0	0.0	0.0	0.0	0.0
460.0	0.0	0.0	0.0	0.0	0.0
461.0	0.0	0.0	0.0	0.0	0.0
462.0	0.0	0.0	0.0	0.0	0.0
463.0	0.0	0.0	0.0	0.0	0.0
464.0	0.0	0.0	0.0	0.0	0.0
465.0	0.0	0.0	0.0	0.0	0.0
466.0	0.0	0.0	0.0	0.0	0.0
467.0	0.0	0.0	0.0	0.0	0.0
468.0	0.0	0.0	0.0	0.0	0.0
469.0	0.0	0.0	0.0	0.0	0.0
470.0	0.0	0.0	0.0	0.0	0.0
471.0	0.0	0.0	0.0	0.0	0.0
472.0	0.0	0.0	0.0	0.0	0.0
473.0	0.0	0.0	0.0	0.0	0.0
474.0	0.0	0.0	0.0	0.0	0.0
475.0	0.0	0.0	0.0	0.0	0.0
476.0	0.0	0.0	0.0	0.0	0.0
477.0	0.0	0.0	0.0	0.0	0.0
478.0	0.0	0.0	0.0	0.0	0.0
479.0	0.0	0.0	0.0	0.0	0.0
480.0	0.0	0.0	0.0	0.0	0.0
481.0	0.0	0.0	0.0	0.0	0.0
482.0	0.0	0.0	0.0	0.0	0.0
483.0	0.0	0.0	0.0	0.0	0.0
484.0	0.0	0.0	0.0	0.0	0.0
485.0	0.0	0.0	0.0	0.0	0.0
486.0	0.0	0.0	0.0	0.0	0.0
487.0	0.0	0.0	0.0	0.0	0.0
488.0	0.0	0.0	0.0	0.0	0.0
489.0	0.0	0.0	0.0	0.0	0.0
490.0	0.0	0.0	0.0	0.0	0.0
491.0	0.0	0.0	0.0	0.0	0.0
492.0	0.0	0.0	0.0	0.0	0.0
493.0	0.0	0.0	0.0	0.0	0.0
494.0	0.0	0.0	0.0	0.0	0.0
495.0	0.0	0.0	0.0	0.0	0.0
496.0	0.0	0.0	0.0	0.0	0.0
497.0	0.0	0.0	0.0	0.0	0.0
498.0	0.0	0.0	0.0	0.0	0.0
499.0	0.0	0.0	0.0	0.0	0.0
500.0	0.0	0.0	0.0	0.0	0.0
