1.0	0.22031999999999996	0.25583999999999996	0.24248	0.20399999999999996	0.25768	0.20799999999999996	0.24231999999999998	0.20335999999999999	0.22776	0.20992	0.2584	0.21104	0.22655999999999998	0.24295999999999995	0.25295999999999996	0.23751999999999995	0.23879999999999998	0.23248	0.26224	0.21711999999999998	0.0007199999999999999	0.00039999999999999996	0.00047999999999999996	8.0e-5	0.0008	0.0004	0.0009599999999999999	0.00032	0.0005600000000000001	0.00016	0.00096	0.00048000000000000007	0.00024000000000000003	0.00048000000000000007	0.0	0.0005600000000000001	0.0006399999999999999	0.00016	0.00016	0.00016
1.0	0.22496	0.25111999999999995	0.248	0.21935999999999994	0.24024	0.22711999999999996	0.28623999999999994	0.22111999999999998	0.21519999999999995	0.27328	0.26824	0.26095999999999997	0.20864	0.23935999999999996	0.24487999999999996	0.24807999999999997	0.25304	0.20687999999999995	0.22855999999999993	0.012320000000000001	8.0e-5	0.0006399999999999999	0.00152	0.00031999999999999997	8.0e-5	0.0005600000000000001	0.00016	0.00088	8.0e-5	0.0010400000000000001	0.0007199999999999999	0.00048000000000000007	0.00016	0.00016	0.00064	0.00024000000000000003	0.0005600000000000001	0.00016	0.00031999999999999997	0.0
1.0	0.20367999999999997	0.20183999999999996	0.22039999999999996	0.24839999999999998	0.2571199999999999	0.222	0.22703999999999996	0.22167999999999996	0.23952	0.24751999999999996	0.23256	0.22175999999999998	0.21767999999999996	0.25823999999999997	0.24112	0.24216	0.21343999999999996	0.24663999999999997	0.21647999999999998	0.012320000000000001	0.0007999999999999999	0.0007199999999999999	0.00039999999999999996	0.00031999999999999997	0.0005600000000000001	0.00031999999999999997	0.00039999999999999996	0.00032	0.00024000000000000003	0.0006399999999999999	0.00048	0.00032	0.00064	0.00032	0.00016	8.0e-5	0.00031999999999999997	0.0	8.0e-5	0.0
1.0	0.19736000000000004	0.23047999999999996	0.21999999999999997	0.242	0.20623999999999998	0.24767999999999996	0.22536	0.23919999999999997	0.22264	0.21736	0.26095999999999997	0.22031999999999996	0.22951999999999997	0.24279999999999996	0.25328	0.21327999999999997	0.23328000000000002	0.23344	0.012720000000000002	0.012720000000000002	0.00024000000000000003	0.00048000000000000007	0.00024000000000000003	0.00136	0.00047999999999999996	0.00031999999999999997	0.00016	0.0006399999999999999	0.00024000000000000003	0.0007199999999999999	8.0e-5	0.00024000000000000003	8.0e-5	0.00056	0.00032	0.00024000000000000003	8.0e-5	8.0e-5	0.0	8.0e-5
1.0	0.21016000000000007	0.19992000000000001	0.25144	0.23735999999999996	0.21983999999999998	0.2056	0.25183999999999995	0.20999999999999996	0.24215999999999996	0.23896	0.20896	0.27352000000000004	0.2524	0.27104	0.23464	0.2551199999999999	0.23143999999999998	0.23455999999999994	0.011120000000000001	0.0116	0.00048	0.00088	0.00056	0.00024000000000000003	8.0e-5	8.0e-5	0.0008	0.00047999999999999996	0.00032	0.00039999999999999996	0.00024000000000000003	0.00031999999999999997	0.0005600000000000001	0.00016	0.00048	0.00016	8.0e-5	0.00016	0.0	0.00016
1.0	0.17648	0.17008	0.23304	0.2396	0.21408	0.24279999999999996	0.23519999999999996	0.23056	0.24239999999999995	0.27896	0.23928	0.21639999999999998	0.22175999999999996	0.22287999999999997	0.2264	0.24272000000000002	0.24911999999999998	0.013040000000000003	0.012480000000000002	0.014000000000000002	0.0008	0.00039999999999999996	0.00056	0.00096	0.00016	0.0012	0.00039999999999999996	0.0008799999999999999	0.00072	0.00031999999999999997	0.0009600000000000001	0.00024000000000000003	0.00024000000000000003	0.00039999999999999996	0.0010400000000000001	0.0	0.00016	0.00016	0.0	0.00016
1.0	0.20351999999999998	0.22032	0.20928000000000002	0.22568	0.25592000000000004	0.21832	0.23704	0.25975999999999994	0.20224	0.2536	0.21295999999999998	0.21216	0.18928	0.26544	0.19951999999999998	0.23751999999999995	0.26936	0.012960000000000001	0.012480000000000002	0.011520000000000004	0.00024000000000000003	0.00023999999999999998	0.0007199999999999999	0.00039999999999999996	0.00024000000000000003	0.00016	0.00048000000000000007	0.0006399999999999999	0.00024000000000000003	8.0e-5	0.00032	0.0008800000000000001	0.00024000000000000003	0.00023999999999999998	0.0	0.0	0.00024000000000000003	0.0	0.0	0.0
1.0	0.19360000000000002	0.19728	0.18168	0.20776	0.23679999999999995	0.24551999999999993	0.24223999999999998	0.23736	0.20439999999999997	0.25488	0.22663999999999998	0.21615999999999996	0.26968	0.23056	0.24056	0.25696	0.013440000000000004	0.012000000000000002	0.011440000000000002	0.014240000000000003	0.0006399999999999999	0.00024000000000000003	0.00064	8.0e-5	0.00048000000000000007	0.0004000000000000001	0.00047999999999999996	0.00088	0.00031999999999999997	0.00096	0.00023999999999999998	0.0004	0.0006399999999999999	0.00047999999999999996	0.0	8.0e-5	8.0e-5	0.0	8.0e-5	0.0
1.0	0.20272	0.19512000000000002	0.20367999999999997	0.22112	0.25136	0.22447999999999999	0.23848	0.24351999999999996	0.24344	0.23824	0.25511999999999996	0.22136	0.24184	0.22999999999999995	0.25888	0.25215999999999994	0.014160000000000002	0.012320000000000001	0.012640000000000002	0.013200000000000003	0.00064	0.00039999999999999996	0.00152	0.0	0.00031999999999999997	0.00056	0.00072	0.00088	0.00024000000000000003	0.0008800000000000001	0.0005600000000000001	0.00024000000000000003	0.00016	8.0e-5	0.0	8.0e-5	8.0e-5	0.0	8.0e-5	8.0e-5
1.0	0.20271999999999996	0.18128	0.19048000000000004	0.18632000000000004	0.22927999999999998	0.24288000000000004	0.28232	0.22423999999999994	0.22343999999999997	0.19591999999999998	0.22031999999999996	0.23143999999999998	0.23224	0.21799999999999997	0.23935999999999996	0.012720000000000002	0.011600000000000001	0.012800000000000002	0.011680000000000003	0.014080000000000002	0.0004	0.00023999999999999998	0.00056	0.0007199999999999999	0.0006399999999999999	0.00016	8.0e-5	0.00032	0.00048000000000000007	8.0e-5	0.00056	0.00016	8.0e-5	0.00016	0.00016	0.0	0.0	0.0	0.00016	0.0
1.0	0.19672	0.19880000000000003	0.21376	0.20472	0.2328	0.22471999999999998	0.22903999999999997	0.22231999999999996	0.22351999999999997	0.2196	0.2268	0.2568	0.20944	0.2236	0.23647999999999997	0.012000000000000002	0.012400000000000001	0.014320000000000005	0.012240000000000003	0.013600000000000004	0.0006399999999999999	0.00039999999999999996	0.00024000000000000003	0.00032	0.00024000000000000003	0.00032	0.00031999999999999997	0.00016	0.00016	0.00112	0.00016	0.00016	0.00016	0.0	8.0e-5	0.00016	0.0	8.0e-5	0.0	0.0
1.0	0.23736	0.1856	0.22648000000000001	0.22808	0.22736000000000003	0.23743999999999998	0.20879999999999999	0.24168	0.25608	0.22135999999999995	0.24047999999999997	0.24816	0.24607999999999997	0.21736	0.013040000000000003	0.012560000000000002	0.011760000000000001	0.012800000000000002	0.011920000000000004	0.013440000000000004	0.00024000000000000003	0.00023999999999999998	8.0e-5	0.0008800000000000001	0.0007999999999999999	0.00056	0.0004	0.00048000000000000007	0.00024000000000000003	0.0	0.00016	8.0e-5	0.0	8.0e-5	8.0e-5	0.0	0.0	0.0	0.0	0.0
1.0	0.16999999999999998	0.1836	0.17928000000000002	0.18280000000000002	0.22071999999999997	0.22296	0.21959999999999993	0.26023999999999997	0.23903999999999995	0.21656	0.26304	0.20183999999999994	0.24288	0.23463999999999996	0.013760000000000001	0.01472	0.013920000000000002	0.011840000000000003	0.013280000000000002	0.014640000000000004	0.00032	0.0005600000000000001	0.0005600000000000001	0.0005600000000000001	0.0008	0.00024000000000000003	0.0006399999999999999	0.00047999999999999996	0.0005600000000000001	0.0	0.00016	0.0	8.0e-5	8.0e-5	0.0	0.0	0.0	0.0	0.0	0.0
1.0	0.20407999999999998	0.18680000000000002	0.1716	0.22816000000000003	0.1952	0.19216000000000003	0.22112	0.27168	0.21664	0.23567999999999997	0.25903999999999994	0.21103999999999995	0.24623999999999996	0.013520000000000003	0.012560000000000002	0.012240000000000001	0.013440000000000002	0.011520000000000002	0.012720000000000002	0.011439999999999999	0.0	0.00096	0.0004000000000000001	0.00064	0.00016	0.0010400000000000001	0.00016	0.0	0.00024000000000000003	0.00016	0.00031999999999999997	0.0004	0.00024000000000000003	0.0	8.0e-5	0.00016	8.0e-5	0.0	0.0	8.0e-5
1.0	0.18056	0.19880000000000006	0.19295999999999996	0.17376	0.18984	0.18088	0.21168	0.22031999999999996	0.22416	0.20872000000000002	0.20983999999999997	0.24135999999999996	0.23063999999999998	0.011520000000000002	0.013200000000000003	0.012560000000000003	0.011920000000000002	0.011200000000000002	0.012160000000000002	0.013120000000000003	0.00032	0.0008799999999999999	0.00031999999999999997	0.00112	0.00047999999999999996	0.0006399999999999999	0.00031999999999999997	8.0e-5	8.0e-5	8.0e-5	0.00016	8.0e-5	8.0e-5	0.00016	0.0	0.0	0.00016	8.0e-5	0.0	8.0e-5
1.0	0.21760000000000002	0.19887999999999997	0.19735999999999998	0.20624	0.18856	0.17887999999999998	0.19272000000000003	0.27727999999999997	0.18488	0.23528	0.22831999999999997	0.19343999999999997	0.013040000000000003	0.012640000000000002	0.012960000000000001	0.010800000000000002	0.013600000000000003	0.014560000000000003	0.012800000000000002	0.01192	0.00047999999999999996	0.0008	0.00039999999999999996	0.0008	0.00112	0.00016	8.0e-5	0.0	0.0	8.0e-5	8.0e-5	8.0e-5	0.0	0.0	0.0	0.0	0.0	0.0	8.0e-5	0.0
1.0	0.17864000000000002	0.19784000000000002	0.17599999999999996	0.21032	0.2052	0.20448	0.22096000000000002	0.21128000000000002	0.18359999999999999	0.21192	0.22543999999999997	0.22008	0.012880000000000003	0.014400000000000003	0.013760000000000005	0.010480000000000001	0.0108	0.012640000000000002	0.011440000000000002	0.011840000000000002	0.00016	0.00136	0.00056	0.00064	0.00039999999999999996	0.00016	0.00032	0.00031999999999999997	0.0	8.0e-5	0.00048000000000000007	0.00016	0.0	8.0e-5	0.0	0.00024000000000000003	8.0e-5	8.0e-5	0.0	0.00016
1.0	0.20095999999999997	0.18703999999999998	0.19263999999999998	0.17296000000000003	0.22104000000000001	0.23143999999999998	0.19503999999999996	0.1632	0.25872	0.23616	0.22536	0.014080000000000002	0.013600000000000003	0.01208	0.01176	0.01208	0.014000000000000004	0.013440000000000002	0.01088	0.013040000000000003	8.0e-5	0.0008	0.00016	8.0e-5	0.0	0.00016	8.0e-5	0.00024000000000000003	0.0	0.00016	0.0	0.0	0.0	0.00016	0.0	8.0e-5	8.0e-5	0.0	0.0	0.00016
1.0	0.2088	0.20296	0.19520000000000004	0.20104	0.20904	0.18728	0.1836	0.19335999999999998	0.16432	0.22543999999999997	0.23327999999999996	0.014240000000000003	0.013920000000000002	0.011360000000000002	0.011680000000000001	0.012560000000000003	0.013840000000000002	0.013040000000000003	0.012320000000000001	0.011680000000000001	0.00048	0.0009599999999999999	0.00024000000000000003	0.0	0.00016	8.0e-5	8.0e-5	0.00016	0.00024000000000000003	0.00016	8.0e-5	0.0	0.0	0.0	0.0	0.0	0.0	8.0e-5	0.0	0.0
1.0	0.16776000000000002	0.19951999999999998	0.19832	0.17895999999999998	0.20976	0.18975999999999998	0.21552000000000004	0.19591999999999998	0.19896000000000003	0.22703999999999996	0.012240000000000001	0.013520000000000003	0.012480000000000002	0.0144	0.014400000000000003	0.011600000000000001	0.01432	0.013760000000000001	0.012080000000000002	0.012320000000000001	0.0008799999999999999	8.0e-5	0.0	8.0e-5	0.00024000000000000003	0.0	0.00032	0.00016	8.0e-5	8.0e-5	0.0	0.0	0.0	0.0	0.0	0.0	8.0e-5	0.0	0.0	0.0
1.0	0.20207999999999995	0.19983999999999996	0.20144	0.19304	0.18528	0.21976	0.20487999999999995	0.19296000000000002	0.22296000000000005	0.20248	0.012240000000000003	0.01312	0.01208	0.012	0.012240000000000001	0.012320000000000003	0.013200000000000003	0.014560000000000003	0.012480000000000002	0.012800000000000006	8.0e-5	0.00016	0.00031999999999999997	0.00016	0.00016	8.0e-5	8.0e-5	0.0	0.0	0.00031999999999999997	8.0e-5	0.0	0.0	0.0	0.0	0.0	0.0	0.0	0.0	8.0e-5
1.0	0.21432	0.18152	0.20016	0.18752000000000002	0.19072	0.20264000000000004	0.21615999999999996	0.19776	0.21200000000000002	0.018000000000000006	0.013600000000000001	0.013760000000000001	0.011840000000000003	0.011760000000000003	0.012240000000000003	0.014240000000000003	0.012880000000000003	0.014800000000000004	0.01112	0.008479999999999998	0.00024000000000000003	8.0e-5	0.00016	0.00031999999999999997	0.00024000000000000003	0.00016	0.00024000000000000003	0.00016	8.0e-5	8.0e-5	8.0e-5	0.0	0.0	8.0e-5	0.0	8.0e-5	0.00024000000000000003	0.0	0.0	0.0
1.0	0.18175999999999998	0.19904	0.19912000000000002	0.18112	0.17552	0.19448000000000004	0.18528	0.2072	0.018000000000000006	0.016880000000000006	0.017120000000000007	0.013680000000000003	0.012240000000000003	0.012640000000000002	0.01192	0.012480000000000002	0.01272	0.00608	0.00536	0.00672	0.0	8.0e-5	0.0	0.00016	0.0	0.00031999999999999997	8.0e-5	8.0e-5	8.0e-5	8.0e-5	0.00024000000000000003	0.0	0.0	8.0e-5	0.0	0.0	0.0	0.0	8.0e-5	8.0e-5
1.0	0.19264000000000003	0.2024	0.17360000000000003	0.17968	0.188	0.19319999999999998	0.20104000000000002	0.18031999999999998	0.014800000000000004	0.016320000000000005	0.017040000000000007	0.013280000000000004	0.0108	0.012159999999999999	0.011840000000000002	0.01136	0.011120000000000001	0.00568	0.0072	0.005999999999999999	8.0e-5	8.0e-5	0.0	8.0e-5	0.0	0.0	0.0	8.0e-5	8.0e-5	0.0	0.00016	0.0	8.0e-5	8.0e-5	8.0e-5	0.0	8.0e-5	8.0e-5	0.0	0.0
1.0	0.19616000000000003	0.20207999999999998	0.19816	0.21816	0.20335999999999999	0.20056000000000004	0.1908	0.18968000000000002	0.016400000000000005	0.017840000000000005	0.016080000000000004	0.017600000000000005	0.013360000000000004	0.0112	0.011200000000000002	0.013440000000000002	0.00728	0.006560000000000001	0.0064800000000000005	0.0068000000000000005	0.00016	0.0	0.00024000000000000003	0.00016	0.00024000000000000003	0.00024000000000000003	0.00023999999999999998	0.00016	0.00016	0.00016	0.0	0.0	0.0	8.0e-5	0.0	0.0	0.0	0.00024000000000000003	8.0e-5	8.0e-5
1.0	0.16816	0.18984	0.18775999999999998	0.19128	0.1876	0.18944	0.18992	0.018480000000000007	0.018720000000000007	0.014000000000000002	0.015360000000000006	0.017120000000000007	0.011600000000000003	0.012720000000000002	0.011120000000000001	0.0057599999999999995	0.00712	0.005920000000000001	0.00616	0.00448	8.0e-5	0.0	8.0e-5	0.00024000000000000003	0.00016	0.0	8.0e-5	0.0	0.0	0.00016	0.0	8.0e-5	0.0	0.0	0.0	0.00016	0.0	0.00016	0.0	8.0e-5
1.0	0.17224000000000006	0.2128	0.19927999999999996	0.20176000000000002	0.20063999999999999	0.18184	0.15968	0.015600000000000003	0.016320000000000005	0.017360000000000004	0.015840000000000003	0.016720000000000006	0.018320000000000006	0.012240000000000001	0.0067199999999999985	0.005680000000000001	0.007040000000000001	0.00656	0.00536	0.006	0.0	0.00024000000000000003	8.0e-5	0.00023999999999999998	0.0	0.0	8.0e-5	8.0e-5	8.0e-5	0.00016	0.0	8.0e-5	0.0	0.0	0.00016	0.0	8.0e-5	8.0e-5	0.0	0.0
1.0	0.22688000000000003	0.20727999999999996	0.19519999999999998	0.20888	0.19584000000000007	0.19328	0.017280000000000004	0.016080000000000004	0.014960000000000005	0.015840000000000003	0.016560000000000005	0.016160000000000004	0.01008	0.00536	0.00472	0.006239999999999999	0.00648	0.00664	0.0056	0.006959999999999999	0.00016	0.0	0.00016	0.00016	0.00016	0.00016	0.00032	0.0	8.0e-5	8.0e-5	8.0e-5	0.0	0.0	8.0e-5	8.0e-5	8.0e-5	0.0	0.0	8.0e-5	8.0e-5
1.0	0.2	0.20384000000000002	0.20624000000000003	0.19944	0.18424	0.19928	0.016880000000000006	0.016320000000000005	0.016720000000000006	0.017200000000000007	0.016080000000000004	0.016640000000000005	0.009599999999999997	0.01184	0.006	0.00568	0.00536	0.00744	0.00528	0.00592	8.0e-5	0.00039999999999999996	8.0e-5	8.0e-5	0.00016	0.0	0.0	0.00016	8.0e-5	0.00016	0.0	8.0e-5	0.0	0.0	8.0e-5	8.0e-5	8.0e-5	0.0	8.0e-5	0.0
1.0	0.22815999999999997	0.2208	0.19416	0.17800000000000002	0.1988	0.017040000000000007	0.015760000000000007	0.016000000000000007	0.015680000000000003	0.016240000000000004	0.017200000000000007	0.0112	0.0112	0.010559999999999996	0.007039999999999999	0.00656	0.00632	0.00592	0.00552	0.00592	8.0e-5	8.0e-5	0.0	0.0	0.0	0.00024000000000000003	0.0	0.0	8.0e-5	0.00032	8.0e-5	0.00016	8.0e-5	8.0e-5	0.0	0.00016	0.0	8.0e-5	0.0	0.0
1.0	0.17703999999999998	0.18000000000000005	0.18616	0.20008000000000004	0.2128	0.015040000000000001	0.018560000000000004	0.016960000000000006	0.016720000000000006	0.015760000000000007	0.011199999999999998	0.011360000000000002	0.011519999999999999	0.01184	0.010559999999999996	0.00528	0.005520000000000001	0.0068000000000000005	0.0068000000000000005	0.006560000000000001	8.0e-5	8.0e-5	8.0e-5	0.0	0.00016	0.00016	0.00016	8.0e-5	0.00016	0.00016	0.0	0.00024000000000000003	0.00016	0.0	8.0e-5	0.0	8.0e-5	8.0e-5	0.0	0.0
1.0	0.19119999999999998	0.18903999999999999	0.20232	0.21008000000000002	0.01816000000000001	0.016560000000000005	0.016960000000000003	0.016240000000000004	0.01056	0.008799999999999999	0.010559999999999998	0.011519999999999999	0.01056	0.010719999999999997	0.010239999999999999	0.00632	0.0063999999999999994	0.0060799999999999995	0.0064	0.007520000000000001	0.00032	8.0e-5	0.00039999999999999996	0.0	8.0e-5	8.0e-5	0.0	0.0	8.0e-5	0.00024000000000000003	0.00016	0.0	0.0	0.0	0.00024000000000000003	8.0e-5	0.0	8.0e-5	8.0e-5	8.0e-5
1.0	0.20368	0.20728000000000005	0.17928	0.017200000000000007	0.014240000000000004	0.015840000000000003	0.016480000000000005	0.011039999999999998	0.011199999999999998	0.012	0.011039999999999998	0.011519999999999999	0.010239999999999999	0.0112	0.0104	0.009600000000000001	0.00536	0.00608	0.00688	0.0084	0.00032	8.0e-5	0.00024000000000000003	0.0	8.0e-5	8.0e-5	8.0e-5	0.00016	0.0	0.0	8.0e-5	8.0e-5	0.0	8.0e-5	8.0e-5	8.0e-5	0.0	8.0e-5	0.0	0.0
1.0	0.21392	0.20167999999999997	0.21432	0.017760000000000005	0.016960000000000006	0.016160000000000004	0.015680000000000003	0.011359999999999999	0.009439999999999997	0.01184	0.0104	0.0104	0.010239999999999999	0.009920000000000002	0.01088	0.010239999999999999	0.005599999999999999	0.00616	0.00648	0.0052	0.00016	8.0e-5	8.0e-5	8.0e-5	0.0	8.0e-5	8.0e-5	0.0	0.0	0.0	0.0	0.00016	0.00016	0.00016	8.0e-5	0.0	0.0	0.0	0.0	0.0
1.0	0.18968000000000002	0.23376	0.22536	0.017280000000000004	0.016000000000000004	0.015920000000000004	0.009759999999999998	0.011519999999999999	0.010719999999999997	0.010079999999999999	0.011039999999999998	0.011359999999999999	0.00944	0.010239999999999999	0.01088	0.011040000000000001	0.012320000000000001	0.006640000000000001	0.00632	0.00568	0.00016	0.00016	8.0e-5	0.00024000000000000003	8.0e-5	0.00024000000000000003	0.0	0.0	0.00016	0.00024000000000000003	8.0e-5	0.0	8.0e-5	0.00016	8.0e-5	8.0e-5	0.0	0.0	8.0e-5	0.0
1.0	0.20968000000000003	0.21480000000000002	0.016240000000000004	0.016560000000000005	0.015600000000000006	0.010559999999999998	0.00992	0.0104	0.010879999999999997	0.01056	0.0104	0.010719999999999997	0.00976	0.01088	0.008799999999999999	0.0112	0.01184	0.005919999999999999	0.0056	0.0054399999999999995	0.00032	0.00032	0.0	0.0	0.0	0.0	0.0	0.00016	8.0e-5	0.0	8.0e-5	0.00016	0.00024000000000000003	8.0e-5	0.00024000000000000003	8.0e-5	8.0e-5	0.0	0.0	0.0
1.0	0.21400000000000002	0.017200000000000007	0.016160000000000004	0.0128	0.011040000000000001	0.010239999999999999	0.01056	0.01216	0.01184	0.01104	0.0112	0.01216	0.01184	0.01024	0.01168	0.01264	0.01056	0.01168	0.00776	0.005520000000000001	0.0004	0.00023999999999999998	0.00016	8.0e-5	0.00024000000000000003	0.00016	8.0e-5	8.0e-5	0.00024000000000000003	0.0	8.0e-5	8.0e-5	0.0	8.0e-5	8.0e-5	8.0e-5	0.0	8.0e-5	0.0	0.0
1.0	0.21400000000000002	0.015920000000000004	0.01088	0.01136	0.00976	0.01184	0.01056	0.01168	0.010400000000000001	0.01216	0.01168	0.01072	0.0088	0.01104	0.012	0.011519999999999999	0.009759999999999998	0.011039999999999998	0.006719999999999999	0.00552	0.00024000000000000003	0.00016	0.00024000000000000003	8.0e-5	0.0	0.0	0.0	0.00024000000000000003	8.0e-5	8.0e-5	0.0	8.0e-5	8.0e-5	8.0e-5	0.0	0.00016	0.0	0.0	0.0	0.0
1.0	0.21072000000000002	0.017360000000000004	0.0096	0.01104	0.01168	0.00832	0.01056	0.010079999999999999	0.00976	0.012639999999999998	0.01104	0.00976	0.00976	0.0104	0.009919999999999998	0.00896	0.01088	0.01088	0.00992	0.00632	8.0e-5	8.0e-5	0.00016	8.0e-5	0.00016	0.0	8.0e-5	8.0e-5	8.0e-5	0.00024000000000000003	8.0e-5	8.0e-5	0.00016	8.0e-5	0.00016	0.00016	8.0e-5	0.00016	0.00016	0.0
1.0	0.016880000000000006	0.011519999999999999	0.00912	0.01152	0.0104	0.0128	0.011039999999999998	0.011040000000000001	0.010879999999999997	0.01216	0.009759999999999998	0.01184	0.01168	0.010239999999999999	0.011199999999999998	0.011359999999999999	0.01056	0.0096	0.01168	0.007839999999999998	0.0	0.00024000000000000003	8.0e-5	8.0e-5	0.0	0.00024000000000000003	0.0	8.0e-5	0.0	0.0	8.0e-5	8.0e-5	0.00024000000000000003	8.0e-5	0.0	0.00016	0.0	0.0	8.0e-5	0.00016
1.0	0.01056	0.0112	0.01104	0.010879999999999997	0.01136	0.01008	0.01024	0.0104	0.010079999999999999	0.01216	0.0096	0.012480000000000002	0.01008	0.01152	0.010879999999999997	0.011519999999999999	0.01136	0.0104	0.011199999999999998	0.009439999999999999	8.0e-5	8.0e-5	0.00016	8.0e-5	0.0	8.0e-5	8.0e-5	8.0e-5	0.00016	0.00016	8.0e-5	8.0e-5	0.0	0.0	0.00024000000000000003	8.0e-5	0.00016	0.00024000000000000003	0.0	0.0
