0.0	0.0	0.0	0.0	0.0	0.0	0.0	0.0	0.0	0.0	0.0	0.0	0.0	0.0	0.0	0.0	0.0	0.0	0.0	0.0	0.0	0.42647896707057953	0.47225645184516907	0.4467534273862839	0.45471829921007156	0.4383234977722168	0.4407777935266495	0.44967254251241684	0.42722591757774353	0.4536054953932762	0.4345887154340744	0.459177166223526	0.4534149765968323	0.4452289491891861	0.4520963504910469	0.43971072137355804	0.41390275955200195	0.4487046152353287	0.46509185433387756	0.44404760748147964	0.41339971125125885
0.0	0.0	0.0	0.0	0.0	0.0	0.0	0.0	0.0	0.0	0.0	0.0	0.0	0.0	0.0	0.0	0.0	0.0	0.0	0.0	0.0	0.45490122586488724	0.45142561942338943	0.4278966784477234	0.41846830397844315	0.4404195323586464	0.43308719247579575	0.43451249599456787	0.44981738924980164	0.4291618913412094	0.43746984004974365	0.4510216861963272	0.4497945234179497	0.43820154666900635	0.4434759318828583	0.42995457351207733	0.42972591519355774	0.4172869026660919	0.47584641724824905	0.451882965862751	0.4328356981277466
0.0	0.0	0.0	0.0	0.0	0.0	0.0	0.0	0.0	0.0	0.0	0.0	0.0	0.0	0.0	0.0	0.0	0.0	0.0	0.0	0.0	0.44575486332178116	0.43594545125961304	0.4466390684247017	0.4378814250230789	0.46571682393550873	0.4371497482061386	0.47339215129613876	0.41693632304668427	0.45009174942970276	0.43445152044296265	0.4471573010087013	0.4471801668405533	0.4259606748819351	0.4349317029118538	0.4405262693762779	0.4115704447031021	0.4519973248243332	0.4346345067024231	0.44339971244335175	0.4360445365309715
0.0	0.0	0.0	0.0	0.0	0.0	0.0	0.0	0.0	0.0	0.0	0.0	0.0	0.0	0.0	0.0	0.0	0.0	0.0	0.0	0.0	0.4333463981747627	0.43961919844150543	0.4422564208507538	0.44028230756521225	0.4365323707461357	0.4457472413778305	0.42984024435281754	0.4456634595990181	0.43597593903541565	0.4428662359714508	0.45927631109952927	0.43087682873010635	0.4514637589454651	0.4352823421359062	0.4369744136929512	0.45303384959697723	0.4307396337389946	0.4316009432077408	0.41970305889844894	0.44275184720754623
0.0	0.0	0.0	0.0	0.0	0.0	0.0	0.0	0.0	0.0	0.0	0.0	0.0	0.0	0.0	0.0	0.0	0.0	0.0	0.0	0.0	0.4507015645503998	0.4469667822122574	0.43577776849269867	0.43631892651319504	0.4273097887635231	0.44664669036865234	0.4404881000518799	0.41963446140289307	0.41562531888484955	0.4316999986767769	0.40340734273195267	0.46182960271835327	0.4341466724872589	0.43943627178668976	0.43531280010938644	0.43323206901550293	0.4414942264556885	0.44598352164030075	0.4403432831168175	0.4443219378590584
0.0	0.0	0.0	0.0	0.0	0.0	0.0	0.0	0.0	0.0	0.0	0.0	0.0	0.0	0.0	0.0	0.0	0.0	0.0	0.0	0.0	0.4317152723670006	0.42951253056526184	0.4598250314593315	0.4536665007472038	0.4274546056985855	0.4215780571103096	0.4276527762413025	0.4389408752322197	0.41509178280830383	0.44071678817272186	0.41939055919647217	0.4538646712899208	0.424908846616745	0.42451250553131104	0.4382320046424866	0.4336664602160454	0.4322030767798424	0.4284149706363678	0.43021371960639954	0.41102928668260574
0.0	0.0	0.0	0.0	0.0	0.0	0.0	0.0	0.0	0.0	0.0	0.0	0.0	0.0	0.0	0.0	0.0	0.0	0.0	0.0	0.0	0.4297640547156334	0.43308719247579575	0.44083111733198166	0.4266923815011978	0.43621984124183655	0.44565580785274506	0.44910092651844025	0.43693627417087555	0.4425460547208786	0.4604576528072357	0.42218781262636185	0.4250689074397087	0.4314179867506027	0.43086158484220505	0.45596835762262344	0.45198964327573776	0.45791951566934586	0.4460749849677086	0.4228128120303154	0.4504881203174591
0.0	0.0	0.0	0.0	0.0	0.0	0.0	0.0	0.0	0.0	0.0	0.0	0.0	0.0	0.0	0.0	0.0	0.0	0.0	0.0	0.0	0.42442866414785385	0.4434226378798485	0.4650613069534302	0.44140276312828064	0.4479576349258423	0.46834639459848404	0.43986310064792633	0.4094439223408699	0.44679147750139236	0.4699622467160225	0.43277469277381897	0.4339866414666176	0.43664664030075073	0.4270658865571022	0.43420764803886414	0.4271344542503357	0.444581113755703	0.41958872973918915	0.4320887178182602	0.4516237899661064
0.0	0.0	0.0	0.0	0.0	0.0	0.0	0.0	0.0	0.0	0.0	0.0	0.0	0.0	0.0	0.0	0.0	0.0	0.0	0.0	0.0	0.47516803443431854	0.4467686414718628	0.4300841763615608	0.4476451352238655	0.43675337731838226	0.41535092890262604	0.44086160510778427	0.43237075954675674	0.440274715423584	0.3964942395687103	0.4364866092801094	0.43378081917762756	0.42089973390102386	0.4434073343873024	0.440107062458992	0.44887229800224304	0.46228691935539246	0.4336588382720947	0.4454500451683998	0.44776708632707596
0.0	0.0	0.0	0.0	0.0	0.0	0.0	0.0	0.0	0.0	0.0	0.0	0.0	0.0	0.0	0.0	0.0	0.0	0.0	0.0	0.0	0.4205414727330208	0.42088446021080017	0.4377060905098915	0.42895612865686417	0.4221649467945099	0.4531558007001877	0.449413426220417	0.4440856873989105	0.45118171721696854	0.4115704745054245	0.42959634214639664	0.4360521286725998	0.43996983766555786	0.4516237899661064	0.4318600594997406	0.45307961106300354	0.4540475681424141	0.44054148346185684	0.4417000487446785	0.438552126288414
0.0	0.0	0.0	0.0	0.0	0.0	0.0	0.0	0.0	0.0	0.0	0.0	0.0	0.0	0.0	0.0	0.0	0.0	0.0	0.0	0.0	0.43896371126174927	0.459001861512661	0.43300335109233856	0.44843778759241104	0.44552623480558395	0.45682963728904724	0.43295761942863464	0.452828086912632	0.4315628334879875	0.4416695311665535	0.4625612795352936	0.43774425983428955	0.4495430588722229	0.44536617398262024	0.4449927285313606	0.42174573987722397	0.4332701191306114	0.4542991518974304	0.4378890171647072	0.42325491458177567
0.0	0.0	0.0	0.0	0.0	0.0	0.0	0.0	0.0	0.0	0.0	0.0	0.0	0.0	0.0	0.0	0.0	0.0	0.0	0.0	0.0	0.4521725997328758	0.412043035030365	0.4640475884079933	0.4350460320711136	0.4614790230989456	0.44365885853767395	0.42554911971092224	0.414055198431015	0.439474381506443	0.44775184243917465	0.4398859664797783	0.4579271972179413	0.44554147869348526	0.4395887404680252	0.4429500177502632	0.4383235275745392	0.4219362884759903	0.462401308119297	0.41671525686979294	0.4369896277785301
0.0	0.0	0.0	0.0	0.0	0.0	0.0	0.0	0.0	0.0	0.0	0.0	0.0	0.0	0.0	0.0	0.0	0.0	0.0	0.0	0.0	0.4497258961200714	0.4183311089873314	0.43336158245801926	0.440274715423584	0.4311740845441818	0.4422869086265564	0.42907804995775223	0.4635826498270035	0.4413723051548004	0.4371878579258919	0.44580062478780746	0.46551865339279175	0.4487046152353287	0.4191542789340019	0.42777469754219055	0.45041952282190323	0.42705823481082916	0.434649720788002	0.4362579509615898	0.4430643171072006
0.0	0.0	0.0	0.0	0.0	0.0	0.0	0.0	0.0	0.0	0.0	0.0	0.0	0.0	0.0	0.0	0.0	0.0	0.0	0.0	0.0	0.4332243874669075	0.44523660093545914	0.4489256218075752	0.4607396349310875	0.4339713677763939	0.43633417040109634	0.4231862872838974	0.4514637291431427	0.4428052008152008	0.4287350922822952	0.41898659616708755	0.4261740893125534	0.41681434214115143	0.42322439700365067	0.4312274381518364	0.4398326128721237	0.41815580427646637	0.4409530684351921	0.4225841537117958	0.43314819782972336
0.0	0.0	0.0	0.0	0.0	0.0	0.0	0.0	0.0	0.0	0.0	0.0	0.0	0.0	0.0	0.0	0.0	0.0	0.0	0.0	0.0	0.42933719605207443	0.4364408776164055	0.4505033642053604	0.41792717576026917	0.4546802192926407	0.4436131566762924	0.472881481051445	0.4350917637348175	0.4430491030216217	0.46378082036972046	0.4519515037536621	0.4326222538948059	0.41564056277275085	0.4153051972389221	0.4675384387373924	0.4470125436782837	0.4375612735748291	0.44075489789247513	0.42069391161203384	0.42541951686143875
0.0	0.0	0.0	0.0	0.0	0.0	0.0	0.0	0.0	0.0	0.0	0.0	0.0	0.0	0.0	0.0	0.0	0.0	0.0	0.0	0.0	0.44968781620264053	0.4313570111989975	0.44814056158065796	0.44212687760591507	0.45144089311361313	0.441570445895195	0.4175003170967102	0.4566161334514618	0.43491648882627487	0.45161622762680054	0.4494667798280716	0.4215628430247307	0.4429880976676941	0.4599698781967163	0.4436512365937233	0.44839973747730255	0.45388753712177277	0.4447411745786667	0.4618372544646263	0.4361131340265274
0.0	0.0	0.0	0.0	0.0	0.0	0.0	0.0	0.0	0.0	0.0	0.0	0.0	0.0	0.0	0.0	0.0	0.0	0.0	0.0	0.0	0.4484606832265854	0.4359530732035637	0.4135216623544693	0.4406939521431923	0.4352823421359062	0.45788149535655975	0.43576252460479736	0.42330826818943024	0.4473402574658394	0.4457625150680542	0.45197439938783646	0.4296344816684723	0.4299469515681267	0.41788141429424286	0.4081786796450615	0.44375794380903244	0.4363265186548233	0.42757652699947357	0.41994696110486984	0.4186740964651108
0.0	0.0	0.0	0.0	0.0	0.0	0.0	0.0	0.0	0.0	0.0	0.0	0.0	0.0	0.0	0.0	0.0	0.0	0.0	0.0	0.0	0.4346573129296303	0.434100940823555	0.4401451423764229	0.42741646617650986	0.43354450911283493	0.44196678698062897	0.44823964685201645	0.45210400223731995	0.4214484840631485	0.4389103874564171	0.41505367308855057	0.4459759294986725	0.4363722801208496	0.45187531411647797	0.49019859731197357	0.41958872973918915	0.423963725566864	0.4452442526817322	0.42790427058935165	0.43765273690223694
0.0	0.0	0.0	0.0	0.0	0.0	0.0	0.0	0.0	0.0	0.0	0.0	0.0	0.0	0.0	0.0	0.0	0.0	0.0	0.0	0.0	0.44555675238370895	0.4282625615596771	0.4446192532777786	0.45444393903017044	0.4338265508413315	0.44417718052864075	0.43060246855020523	0.45081592351198196	0.45086924731731415	0.4315475896000862	0.4382244423031807	0.4008539915084839	0.4610292688012123	0.4522792771458626	0.4491923898458481	0.4175994023680687	0.4520658627152443	0.4468981847167015	0.43474121391773224	0.4452747106552124
0.0	0.0	0.0	0.0	0.0	0.0	0.0	0.0	0.0	0.0	0.0	0.0	0.0	0.0	0.0	0.0	0.0	0.0	0.0	0.0	0.0	0.4367533475160599	0.4111359938979149	0.4689638018608093	0.4364408776164055	0.4425460547208786	0.41528233140707016	0.43586160987615585	0.4318905472755432	0.4574088752269745	0.4473859891295433	0.4349088668823242	0.44161614775657654	0.434245727956295	0.43366649001836777	0.4444744363427162	0.4205567166209221	0.4226146414875984	0.4207167774438858	0.4456176683306694	0.43439822643995285
0.0	0.0	0.0	0.0	0.0	0.0	0.0	0.0	0.0	0.0	0.0	0.0	0.0	0.0	0.0	0.0	0.0	0.0	0.0	0.0	0.0	0.44683723896741867	0.44214971363544464	0.4379195347428322	0.4429652616381645	0.4298783838748932	0.43977925926446915	0.4492914453148842	0.44936010241508484	0.4516390338540077	0.4606863707304001	0.42304912209510803	0.44546525925397873	0.437233529984951	0.4207015335559845	0.41757653653621674	0.434100940823555	0.45806433260440826	0.4150994345545769	0.44156279414892197	0.4267914965748787
0.0	0.0	0.0	0.0	0.0	0.0	0.0	0.0	0.0	0.0	0.0	0.0	0.0	0.0	0.0	0.0	0.0	0.0	0.0	0.0	0.0	0.43518322706222534	0.4242533892393112	0.4261588752269745	0.4506176933646202	0.43751557171344757	0.424565888941288	0.44029755145311356	0.4364560917019844	0.4426223039627075	0.42600640654563904	0.4426451101899147	0.4352746903896332	0.43503084778785706	0.4347183182835579	0.4595201537013054	0.4333463981747627	0.41879604756832123	0.4549088776111603	0.4205872341990471	0.4394134357571602
0.0	0.0	0.0	0.0	0.0	0.0	0.0	0.0	0.0	0.0	0.0	0.0	0.0	0.0	0.0	0.0	0.0	0.0	0.0	0.0	0.0	0.444184772670269	0.43508414179086685	0.44690580666065216	0.43946678936481476	0.46037381142377853	0.4237350672483444	0.4440552294254303	0.454123817384243	0.43363600224256516	0.4257548823952675	0.41503845900297165	0.42557960748672485	0.44304145127534866	0.4226298853754997	0.43628840893507004	0.45240887999534607	0.4395125210285187	0.4171725735068321	0.4275689348578453	0.4433692842721939
0.0	0.0	0.0	0.0	0.0	0.0	0.0	0.0	0.0	0.0	0.0	0.0	0.0	0.0	0.0	0.0	0.0	0.0	0.0	0.0	0.0	0.43987837433815	0.422667995095253	0.43277472257614136	0.4426604136824608	0.44628842920064926	0.4471268728375435	0.41288141906261444	0.43755368143320084	0.42881128191947937	0.43914666771888733	0.4303814023733139	0.4325079545378685	0.43995462357997894	0.4248860105872154	0.4450841620564461	0.43235551565885544	0.4420277327299118	0.4483005926012993	0.45051104575395584	0.4463951662182808
0.0	0.0	0.0	0.0	0.0	0.0	0.0	0.0	0.0	0.0	0.0	0.0	0.0	0.0	0.0	0.0	0.0	0.0	0.0	0.0	0.0	0.42720305174589157	0.4391847476363182	0.43966493010520935	0.4364561215043068	0.43290429562330246	0.44747745245695114	0.4212655872106552	0.44177620857954025	0.4389408454298973	0.43425337970256805	0.45095308870077133	0.4352671280503273	0.4610217362642288	0.44867412745952606	0.41773662716150284	0.43771374225616455	0.41083111613988876	0.44498510658741	0.4279271364212036	0.4733768478035927
0.0	0.0	0.0	0.0	0.0	0.0	0.0	0.0	0.0	0.0	0.0	0.0	0.0	0.0	0.0	0.0	0.0	0.0	0.0	0.0	0.0	0.43644849956035614	0.4340170696377754	0.46484027057886124	0.42511463910341263	0.4455719366669655	0.4334530755877495	0.45267561823129654	0.43448200821876526	0.4466085508465767	0.42978689074516296	0.44445154070854187	0.42437534034252167	0.4417305067181587	0.4374469742178917	0.45583875477313995	0.4252137541770935	0.4296039640903473	0.47048816084861755	0.4240018352866173	0.4186817482113838
0.0	0.0	0.0	0.0	0.0	0.0	0.0	0.0	0.0	0.0	0.0	0.0	0.0	0.0	0.0	0.0	0.0	0.0	0.0	0.0	0.0	0.456219881772995	0.43768322467803955	0.432607039809227	0.41133416444063187	0.4475155919790268	0.43643325567245483	0.4165247082710266	0.44183721393346786	0.45578543096780777	0.44373510777950287	0.4329805448651314	0.4521268382668495	0.4363265186548233	0.43394850194454193	0.44437532126903534	0.4370124936103821	0.41676098853349686	0.4426146224141121	0.42082348465919495	0.4288875013589859
0.0	0.0	0.0	0.0	0.0	0.0	0.0	0.0	0.0	0.0	0.0	0.0	0.0	0.0	0.0	0.0	0.0	0.0	0.0	0.0	0.0	0.43637990206480026	0.4382243826985359	0.41151709109544754	0.431318961083889	0.4469820261001587	0.4592228978872299	0.44599882513284683	0.43365124613046646	0.42715734988451004	0.4435673952102661	0.44187532365322113	0.4246801882982254	0.4398021548986435	0.4096192270517349	0.43259938806295395	0.45069391280412674	0.4554957374930382	0.45483265817165375	0.43438292294740677	0.4442000165581703
0.0	0.0	0.0	0.0	0.0	0.0	0.0	0.0	0.0	0.0	0.0	0.0	0.0	0.0	0.0	0.0	0.0	0.0	0.0	0.0	0.0	0.4449622109532356	0.43690578639507294	0.44581586867570877	0.461219847202301	0.44766800105571747	0.4437198340892792	0.4322868883609772	0.4420124888420105	0.4357930123806	0.4449545592069626	0.4380643218755722	0.4110064208507538	0.4313112795352936	0.4378661513328552	0.439901240170002	0.4386969730257988	0.4507168084383011	0.4095887392759323	0.4250231757760048	0.4297564625740051
0.0	0.0	0.0	0.0	0.0	0.0	0.0	0.0	0.0	0.0	0.0	0.0	0.0	0.0	0.0	0.0	0.0	0.0	0.0	0.0	0.0	0.42884179949760437	0.43982502073049545	0.45259939879179	0.4507015645503998	0.4490094631910324	0.4334530457854271	0.4455643445253372	0.429390549659729	0.43524423241615295	0.42202775180339813	0.45559485256671906	0.4382701739668846	0.44900187104940414	0.4568067416548729	0.4465399533510208	0.4211207404732704	0.4267076253890991	0.45035095512866974	0.44578538089990616	0.4371802359819412
0.0	0.0	0.0	0.0	0.0	0.0	0.0	0.0	0.0	0.0	0.0	0.0	0.0	0.0	0.0	0.0	0.0	0.0	0.0	0.0	0.0	0.4406024292111397	0.4571954309940338	0.44176096469163895	0.4392152652144432	0.4291619211435318	0.44373510777950287	0.41945915669202805	0.4404348060488701	0.44074730575084686	0.4491695538163185	0.43873508274555206	0.4539790004491806	0.44219544529914856	0.438613161444664	0.4345201477408409	0.4447030946612358	0.42109787464141846	0.4551984816789627	0.42639512568712234	0.4344058185815811
0.0	0.0	0.0	0.0	0.0	0.0	0.0	0.0	0.0	0.0	0.0	0.0	0.0	0.0	0.0	0.0	0.0	0.0	0.0	0.0	0.0	0.43330060690641403	0.44120462238788605	0.42335399985313416	0.4653357267379761	0.45615890622138977	0.4414941966533661	0.4155186116695404	0.4161893427371979	0.43952014297246933	0.44930674880743027	0.4429347738623619	0.4250231757760048	0.4443448632955551	0.4330795705318451	0.42641036957502365	0.44410858303308487	0.45102930814027786	0.4363875240087509	0.47357504814863205	0.42808719724416733
0.0	0.0	0.0	0.0	0.0	0.0	0.0	0.0	0.0	0.0	0.0	0.0	0.0	0.0	0.0	0.0	0.0	0.0	0.0	0.0	0.0	0.4493372365832329	0.47539669275283813	0.4201832413673401	0.43074728548526764	0.43146371841430664	0.40378081798553467	0.429565854370594	0.4392152950167656	0.4097183123230934	0.4375765472650528	0.44538138806819916	0.4581025019288063	0.44814059138298035	0.4301832616329193	0.4556558281183243	0.44211922585964203	0.425861619412899	0.44710394740104675	0.4143829420208931	0.4448402598500252
0.0	0.0	0.0	0.0	0.0	0.0	0.0	0.0	0.0	0.0	0.0	0.0	0.0	0.0	0.0	0.0	0.0	0.0	0.0	0.0	0.0	0.43541188538074493	0.46116646379232407	0.4218524470925331	0.44388751685619354	0.44151709228754044	0.4292305186390877	0.401730515062809	0.4376451447606087	0.4331024959683418	0.43288908153772354	0.42264512926340103	0.4592686593532562	0.45913905650377274	0.44075486809015274	0.4526680260896683	0.4392838627099991	0.4568219855427742	0.46259941905736923	0.42660091817379	0.41986314952373505
0.0	0.0	0.0	0.0	0.0	0.0	0.0	0.0	0.0	0.0	0.0	0.0	0.0	0.0	0.0	0.0	0.0	0.0	0.0	0.0	0.0	0.4501604065299034	0.4621496945619583	0.4550003111362457	0.4378661811351776	0.4340781047940254	0.4437198042869568	0.4264713451266289	0.4433463588356972	0.432004876434803	0.42109787464141846	0.4246649742126465	0.42412378638982773	0.4349622204899788	0.4270811006426811	0.40818633139133453	0.434619203209877	0.4395887106657028	0.43955063074827194	0.41918476670980453	0.4570811316370964
0.0	0.0	0.0	0.0	0.0	0.0	0.0	0.0	0.0	0.0	0.0	0.0	0.0	0.0	0.0	0.0	0.0	0.0	0.0	0.0	0.0	0.4425765722990036	0.41658568382263184	0.44359785318374634	0.46176859736442566	0.42972591519355774	0.4542533904314041	0.40855980664491653	0.4544210135936737	0.4535369277000427	0.422096349298954	0.4130491018295288	0.4241314083337784	0.4468982145190239	0.41327013820409775	0.4400917589664459	0.4206405580043793	0.42022135108709335	0.4172869026660919	0.44269849359989166	0.4613036885857582
0.0	0.0	0.0	0.0	0.0	0.0	0.0	0.0	0.0	0.0	0.0	0.0	0.0	0.0	0.0	0.0	0.0	0.0	0.0	0.0	0.0	0.43198204040527344	0.4144972711801529	0.4579881727695465	0.4614866152405739	0.4414103850722313	0.4363570660352707	0.42157043516635895	0.41338446736335754	0.4384378269314766	0.4447716921567917	0.44811010360717773	0.4274698495864868	0.44456589967012405	0.43053384125232697	0.418163426220417	0.44724879413843155	0.4340551793575287	0.43961160629987717	0.4655643552541733	0.4188494011759758
0.0	0.0	0.0	0.0	0.0	0.0	0.0	0.0	0.0	0.0	0.0	0.0	0.0	0.0	0.0	0.0	0.0	0.0	0.0	0.0	0.0	0.4637579545378685	0.42933719605207443	0.43673810362815857	0.43539664149284363	0.4388951435685158	0.43215731531381607	0.4224012568593025	0.4472716301679611	0.42423052340745926	0.43836160749197006	0.43870459496974945	0.4106786772608757	0.4319896325469017	0.427347868680954	0.4240628108382225	0.44528236240148544	0.4327213391661644	0.4244896396994591	0.4249926880002022	0.4528890922665596
0.0	0.0	0.0	0.0	0.0	0.0	0.0	0.0	0.0	0.0	0.0	0.0	0.0	0.0	0.0	0.0	0.0	0.0	0.0	0.0	0.0	0.4429348334670067	0.43798813223838806	0.42775945365428925	0.4236054942011833	0.4201679974794388	0.4218905568122864	0.44505367428064346	0.45798055082559586	0.4331938996911049	0.44234026223421097	0.4362579509615898	0.42866646498441696	0.4554881453514099	0.4415246844291687	0.438788466155529	0.41677623242139816	0.4259682968258858	0.4384988024830818	0.4332244172692299	0.45771369338035583
0.0	0.0	0.0	0.0	0.0	0.0	0.0	0.0	0.0	0.0	0.0	0.0	0.0	0.0	0.0	0.0	0.0	0.0	0.0	0.0	0.0	0.4276146665215492	0.42903994023799896	0.45236314833164215	0.4426909014582634	0.4454500451683998	0.44125035405158997	0.4298173785209656	0.43561767786741257	0.44464971125125885	0.43653231114149094	0.4494972676038742	0.42800338566303253	0.4198707416653633	0.43634938448667526	0.4180414751172066	0.42605213820934296	0.43545764684677124	0.44315581023693085	0.4296649396419525	0.45061007142066956
0.0	0.0	0.0	0.0	0.0	0.0	0.0	0.0	0.0	0.0	0.0	0.0	0.0	0.0	0.0	0.0	0.0	0.0	0.0	0.0	0.0	0.439703069627285	0.43149423599243164	0.4310292974114418	0.4279957339167595	0.44120456278324127	0.44006889313459396	0.42635704576969147	0.4442000165581703	0.4303509443998337	0.4517076909542084	0.4120125472545624	0.420602448284626	0.4407091960310936	0.4288265258073807	0.4315018579363823	0.4150612950325012	0.44848354905843735	0.4386664852499962	0.43998508155345917	0.43234024196863174
