0.0	0.0	0.0	0.0	0.0	0.0	0.0	0.0	0.0	0.0	0.0	0.0	0.0	0.0	0.0	0.0	0.0	0.0	0.0	0.0	0.0	0.4386207237839699	0.44493937492370605	0.4358692020177841	0.4238036647439003	0.4426604136824608	0.4396725818514824	0.44371218234300613	0.4280414655804634	0.4418829455971718	0.4309454560279846	0.42277470231056213	0.4464713856577873	0.423986591398716	0.4415247142314911	0.43209633976221085	0.4442533701658249	0.43092256039381027	0.4446268454194069	0.4407625198364258	0.45025184005498886
0.0	0.0	0.0	0.0	0.0	0.0	0.0	0.0	0.0	0.0	0.0	0.0	0.0	0.0	0.0	0.0	0.0	0.0	0.0	0.0	0.0	0.42929908633232117	0.42486314475536346	0.42548811435699463	0.4522869288921356	0.4312579557299614	0.4455948919057846	0.4452899545431137	0.43028996884822845	0.4522107094526291	0.43881889432668686	0.44175340235233307	0.43721069395542145	0.43874267488718033	0.4296954274177551	0.4501298889517784	0.446105532348156	0.4369744136929512	0.43652471899986267	0.4393143504858017	0.43565578758716583
0.0	0.0	0.0	0.0	0.0	0.0	0.0	0.0	0.0	0.0	0.0	0.0	0.0	0.0	0.0	0.0	0.0	0.0	0.0	0.0	0.0	0.4668067619204521	0.43518325686454773	0.45356738567352295	0.43791191279888153	0.417812816798687	0.445709191262722	0.42065583169460297	0.42202775180339813	0.4413265734910965	0.44578541070222855	0.43761468678712845	0.4420582503080368	0.4411436468362808	0.45955826342105865	0.4363570064306259	0.41765281558036804	0.4511893391609192	0.431860089302063	0.4349774941802025	0.4419667571783066
0.0	0.0	0.0	0.0	0.0	0.0	0.0	0.0	0.0	0.0	0.0	0.0	0.0	0.0	0.0	0.0	0.0	0.0	0.0	0.0	0.0	0.44222596287727356	0.4407244101166725	0.44344547390937805	0.4304881691932678	0.4407320022583008	0.4576984792947769	0.435419537127018	0.427896648645401	0.4393600523471832	0.4166771471500397	0.4605567678809166	0.44648659974336624	0.42975640296936035	0.4292609766125679	0.44628842920064926	0.45151708275079727	0.42405518889427185	0.44192108511924744	0.4278661608695984	0.44807958602905273
0.0	0.0	0.0	0.0	0.0	0.0	0.0	0.0	0.0	0.0	0.0	0.0	0.0	0.0	0.0	0.0	0.0	0.0	0.0	0.0	0.0	0.4385521560907364	0.416296049952507	0.4151603803038597	0.42577777802944183	0.4204576313495636	0.45884939283132553	0.4346344470977783	0.4443372115492821	0.4435979425907135	0.4293753057718277	0.4385216683149338	0.4433768466114998	0.4452900141477585	0.4478585496544838	0.44703540951013565	0.41416193544864655	0.43125030398368835	0.4319896325469017	0.45192866772413254	0.44729455560445786
0.0	0.0	0.0	0.0	0.0	0.0	0.0	0.0	0.0	0.0	0.0	0.0	0.0	0.0	0.0	0.0	0.0	0.0	0.0	0.0	0.0	0.45131126046180725	0.41013751924037933	0.44615882635116577	0.43701252341270447	0.4280414953827858	0.4394134059548378	0.4344743862748146	0.44908571243286133	0.4659149646759033	0.421547569334507	0.4613875299692154	0.4503433331847191	0.45057961344718933	0.43024420738220215	0.4377442002296448	0.4433615729212761	0.4458615705370903	0.4557472914457321	0.4275079295039177	0.43452776968479156
0.0	0.0	0.0	0.0	0.0	0.0	0.0	0.0	0.0	0.0	0.0	0.0	0.0	0.0	0.0	0.0	0.0	0.0	0.0	0.0	0.0	0.44308721274137497	0.4165551960468292	0.44654760509729385	0.43695154786109924	0.42391037195920944	0.4348021596670151	0.44200489670038223	0.4440247118473053	0.4246801882982254	0.4499470219016075	0.41752318292856216	0.4410216361284256	0.4514027535915375	0.43913139402866364	0.422294519841671	0.43039670586586	0.4429348036646843	0.43953538686037064	0.4345277398824692	0.4339256063103676
0.0	0.0	0.0	0.0	0.0	0.0	0.0	0.0	0.0	0.0	0.0	0.0	0.0	0.0	0.0	0.0	0.0	0.0	0.0	0.0	0.0	0.45836158841848373	0.4390094727277756	0.43176859617233276	0.4624393582344055	0.43202777206897736	0.43484029918909073	0.42757655680179596	0.4442228525876999	0.4253280833363533	0.4327671006321907	0.429245762526989	0.4205872043967247	0.437431700527668	0.4243524745106697	0.44500794261693954	0.443978950381279	0.4427518770098686	0.4350079223513603	0.46307963132858276	0.4532473236322403
0.0	0.0	0.0	0.0	0.0	0.0	0.0	0.0	0.0	0.0	0.0	0.0	0.0	0.0	0.0	0.0	0.0	0.0	0.0	0.0	0.0	0.4209606796503067	0.43774425983428955	0.4540247321128845	0.4422411471605301	0.43817102909088135	0.45468781143426895	0.44593019783496857	0.4579576253890991	0.450190894305706	0.4458234906196594	0.40589209645986557	0.4333539605140686	0.43118932843208313	0.448521688580513	0.427355520427227	0.4339560940861702	0.44482504576444626	0.45431436598300934	0.44786614179611206	0.4343143552541733
0.0	0.0	0.0	0.0	0.0	0.0	0.0	0.0	0.0	0.0	0.0	0.0	0.0	0.0	0.0	0.0	0.0	0.0	0.0	0.0	0.0	0.4452747404575348	0.4574698507785797	0.4405033737421036	0.4315323159098625	0.4395963326096535	0.44510702788829803	0.4342838376760483	0.4378661513328552	0.4628966450691223	0.4217076301574707	0.44240888953208923	0.45671527832746506	0.4274088740348816	0.43173810839653015	0.3994363099336624	0.47571681439876556	0.4239484816789627	0.42996981739997864	0.4131481871008873	0.4270048812031746
0.0	0.0	0.0	0.0	0.0	0.0	0.0	0.0	0.0	0.0	0.0	0.0	0.0	0.0	0.0	0.0	0.0	0.0	0.0	0.0	0.0	0.4480033665895462	0.44519852101802826	0.45411619544029236	0.4137960523366928	0.43988602608442307	0.4097183123230934	0.42385701835155487	0.43084634095430374	0.4301222562789917	0.44858263432979584	0.41555672138929367	0.4227823242545128	0.4110978841781616	0.44041188061237335	0.439299076795578	0.44531282037496567	0.43033573031425476	0.4480567201972008	0.42205826938152313	0.4299393594264984
0.0	0.0	0.0	0.0	0.0	0.0	0.0	0.0	0.0	0.0	0.0	0.0	0.0	0.0	0.0	0.0	0.0	0.0	0.0	0.0	0.0	0.42187531292438507	0.4227518364787102	0.44711922109127045	0.41734787821769714	0.4367838352918625	0.4317914620041847	0.441372275352478	0.434474416077137	0.4355109706521034	0.4393448084592819	0.4303280785679817	0.415175624191761	0.4477289766073227	0.4399622455239296	0.43695154786109924	0.4452594667673111	0.4425917863845825	0.4250689074397087	0.4247792735695839	0.44444388896226883
0.0	0.0	0.0	0.0	0.0	0.0	0.0	0.0	0.0	0.0	0.0	0.0	0.0	0.0	0.0	0.0	0.0	0.0	0.0	0.0	0.0	0.4380186200141907	0.41776708513498306	0.43495459854602814	0.4406634047627449	0.4657091721892357	0.44160090386867523	0.43857502192258835	0.41413141787052155	0.44464974105358124	0.4314485043287277	0.43909331411123276	0.43482502549886703	0.4251679927110672	0.41189056634902954	0.4145430028438568	0.44466498494148254	0.4326222538948059	0.4480872079730034	0.4369439259171486	0.46849118173122406
0.0	0.0	0.0	0.0	0.0	0.0	0.0	0.0	0.0	0.0	0.0	0.0	0.0	0.0	0.0	0.0	0.0	0.0	0.0	0.0	0.0	0.4282320439815521	0.43787380307912827	0.43626557290554047	0.44013752043247223	0.43134938925504684	0.4370201453566551	0.4625842049717903	0.4294058233499527	0.4446116015315056	0.4386359974741936	0.425282321870327	0.4389713928103447	0.4383692592382431	0.427004911005497	0.4443372115492821	0.4245201572775841	0.4464637041091919	0.4204729050397873	0.43763749301433563	0.44900187104940414
0.0	0.0	0.0	0.0	0.0	0.0	0.0	0.0	0.0	0.0	0.0	0.0	0.0	0.0	0.0	0.0	0.0	0.0	0.0	0.0	0.0	0.4520125091075897	0.4216085448861122	0.46590740233659744	0.4442838579416275	0.46369700878858566	0.44575489312410355	0.4299240857362747	0.43310246616601944	0.4373783767223358	0.4467152878642082	0.4245048835873604	0.44742412865161896	0.4336435943841934	0.4366237744688988	0.4192229062318802	0.43183722347021103	0.4444896802306175	0.44664666056632996	0.4215323254466057	0.4284301847219467
0.0	0.0	0.0	0.0	0.0	0.0	0.0	0.0	0.0	0.0	0.0	0.0	0.0	0.0	0.0	0.0	0.0	0.0	0.0	0.0	0.0	0.45091497898101807	0.4195963516831398	0.42903994023799896	0.4492609575390816	0.4390247166156769	0.4585902765393257	0.436341792345047	0.41724882274866104	0.435564324259758	0.4165399521589279	0.4554424434900284	0.43201249837875366	0.4581405818462372	0.4317305162549019	0.41798049956560135	0.41861315071582794	0.44176099449396133	0.42724116146564484	0.4462502896785736	0.42861317098140717
0.0	0.0	0.0	0.0	0.0	0.0	0.0	0.0	0.0	0.0	0.0	0.0	0.0	0.0	0.0	0.0	0.0	0.0	0.0	0.0	0.0	0.43308719247579575	0.4250536635518074	0.44387224316596985	0.4406329169869423	0.43191341310739517	0.443293035030365	0.44703537970781326	0.45234793424606323	0.44562532007694244	0.4180872365832329	0.4312427118420601	0.4425308406352997	0.44948964565992355	0.4379271864891052	0.4228814095258713	0.4369743838906288	0.44198206067085266	0.4414866045117378	0.43469542264938354	0.4325917661190033
0.0	0.0	0.0	0.0	0.0	0.0	0.0	0.0	0.0	0.0	0.0	0.0	0.0	0.0	0.0	0.0	0.0	0.0	0.0	0.0	0.0	0.4381405711174011	0.4573707655072212	0.4313036873936653	0.4396573379635811	0.4477137327194214	0.45278238505125046	0.4387960880994797	0.44945912808179855	0.459756463766098	0.4256405830383301	0.43935246020555496	0.42363598197698593	0.4539790004491806	0.41718781739473343	0.44439053535461426	0.4470582455396652	0.4271192401647568	0.41138751804828644	0.4274546056985855	0.43942105770111084
0.0	0.0	0.0	0.0	0.0	0.0	0.0	0.0	0.0	0.0	0.0	0.0	0.0	0.0	0.0	0.0	0.0	0.0	0.0	0.0	0.0	0.45974119007587433	0.4316618889570236	0.41301099210977554	0.4301222562789917	0.43407807499170303	0.4385978877544403	0.4174317196011543	0.43455060571432114	0.4345582276582718	0.4511665031313896	0.4439942240715027	0.4256024733185768	0.42262229323387146	0.427180215716362	0.44227928668260574	0.4395734965801239	0.4419134631752968	0.4338722825050354	0.42948204278945923	0.4132777601480484
0.0	0.0	0.0	0.0	0.0	0.0	0.0	0.0	0.0	0.0	0.0	0.0	0.0	0.0	0.0	0.0	0.0	0.0	0.0	0.0	0.0	0.43500033020973206	0.4199698567390442	0.4387427046895027	0.42791951447725296	0.4480872377753258	0.4471268430352211	0.43904758244752884	0.4385978579521179	0.4545505866408348	0.4491085484623909	0.44018325209617615	0.42670003324747086	0.4338417649269104	0.43605975061655045	0.45046525448560715	0.4480186104774475	0.42488598078489304	0.4346344470977783	0.44336922466754913	0.45964210480451584
0.0	0.0	0.0	0.0	0.0	0.0	0.0	0.0	0.0	0.0	0.0	0.0	0.0	0.0	0.0	0.0	0.0	0.0	0.0	0.0	0.0	0.4780949205160141	0.43821679055690765	0.40976404398679733	0.4299241155385971	0.4208311066031456	0.44193629920482635	0.4541085734963417	0.42972591519355774	0.42892564088106155	0.4571954607963562	0.4466695263981819	0.4304118901491165	0.4258006140589714	0.43823203444480896	0.43105216324329376	0.4497717171907425	0.4153051972389221	0.42605216801166534	0.4476832449436188	0.4521954655647278
0.0	0.0	0.0	0.0	0.0	0.0	0.0	0.0	0.0	0.0	0.0	0.0	0.0	0.0	0.0	0.0	0.0	0.0	0.0	0.0	0.0	0.4201832413673401	0.43137990683317184	0.45117412507534027	0.4257701262831688	0.43534328788518906	0.42275186628103256	0.4578433260321617	0.4259759485721588	0.43509938567876816	0.4443143755197525	0.4256862848997116	0.43399423360824585	0.4315323159098625	0.446425624191761	0.4467381238937378	0.4371573403477669	0.41548050194978714	0.43990886211395264	0.4589179903268814	0.4343067333102226
0.0	0.0	0.0	0.0	0.0	0.0	0.0	0.0	0.0	0.0	0.0	0.0	0.0	0.0	0.0	0.0	0.0	0.0	0.0	0.0	0.0	0.4018219783902168	0.43461161106824875	0.44117413461208344	0.4400079771876335	0.42839207500219345	0.4153051972389221	0.41884177923202515	0.41848354786634445	0.4575536623597145	0.44721830636262894	0.42735549062490463	0.4480491280555725	0.4470810815691948	0.4322030767798424	0.43939054012298584	0.4495963528752327	0.4588264971971512	0.4251527488231659	0.41877318173646927	0.4207625091075897
0.0	0.0	0.0	0.0	0.0	0.0	0.0	0.0	0.0	0.0	0.0	0.0	0.0	0.0	0.0	0.0	0.0	0.0	0.0	0.0	0.0	0.45777472853660583	0.4342305138707161	0.43541188538074493	0.43159332126379013	0.45052623003721237	0.43888749182224274	0.4478357136249542	0.4207701310515404	0.44094544649124146	0.432751826941967	0.4215628132224083	0.4417381286621094	0.42166952043771744	0.42260701954364777	0.4135216623544693	0.44380367547273636	0.4284149706363678	0.4238646700978279	0.4690323695540428	0.43225640058517456
0.0	0.0	0.0	0.0	0.0	0.0	0.0	0.0	0.0	0.0	0.0	0.0	0.0	0.0	0.0	0.0	0.0	0.0	0.0	0.0	0.0	0.43053387105464935	0.4329652413725853	0.4629271924495697	0.41099120676517487	0.43488597124814987	0.44564053416252136	0.45541195571422577	0.4435521513223648	0.4316771924495697	0.4459378197789192	0.41140276193618774	0.4428052008152008	0.4499851018190384	0.44114361703395844	0.4607701823115349	0.41047288477420807	0.4394896849989891	0.4390094429254532	0.4394897148013115	0.43865886330604553
0.0	0.0	0.0	0.0	0.0	0.0	0.0	0.0	0.0	0.0	0.0	0.0	0.0	0.0	0.0	0.0	0.0	0.0	0.0	0.0	0.0	0.44216495752334595	0.42567866295576096	0.4223936051130295	0.4531710147857666	0.4325917959213257	0.4417838603258133	0.4409911781549454	0.407332643866539	0.4365552067756653	0.4459911435842514	0.47025956213474274	0.4337579533457756	0.44693635404109955	0.42925338447093964	0.43412377685308456	0.43745459616184235	0.41440580785274506	0.4452137351036072	0.4375307857990265	0.4503890350461006
0.0	0.0	0.0	0.0	0.0	0.0	0.0	0.0	0.0	0.0	0.0	0.0	0.0	0.0	0.0	0.0	0.0	0.0	0.0	0.0	0.0	0.43940581381320953	0.4401298984885216	0.4405185878276825	0.43886468559503555	0.43788904696702957	0.44286617636680603	0.46041957288980484	0.41789665818214417	0.4392304793000221	0.4260902479290962	0.45913146436214447	0.4546649754047394	0.42570918053388596	0.425655797123909	0.4463341608643532	0.43589209765195847	0.43899422883987427	0.42757655680179596	0.4100612998008728	0.40080825984477997
0.0	0.0	0.0	0.0	0.0	0.0	0.0	0.0	0.0	0.0	0.0	0.0	0.0	0.0	0.0	0.0	0.0	0.0	0.0	0.0	0.0	0.41971833258867264	0.4502747356891632	0.45054150372743607	0.43726401776075363	0.4516695514321327	0.4293753057718277	0.4254576563835144	0.4298402741551399	0.45791954547166824	0.4312351197004318	0.43043478578329086	0.4319057911634445	0.4404347464442253	0.44742409884929657	0.44609028846025467	0.4258996993303299	0.44067105650901794	0.4409225806593895	0.4286740869283676	0.42345305532217026
0.0	0.0	0.0	0.0	0.0	0.0	0.0	0.0	0.0	0.0	0.0	0.0	0.0	0.0	0.0	0.0	0.0	0.0	0.0	0.0	0.0	0.43977925926446915	0.40930672734975815	0.42382653057575226	0.43641801178455353	0.4594210386276245	0.44256895035505295	0.4515475705265999	0.44497742503881454	0.43607502430677414	0.4643601179122925	0.43069393187761307	0.43852926045656204	0.4480643719434738	0.4519515335559845	0.4241161644458771	0.43830063194036484	0.41460397839546204	0.4269210696220398	0.4386131316423416	0.4590323194861412
0.0	0.0	0.0	0.0	0.0	0.0	0.0	0.0	0.0	0.0	0.0	0.0	0.0	0.0	0.0	0.0	0.0	0.0	0.0	0.0	0.0	0.4356100559234619	0.4414561167359352	0.45944393426179886	0.43737075477838516	0.44361309707164764	0.4409073665738106	0.43300338089466095	0.4526984840631485	0.4588189646601677	0.44515272974967957	0.43149420619010925	0.4371497184038162	0.4389561489224434	0.44535093009471893	0.42879603803157806	0.43070152401924133	0.44983266294002533	0.4358539879322052	0.45720311254262924	0.4528966546058655
0.0	0.0	0.0	0.0	0.0	0.0	0.0	0.0	0.0	0.0	0.0	0.0	0.0	0.0	0.0	0.0	0.0	0.0	0.0	0.0	0.0	0.45112842321395874	0.4403890147805214	0.43081585317850113	0.42507652938365936	0.44275184720754623	0.43680670112371445	0.4412503242492676	0.4275079295039177	0.4194210469722748	0.435221366584301	0.4286436289548874	0.431517131626606	0.4322488084435463	0.4390399307012558	0.43251560628414154	0.4275384172797203	0.45239363610744476	0.4025536850094795	0.47195157408714294	0.4131634309887886
0.0	0.0	0.0	0.0	0.0	0.0	0.0	0.0	0.0	0.0	0.0	0.0	0.0	0.0	0.0	0.0	0.0	0.0	0.0	0.0	0.0	0.4284530505537987	0.44344547390937805	0.44012224674224854	0.4551984816789627	0.41557199507951736	0.45366644114255905	0.41760702431201935	0.4419667571783066	0.419306717813015	0.430510975420475	0.41718781739473343	0.4251679927110672	0.4325384125113487	0.4207320213317871	0.4298478960990906	0.43469545245170593	0.4241238161921501	0.46875032782554626	0.44453541189432144	0.4368981644511223
0.0	0.0	0.0	0.0	0.0	0.0	0.0	0.0	0.0	0.0	0.0	0.0	0.0	0.0	0.0	0.0	0.0	0.0	0.0	0.0	0.0	0.4308387488126755	0.44093017280101776	0.44823961704969406	0.4419820308685303	0.4570811316370964	0.4249546080827713	0.43948206305503845	0.4644668251276016	0.4242076277732849	0.4327899366617203	0.4329804852604866	0.4155338555574417	0.42270613461732864	0.43561773747205734	0.4462351053953171	0.45015275478363037	0.4268067106604576	0.4439866319298744	0.4347640201449394	0.4147716611623764
0.0	0.0	0.0	0.0	0.0	0.0	0.0	0.0	0.0	0.0	0.0	0.0	0.0	0.0	0.0	0.0	0.0	0.0	0.0	0.0	0.0	0.44760702550411224	0.4573631137609482	0.4541771709918976	0.46230216324329376	0.4170811101794243	0.445099376142025	0.4397183433175087	0.43243173509836197	0.42863600701093674	0.4433768168091774	0.42514512687921524	0.4173250123858452	0.41885702311992645	0.42933719605207443	0.43673816323280334	0.42131128907203674	0.45052623003721237	0.4272792711853981	0.4479576349258423	0.45098354667425156
0.0	0.0	0.0	0.0	0.0	0.0	0.0	0.0	0.0	0.0	0.0	0.0	0.0	0.0	0.0	0.0	0.0	0.0	0.0	0.0	0.0	0.44861312210559845	0.4516085758805275	0.4382396265864372	0.4473859593272209	0.4194362908601761	0.4468448609113693	0.4383234679698944	0.42073967307806015	0.4176756218075752	0.4368753284215927	0.4338570386171341	0.4303051829338074	0.45244693011045456	0.4149545878171921	0.45596835762262344	0.44993171840906143	0.4226527512073517	0.45128848403692245	0.45756128430366516	0.4214484840631485
0.0	0.0	0.0	0.0	0.0	0.0	0.0	0.0	0.0	0.0	0.0	0.0	0.0	0.0	0.0	0.0	0.0	0.0	0.0	0.0	0.0	0.44552626460790634	0.46228691935539246	0.4434531256556511	0.4435369074344635	0.4287579283118248	0.4283616170287132	0.4522106498479843	0.441029317677021	0.44010700285434723	0.44278236478567123	0.44963446259498596	0.4317305460572243	0.40222594141960144	0.41994696110486984	0.43804148584604263	0.4245506152510643	0.4411131292581558	0.4253128096461296	0.4289713427424431	0.4188341870903969
0.0	0.0	0.0	0.0	0.0	0.0	0.0	0.0	0.0	0.0	0.0	0.0	0.0	0.0	0.0	0.0	0.0	0.0	0.0	0.0	0.0	0.39102930575609207	0.45881131291389465	0.4235292747616768	0.44075489789247513	0.4411664828658104	0.4274240881204605	0.41871220618486404	0.42173049598932266	0.4342305138707161	0.4319210350513458	0.4519363194704056	0.4154348000884056	0.443811297416687	0.4470963850617409	0.43344542384147644	0.41987836360931396	0.43932194262742996	0.43469545245170593	0.47299575060606003	0.42410092055797577
0.0	0.0	0.0	0.0	0.0	0.0	0.0	0.0	0.0	0.0	0.0	0.0	0.0	0.0	0.0	0.0	0.0	0.0	0.0	0.0	0.0	0.4144439175724983	0.4254957363009453	0.4488189145922661	0.43141036480665207	0.4484226033091545	0.4612274691462517	0.4305948168039322	0.4254576563835144	0.41950491815805435	0.42103689908981323	0.4236893355846405	0.4122564196586609	0.4477289766073227	0.41752321273088455	0.42086921632289886	0.42850640416145325	0.44986315071582794	0.4440094977617264	0.4188189134001732	0.43654758483171463
0.0	0.0	0.0	0.0	0.0	0.0	0.0	0.0	0.0	0.0	0.0	0.0	0.0	0.0	0.0	0.0	0.0	0.0	0.0	0.0	0.0	0.43464212864637375	0.43844547867774963	0.46583880484104156	0.44209636002779007	0.4058844745159149	0.47000032663345337	0.4266314059495926	0.4422640725970268	0.40721069276332855	0.44283565878868103	0.4424622431397438	0.44123511016368866	0.4227594584226608	0.44747745245695114	0.4366542920470238	0.4317381680011749	0.4300917685031891	0.429939329624176	0.4475003480911255	0.4420429766178131
0.0	0.0	0.0	0.0	0.0	0.0	0.0	0.0	0.0	0.0	0.0	0.0	0.0	0.0	0.0	0.0	0.0	0.0	0.0	0.0	0.0	0.44615885615348816	0.42148662358522415	0.43990126997232437	0.4697716683149338	0.4350612759590149	0.4215780571103096	0.44847598671913147	0.43646371364593506	0.44255370646715164	0.4443143755197525	0.43881892412900925	0.4500155597925186	0.42490122467279434	0.4356252998113632	0.4357549026608467	0.4388951435685158	0.44548050314188004	0.4387427046895027	0.43938297778367996	0.4366390183568001
0.0	0.0	0.0	0.0	0.0	0.0	0.0	0.0	0.0	0.0	0.0	0.0	0.0	0.0	0.0	0.0	0.0	0.0	0.0	0.0	0.0	0.4319286569952965	0.4392915144562721	0.43451252579689026	0.44365885853767395	0.4228737875819206	0.425480492413044	0.4405338317155838	0.4227975681424141	0.4383920654654503	0.4309607297182083	0.42899420857429504	0.4425460547208786	0.4335673749446869	0.4338875263929367	0.4435064494609833	0.4389180392026901	0.44684483110904694	0.440617673099041	0.4258692115545273	0.43310243636369705
