0.0	0.0	0.0	0.0	0.0	0.0	0.0	0.0	0.0	0.0	0.0	0.0	0.0	0.0	0.0	0.0	0.0	0.0	0.0	0.0	0.0	0.9585527398756573	0.9644786924123765	0.7603221923112868	0.9634651916367667	0.7594299167394638	0.9588432448250908	0.7631067425012589	0.7627922828708376	0.7613821506500243	0.7608293056488038	0.9583658933639527	0.9597574425595148	0.7629024744033813	0.961058835046632	0.7589303527559553	0.7602866232395172	0.7628367079155787	0.7591280877590179	0.7644908875226974	0.762050849199295
0.0	0.0	0.0	0.0	0.0	0.0	0.0	0.0	0.0	0.0	0.0	0.0	0.0	0.0	0.0	0.0	0.0	0.0	0.0	0.0	0.0	0.7606198110750744	0.9579366254806518	0.7619622894695827	0.9608994275331497	0.9581664162022726	0.7624793040752411	0.7621097922325134	0.7614490785769054	0.7634543031454086	0.7622429221868515	0.9595762580633164	0.7609839222260883	0.9613831669092179	0.9608528247901372	0.7613300310713904	0.9618671966450554	0.760332354903221	0.7597378432750702	0.7614469008786338	0.8888720571994781
0.0	0.0	0.0	0.0	0.0	0.0	0.0	0.0	0.0	0.0	0.0	0.0	0.0	0.0	0.0	0.0	0.0	0.0	0.0	0.0	0.0	0.5781171811478478	0.9617734104394913	0.9604577903236662	0.9578719913959504	0.7629164116723197	0.9608306122677668	0.7568310516221182	0.9611640904630935	0.960702418429511	0.7612988173961639	0.9620610117912293	0.7616444907018116	0.9596372336149215	0.9656057238578797	0.7589146733283997	0.9625649311712811	0.9614310762711934	0.7594969898462296	0.9311050308602197	0.8888080328702928
0.0	0.0	0.0	0.0	0.0	0.0	0.0	0.0	0.0	0.0	0.0	0.0	0.0	0.0	0.0	0.0	0.0	0.0	0.0	0.0	0.0	0.7809093677997588	0.7604589517627444	0.9619085729122161	0.962687840461731	0.7627909762518745	0.9638933271169661	0.7617234685591288	0.7605261700493949	0.7605736438717161	0.9625538975000381	0.759392460329192	0.9630620270967483	0.7600894689559936	0.7628362723759243	0.9608314833470754	0.7612752982548304	0.9599442890712193	0.9367988407611847	0.8854696214199065	0.8862805962562561
0.0	0.0	0.0	0.0	0.0	0.0	0.0	0.0	0.0	0.0	0.0	0.0	0.0	0.0	0.0	0.0	0.0	0.0	0.0	0.0	0.0	0.7807185143232345	0.780695750117302	0.9634464634316309	0.759578958409173	0.9642032861709595	0.7610372322797775	0.9587134540081024	0.7616624930075236	0.7632581651210785	0.9609024763107301	0.7604665011167527	0.9637988150119781	0.7658018618822098	0.9620801755360193	0.9607186785766056	0.7622208548443659	0.9339508469615663	0.9345823794603348	0.8854177922010421	0.8852714508771896
0.0	0.0	0.0	0.0	0.0	0.0	0.0	0.0	0.0	0.0	0.0	0.0	0.0	0.0	0.0	0.0	0.0	0.0	0.0	0.0	0.0	0.7796737998723984	0.577780654174941	0.9634370267391204	0.7617571502923965	0.761312319125448	0.960858051265989	0.7610597061259405	0.7631189376115799	0.9626463770866394	0.7639750343561171	0.962510924254145	0.9637565676655089	0.9604651944977896	0.9605772733688356	0.76470473749297	0.9361768901348114	0.9318506747484208	0.8868049860000612	0.8879177898168564	0.8855580359697341
0.0	0.0	0.0	0.0	0.0	0.0	0.0	0.0	0.0	0.0	0.0	0.0	0.0	0.0	0.0	0.0	0.0	0.0	0.0	0.0	0.0	0.7771143946477345	0.7786062921796526	0.7792274588346481	0.7611537826912744	0.7617744266986848	0.9601616233587265	0.9632927179336548	0.9626285199608121	0.7595753869840077	0.7594512581825256	0.7602779124464307	0.7618049144744874	0.7595871465546744	0.7603831678628921	0.9381037175655367	0.9319451868534089	0.8883659601211549	0.8859238892793655	0.8876464486122132	0.8875214487314225
0.0	0.0	0.0	0.0	0.0	0.0	0.0	0.0	0.0	0.0	0.0	0.0	0.0	0.0	0.0	0.0	0.0	0.0	0.0	0.0	0.0	0.5758925897734506	0.7826719677448273	0.7801899143627712	0.7646382451057434	0.961559996008873	0.7592805266380311	0.7647687618221555	0.9604900202580862	0.7638506442308426	0.9579569216285433	0.7627114176750183	0.9626829624176025	0.7591354919331414	0.937243962287903	0.9355166120188577	0.935595589876175	0.8861007183790207	0.8869360834360123	0.886231815814972	0.8877592533826827
0.0	0.0	0.0	0.0	0.0	0.0	0.0	0.0	0.0	0.0	0.0	0.0	0.0	0.0	0.0	0.0	0.0	0.0	0.0	0.0	0.0	0.7788134348392486	0.5780209268842424	0.7813645648104803	0.777409429209573	0.7575253018311092	0.9615013433354243	0.7612104028463365	0.9590640634298325	0.7637095293828419	0.9578774791955948	0.9632975088698523	0.9607591837644578	0.9332043319940566	0.9382500588893892	0.9375967494079044	0.9340518921613694	0.8879086434841155	0.8871647417545319	0.8840427935123445	0.8856738895177841
0.0	0.0	0.0	0.0	0.0	0.0	0.0	0.0	0.0	0.0	0.0	0.0	0.0	0.0	0.0	0.0	0.0	0.0	0.0	0.0	0.0	0.5816973171063832	0.778295955657959	0.7781926746879305	0.5805988860981806	0.7572239083903176	0.7598567456007004	0.9626908021313803	0.7611063088689531	0.7588853469916752	0.7594617111342293	0.7637225955724716	0.9364390850067138	0.9321494549512863	0.9375488400459289	0.9342287212610245	0.8869848638772965	0.8873049855232239	0.886420840024948	0.8841738909482957	0.8888659596443176
0.0	0.0	0.0	0.0	0.0	0.0	0.0	0.0	0.0	0.0	0.0	0.0	0.0	0.0	0.0	0.0	0.0	0.0	0.0	0.0	0.0	0.7797368079423904	0.5773342260292598	0.7774110261883054	0.5801260352134705	0.5795404666662216	0.956948211789131	0.9621049141883851	0.9618171095848085	0.7604839227029254	0.7638750344514847	0.9370941366468157	0.9379482299089432	0.9361799389123917	0.9393018871545792	0.9322735837527685	0.8873812049627303	0.8873415708541871	0.8891982764005661	0.886070230603218	0.8844086468219757
0.0	0.0	0.0	0.0	0.0	0.0	0.0	0.0	0.0	0.0	0.0	0.0	0.0	0.0	0.0	0.0	0.0	0.0	0.0	0.0	0.0	0.5806565225124358	0.7776407007660184	0.5801768481731415	0.7767311197519303	0.5774403525250298	0.95835857629776	0.9624604016542435	0.7628293037414551	0.7626110983746393	0.9374604254961014	0.9342822926385062	0.9341209977865219	0.938576278090477	0.935134208202362	0.8870671808719635	0.8884299844503403	0.885484865307808	0.8879391312599182	0.8881830334663392	0.887551936507225
0.0	0.0	0.0	0.0	0.0	0.0	0.0	0.0	0.0	0.0	0.0	0.0	0.0	0.0	0.0	0.0	0.0	0.0	0.0	0.0	0.0	0.7744664877653121	0.5784583538770676	0.7742030733823776	0.577689858675003	0.7810064060347421	0.7608628422021866	0.7617256462574005	0.7602665884154183	0.9390501452343805	0.9344207942485808	0.9355610370635986	0.936336733187948	0.9351006716489791	0.9394882981266295	0.8891373008489608	0.8897013247013092	0.8880610823631286	0.8852592557668686	0.883454379439354	0.8868964493274689
0.0	0.0	0.0	0.0	0.0	0.0	0.0	0.0	0.0	0.0	0.0	0.0	0.0	0.0	0.0	0.0	0.0	0.0	0.0	0.0	0.0	0.7751934034483774	0.5779553055763245	0.7803587585687637	0.5785226685660225	0.7825040817260742	0.5807760636295591	0.959393766948155	0.9398206148828779	0.9316403090953828	0.9317866504192353	0.9362187019416264	0.9374512791633607	0.9316006749868392	0.8867897421121598	0.8845305979251862	0.889231812953949	0.8875123023986816	0.8850702315568924	0.8841098666191101	0.8863659620285034
0.0	0.0	0.0	0.0	0.0	0.0	0.0	0.0	0.0	0.0	0.0	0.0	0.0	0.0	0.0	0.0	0.0	0.0	0.0	0.0	0.0	0.5778902649879456	0.7825196159737451	0.7774747601577214	0.7786016464233398	0.5786199390888214	0.5790091663599014	0.946946479167257	0.9393288906131472	0.9387134730815889	0.938237863779068	0.939030545949936	0.9334197789430618	0.9321037232875825	0.8862714499235154	0.88725925385952	0.8861891329288483	0.8883110821247101	0.8862104743719101	0.8846982806921005	0.8876373022794725
0.0	0.0	0.0	0.0	0.0	0.0	0.0	0.0	0.0	0.0	0.0	0.0	0.0	0.0	0.0	0.0	0.0	0.0	0.0	0.0	0.0	0.7759063818625042	0.7781807118654251	0.7767880593027388	0.7801666855812073	0.7804677015542985	0.9399695694446564	0.9395116430521011	0.9425396889448164	0.9374634742736817	0.9321442284754344	0.9375440491097315	0.9368933528661728	0.8862135231494903	0.8846860855817795	0.8848995000123978	0.8875153511762619	0.8833873063325881	0.886405596137047	0.8883476674556733	0.888695228099823
0.0	0.0	0.0	0.0	0.0	0.0	0.0	0.0	0.0	0.0	0.0	0.0	0.0	0.0	0.0	0.0	0.0	0.0	0.0	0.0	0.0	0.7728869306189673	0.7795864015817642	0.7804926144225257	0.777277460694313	0.9402927398681641	0.9409930876323155	0.9454517070736204	0.9445945650339127	0.9371159136295318	0.9352831627641405	0.9386916960988726	0.9368872553110121	0.8880488872528076	0.8880062043666839	0.8850702315568925	0.885463523864746	0.8847226709127427	0.8859909623861312	0.8837165743112564	0.8832531601190567
0.0	0.0	0.0	0.0	0.0	0.0	0.0	0.0	0.0	0.0	0.0	0.0	0.0	0.0	0.0	0.0	0.0	0.0	0.0	0.0	0.0	0.5784773724419731	0.7753038853406906	0.5772773155144283	0.940420788526535	0.9389486644949232	0.9414848119020462	0.9469395105327878	0.9404970079660415	0.9355732321739196	0.937338474392891	0.9356799393892288	0.8883019357919694	0.8882287651300431	0.8860366940498352	0.8874513268470765	0.8900732755661009	0.8825946241617202	0.8872958391904832	0.8871616929769516	0.8869238883256912
0.0	0.0	0.0	0.0	0.0	0.0	0.0	0.0	0.0	0.0	0.0	0.0	0.0	0.0	0.0	0.0	0.0	0.0	0.0	0.0	0.0	0.5789908736944198	0.7776544928550719	0.9391799360513686	0.9435955822467804	0.9415299338102341	0.9398982280492781	0.94374395608902	0.9444400936365127	0.9408791214227676	0.9364482313394547	0.9363328133310591	0.8880031555891037	0.8820427954196929	0.8873141318559646	0.8887866914272308	0.8868964493274689	0.8874208390712737	0.8896586418151855	0.8885123014450074	0.8840915739536286
0.0	0.0	0.0	0.0	0.0	0.0	0.0	0.0	0.0	0.0	0.0	0.0	0.0	0.0	0.0	0.0	0.0	0.0	0.0	0.0	0.0	0.5792016748871123	0.9386592048406601	0.9447825729846955	0.942847615480423	0.9429177373647689	0.9412917226552964	0.9381890833377838	0.9408223560878208	0.9411037147045135	0.9354787200689316	0.8854025483131409	0.8860854744911194	0.8892135202884673	0.8907043725252151	0.8806037724018096	0.8848598659038542	0.887914741039276	0.8872257173061371	0.8890153497457504	0.8864147424697876
0.0	0.0	0.0	0.0	0.0	0.0	0.0	0.0	0.0	0.0	0.0	0.0	0.0	0.0	0.0	0.0	0.0	0.0	0.0	0.0	0.0	0.9445585894584656	0.9400518864393235	0.9365354263782499	0.9408689588308334	0.9405524957180023	0.9427221800599781	0.9442866384983062	0.9443585896492004	0.9438659071922302	0.9438323706388474	0.8851769387722015	0.886000108718872	0.8859330356121063	0.8878019362688063	0.8914116889238357	0.8856647431850433	0.8881921797990799	0.8848537683486938	0.8873202294111252	0.8876769363880158
0.0	0.0	0.0	0.0	0.0	0.0	0.0	0.0	0.0	0.0	0.0	0.0	0.0	0.0	0.0	0.0	0.0	0.0	0.0	0.0	0.0	0.9423699736595155	0.9381488394737244	0.941377494931221	0.9436886425529208	0.9417744457721711	0.9421664314610618	0.9450620442628861	0.9462890756130218	0.9452083855867386	0.8864696204662323	0.8830641359090805	0.8887531548738479	0.8887592524290084	0.8840580374002456	0.8875763267278671	0.886722669005394	0.8855153530836106	0.8847836464643478	0.8844421833753585	0.8878232777118683
0.0	0.0	0.0	0.0	0.0	0.0	0.0	0.0	0.0	0.0	0.0	0.0	0.0	0.0	0.0	0.0	0.0	0.0	0.0	0.0	0.0	0.945299442410469	0.9420220065116882	0.942439079284668	0.9422348111867905	0.942035769564765	0.942356762290001	0.9413455843925477	0.9398680887051991	0.9419311529397965	0.8887501060962677	0.8881281554698944	0.8852775484323503	0.8872226685285568	0.8887318134307861	0.8878080338239671	0.8868781566619874	0.886689132452011	0.8869177907705307	0.886115962266922	0.8826464533805847
0.0	0.0	0.0	0.0	0.0	0.0	0.0	0.0	0.0	0.0	0.0	0.0	0.0	0.0	0.0	0.0	0.0	0.0	0.0	0.0	0.0	0.9398531061410903	0.9415945678949357	0.9451616376638412	0.9382817661762238	0.9438415169715882	0.9436006635427475	0.9405566768986838	0.940894365310669	0.8895183980464935	0.8867165714502334	0.8886647403240204	0.8845641344785691	0.8886738866567611	0.8836616963148117	0.8824665755033494	0.8846129149198533	0.8859635233879088	0.8863354742527009	0.8871982783079148	0.8907531529664994
0.0	0.0	0.0	0.0	0.0	0.0	0.0	0.0	0.0	0.0	0.0	0.0	0.0	0.0	0.0	0.0	0.0	0.0	0.0	0.0	0.0	0.9439370453357696	0.9447108541216169	0.9439177364110947	0.9424329817295074	0.945368954539299	0.9432388752698897	0.9387083917856216	0.9445640772581101	0.884061086177826	0.8828049898147582	0.8911525428295136	0.8842866957187652	0.88655803501606	0.8849238902330399	0.8863598644733429	0.8839482814073563	0.8861007183790208	0.8916708350181579	0.8887196183204651	0.8886708378791808
0.0	0.0	0.0	0.0	0.0	0.0	0.0	0.0	0.0	0.0	0.0	0.0	0.0	0.0	0.0	0.0	0.0	0.0	0.0	0.0	0.0	0.9425356239080428	0.9478366351127625	0.9450610280036926	0.9493100076913833	0.947679927945137	0.9404384714365006	0.9412683486938476	0.886978766322136	0.8855702310800553	0.8839299887418748	0.8856037676334381	0.8861769378185274	0.8862440109252929	0.8874086439609528	0.8893324226140975	0.8842592567205428	0.8901281535625457	0.8871403515338896	0.8879360824823379	0.8911494940519332
0.0	0.0	0.0	0.0	0.0	0.0	0.0	0.0	0.0	0.0	0.0	0.0	0.0	0.0	0.0	0.0	0.0	0.0	0.0	0.0	0.0	0.9487815529108048	0.9478615479809895	0.9443317604064942	0.9479427325725556	0.9459543198347092	0.9478079766035079	0.9410135579960686	0.8894147396087646	0.8882653504610061	0.8882988870143891	0.8889177888631821	0.8865519374608992	0.8868629127740861	0.8847440123558044	0.8877805948257447	0.8921830296516418	0.8851464509963989	0.8887318134307862	0.8853781580924988	0.8861708402633666
0.0	0.0	0.0	0.0	0.0	0.0	0.0	0.0	0.0	0.0	0.0	0.0	0.0	0.0	0.0	0.0	0.0	0.0	0.0	0.0	0.0	0.9465335875749589	0.9464518803358077	0.9457246452569962	0.9446402966976166	0.9447720038890839	0.9466433435678482	0.8853812068700789	0.8846098661422729	0.8856159627437592	0.8867043763399125	0.8835641354322433	0.8859848648309707	0.8894208371639252	0.8880580335855485	0.8875610828399658	0.8842470616102218	0.8863690108060837	0.8820946246385575	0.8896433979272842	0.886594620347023
0.0	0.0	0.0	0.0	0.0	0.0	0.0	0.0	0.0	0.0	0.0	0.0	0.0	0.0	0.0	0.0	0.0	0.0	0.0	0.0	0.0	0.9453585015875952	0.944936028122902	0.9445630609989166	0.9462110269069671	0.9476530987024308	0.9419616407155991	0.8892775446176528	0.8833171844482421	0.887073278427124	0.8877226680517196	0.8866434007883073	0.8877683997154238	0.8863080352544784	0.8846037685871124	0.8869147419929505	0.8841525495052338	0.8883171796798706	0.8859452307224274	0.8874421805143357	0.8839086472988129
0.0	0.0	0.0	0.0	0.0	0.0	0.0	0.0	0.0	0.0	0.0	0.0	0.0	0.0	0.0	0.0	0.0	0.0	0.0	0.0	0.0	0.9477033019065858	0.9507829737663269	0.9445854187011719	0.9459187507629394	0.945281556248665	0.8877196192741394	0.8874360829591752	0.8884635210037231	0.8872988879680634	0.883338525891304	0.8876007169485092	0.8862501084804535	0.8863324254751206	0.8860366940498351	0.8877623021602631	0.8884696185588836	0.8864909619092941	0.888414740562439	0.8862440109252931	0.8891799837350844
0.0	0.0	0.0	0.0	0.0	0.0	0.0	0.0	0.0	0.0	0.0	0.0	0.0	0.0	0.0	0.0	0.0	0.0	0.0	0.0	0.0	0.9452159059047698	0.942090908885002	0.9454841983318327	0.9454075723886489	0.9469421237707137	0.8846738904714584	0.8880031555891038	0.8832745015621186	0.8867592543363572	0.8881921797990798	0.8855031579732895	0.8867744982242586	0.8842562079429627	0.8882927894592285	0.8884086430072784	0.8861037671566008	0.8879787653684617	0.8888202279806137	0.8859391331672668	0.883933037519455
0.0	0.0	0.0	0.0	0.0	0.0	0.0	0.0	0.0	0.0	0.0	0.0	0.0	0.0	0.0	0.0	0.0	0.0	0.0	0.0	0.0	0.9420539170503617	0.9467317581176757	0.9457561492919923	0.9463707828521729	0.8861525475978851	0.8898994952440261	0.8863171815872192	0.8861251085996626	0.8869147419929504	0.8879726678133011	0.8903812021017076	0.8862684011459351	0.8876982778310776	0.8857531577348708	0.888109862804413	0.8838507205247879	0.8830549895763398	0.8842074275016785	0.8859025478363036	0.8860092550516129
0.0	0.0	0.0	0.0	0.0	0.0	0.0	0.0	0.0	0.0	0.0	0.0	0.0	0.0	0.0	0.0	0.0	0.0	0.0	0.0	0.0	0.9429244446754455	0.9434136718511581	0.9470274895429611	0.9465844005346298	0.8875062048435212	0.8884299844503402	0.8883751064538956	0.8866037666797638	0.8873080343008041	0.887073278427124	0.8866007179021835	0.8840458422899247	0.8891982764005661	0.8839604765176774	0.8900153487920762	0.8894604712724684	0.8878354728221893	0.8856494992971419	0.8847501099109649	0.8881190091371536
0.0	0.0	0.0	0.0	0.0	0.0	0.0	0.0	0.0	0.0	0.0	0.0	0.0	0.0	0.0	0.0	0.0	0.0	0.0	0.0	0.0	0.9493343979120255	0.9521591919660568	0.9453545817307064	0.8856098651885986	0.8831220626831056	0.8873324245214461	0.8840702325105667	0.8894909590482711	0.8852714508771896	0.8848507195711136	0.887808033823967	0.8882714480161666	0.8852470606565476	0.8855062067508697	0.8887683987617494	0.8882775455713271	0.8859696209430694	0.886768400669098	0.8878415703773499	0.8894391298294068
0.0	0.0	0.0	0.0	0.0	0.0	0.0	0.0	0.0	0.0	0.0	0.0	0.0	0.0	0.0	0.0	0.0	0.0	0.0	0.0	0.0	0.9417857698031835	0.94923175573349	0.9449395124401365	0.8857927918434143	0.8861159622669219	0.886780595779419	0.8852684020996093	0.8883994966745377	0.887457424402237	0.8856952309608459	0.8840214520692824	0.8869604736566543	0.8873354732990264	0.8880824238061906	0.8859543770551681	0.8850854754447937	0.8880854725837707	0.8861647427082062	0.8882714480161665	0.8827501118183134
0.0	0.0	0.0	0.0	0.0	0.0	0.0	0.0	0.0	0.0	0.0	0.0	0.0	0.0	0.0	0.0	0.0	0.0	0.0	0.0	0.0	0.9450935482978822	0.9447744429111481	0.8873354732990264	0.8837775498628616	0.8884269356727601	0.8908994942903519	0.8866982787847519	0.8870001077651977	0.883045843243599	0.8847409635782242	0.8876555949449538	0.886500108242035	0.8872836440801621	0.8862684011459352	0.8839757204055787	0.884259256720543	0.8866616934537888	0.8832623064517975	0.8879848629236222	0.8840184032917022
0.0	0.0	0.0	0.0	0.0	0.0	0.0	0.0	0.0	0.0	0.0	0.0	0.0	0.0	0.0	0.0	0.0	0.0	0.0	0.0	0.0	0.9478415131568909	0.9448567599058152	0.8884269356727601	0.8872135221958161	0.8869574248790741	0.8862470597028733	0.8832501113414765	0.8893964469432831	0.8841769397258757	0.8849238902330399	0.886429986357689	0.8884665697813035	0.8870519369840622	0.8845458418130875	0.8875488877296447	0.8890610814094544	0.887399497628212	0.8887196183204651	0.8881982773542404	0.8866007179021835
0.0	0.0	0.0	0.0	0.0	0.0	0.0	0.0	0.0	0.0	0.0	0.0	0.0	0.0	0.0	0.0	0.0	0.0	0.0	0.0	0.0	0.945858588218689	0.8887927889823913	0.88585986495018	0.8883202284574508	0.8882074236869812	0.8881891310214997	0.8876799851655961	0.890259250998497	0.8880793750286102	0.8834330379962921	0.8870214492082596	0.8886007159948349	0.8870427906513214	0.886945229768753	0.8838812083005905	0.8865153521299363	0.8870580345392227	0.8865336447954177	0.8886891305446625	0.883676940202713
0.0	0.0	0.0	0.0	0.0	0.0	0.0	0.0	0.0	0.0	0.0	0.0	0.0	0.0	0.0	0.0	0.0	0.0	0.0	0.0	0.0	0.9503040543624333	0.8841616958379745	0.8849116951227188	0.8875854730606079	0.8872257173061371	0.8828995019197464	0.8857866942882537	0.8851708412170409	0.8876555949449538	0.8849818170070648	0.8855153530836105	0.8862348645925522	0.8855671823024749	0.8866952300071718	0.8867013275623321	0.8882257163524627	0.8907897382974626	0.8859848648309708	0.885323280096054	0.8885123014450074
0.0	0.0	0.0	0.0	0.0	0.0	0.0	0.0	0.0	0.0	0.0	0.0	0.0	0.0	0.0	0.0	0.0	0.0	0.0	0.0	0.0	0.8847927927970887	0.8858873039484023	0.8907653480768203	0.8869757175445557	0.8864299863576888	0.8890305936336518	0.8885183990001678	0.8891830325126648	0.8847348660230636	0.8867744982242585	0.8888781547546387	0.8879391312599182	0.8866677910089493	0.8890549838542938	0.885006207227707	0.8840763300657273	0.8859818160533904	0.8826921850442885	0.8864696204662322	0.8850397437810898
0.0	0.0	0.0	0.0	0.0	0.0	0.0	0.0	0.0	0.0	0.0	0.0	0.0	0.0	0.0	0.0	0.0	0.0	0.0	0.0	0.0	0.8870641320943832	0.8865214496850967	0.8864696204662322	0.8841068178415299	0.8896921783685684	0.8880092531442643	0.8853476703166963	0.8859116941690444	0.8877683997154235	0.8874726682901383	0.8864360839128493	0.8834940135478974	0.8889269351959229	0.8845031589269639	0.8885336428880691	0.8827440142631531	0.8873842537403106	0.8851190119981764	0.8848598659038545	0.8862379133701325
