0.0	0.0	0.0	0.0	0.0	0.0	0.0	0.0	0.0	0.0	0.0	0.0	0.0	0.0	0.0	0.0	0.0	0.0	0.0	0.0	0.0	0.9296494573354721	0.9294512867927551	0.9261738508939743	0.9324086010456085	0.9228659272193909	0.9176220297813416	0.9168750792741776	0.9350457936525345	0.9268903136253357	0.9229421466588974	0.9162348359823227	0.9226067811250687	0.9274238497018814	0.9287348240613937	0.9207470268011093	0.9228354394435883	0.9276829957962036	0.9193141013383865	0.9308537244796753	0.9252897053956985
0.0	0.0	0.0	0.0	0.0	0.0	0.0	0.0	0.0	0.0	0.0	0.0	0.0	0.0	0.0	0.0	0.0	0.0	0.0	0.0	0.0	0.9221647083759308	0.9175305664539337	0.9271647036075592	0.9246494621038437	0.9090549647808075	0.9231403172016144	0.9165092259645462	0.9216921478509903	0.9241769015789032	0.9280793368816376	0.9239634871482849	0.9270427525043488	0.924314096570015	0.9193750768899918	0.9128354489803314	0.9246037304401398	0.923368975520134	0.9234451949596405	0.9293598234653473	0.8844970613718033
0.0	0.0	0.0	0.0	0.0	0.0	0.0	0.0	0.0	0.0	0.0	0.0	0.0	0.0	0.0	0.0	0.0	0.0	0.0	0.0	0.0	0.9402896910905838	0.9291006773710251	0.9249695837497711	0.9078049659729004	0.9219817817211151	0.9234909266233444	0.9097866714000702	0.9223476350307465	0.9228506833314896	0.9260214120149612	0.929344579577446	0.9288720190525055	0.9220122694969177	0.9284909218549728	0.9156860560178757	0.9310518950223923	0.9314482361078262	0.9120580106973648	0.8960061967372894	0.8962653428316116
0.0	0.0	0.0	0.0	0.0	0.0	0.0	0.0	0.0	0.0	0.0	0.0	0.0	0.0	0.0	0.0	0.0	0.0	0.0	0.0	0.0	0.9477744400501251	0.91958849132061	0.9184451997280121	0.9346494525671005	0.9261433631181717	0.9325915277004242	0.9325000643730164	0.9236281216144562	0.927454337477684	0.9276067763566971	0.9299848228693008	0.9215092211961746	0.9267683625221252	0.9188110530376434	0.9175915420055389	0.9171799570322037	0.9152897149324417	0.9115244746208191	0.889512300491333	0.8876525461673737
0.0	0.0	0.0	0.0	0.0	0.0	0.0	0.0	0.0	0.0	0.0	0.0	0.0	0.0	0.0	0.0	0.0	0.0	0.0	0.0	0.0	0.9499543160200119	0.944832369685173	0.9298171401023865	0.9134452044963837	0.9250915348529816	0.9294512867927551	0.9238415360450745	0.9277439713478088	0.9263415336608887	0.9234299510717392	0.9215701967477798	0.9301677495241165	0.9303811639547348	0.9302134811878204	0.9188720285892487	0.9245122671127319	0.8987348526716232	0.905945211648941	0.8869360834360123	0.8885366916656494
0.0	0.0	0.0	0.0	0.0	0.0	0.0	0.0	0.0	0.0	0.0	0.0	0.0	0.0	0.0	0.0	0.0	0.0	0.0	0.0	0.0	0.9416616410017014	0.9392226189374924	0.9256708025932312	0.9209756851196289	0.9202287346124649	0.9188720285892487	0.9226372689008713	0.9208994656801224	0.9296342134475708	0.921478733420372	0.9269512891769409	0.9320427477359772	0.9201220273971558	0.915701299905777	0.9347256720066071	0.9027439951896667	0.8962653428316116	0.8864177912473679	0.8900153487920761	0.8934299796819687
0.0	0.0	0.0	0.0	0.0	0.0	0.0	0.0	0.0	0.0	0.0	0.0	0.0	0.0	0.0	0.0	0.0	0.0	0.0	0.0	0.0	0.9375457912683487	0.9392988383769989	0.937759205698967	0.9245122671127319	0.9277439713478088	0.929497018456459	0.933277502655983	0.9240397065877914	0.9187500774860382	0.9166921526193619	0.9314177483320236	0.9278049468994141	0.9193903207778931	0.9223628789186478	0.9140549600124359	0.9004269242286682	0.8823324292898178	0.8929269313812256	0.8840549886226654	0.8869055956602097
0.0	0.0	0.0	0.0	0.0	0.0	0.0	0.0	0.0	0.0	0.0	0.0	0.0	0.0	0.0	0.0	0.0	0.0	0.0	0.0	0.0	0.9417073726654053	0.9478049278259277	0.9399390816688538	0.9297866523265839	0.9234604388475418	0.9299543350934982	0.925213485956192	0.9206708073616028	0.9307622611522675	0.9233384877443314	0.9262195825576782	0.9239939749240875	0.9258537292480469	0.9047257006168365	0.9063263088464737	0.9023476541042328	0.88597571849823	0.8877897411584854	0.8860824257135391	0.8856403529644012
0.0	0.0	0.0	0.0	0.0	0.0	0.0	0.0	0.0	0.0	0.0	0.0	0.0	0.0	0.0	0.0	0.0	0.0	0.0	0.0	0.0	0.9376524984836578	0.9382317662239075	0.9405945688486099	0.9378659129142761	0.9169512987136841	0.9215092211961746	0.9224086105823517	0.9212195873260498	0.9185976386070251	0.9173323959112167	0.9204421490430832	0.9262043386697769	0.8963415622711182	0.914558008313179	0.9107470363378525	0.8991007059812546	0.8913720548152924	0.8846190124750137	0.8824543803930283	0.8876982778310776
0.0	0.0	0.0	0.0	0.0	0.0	0.0	0.0	0.0	0.0	0.0	0.0	0.0	0.0	0.0	0.0	0.0	0.0	0.0	0.0	0.0	0.9496189504861832	0.9409146904945374	0.9380335956811905	0.9390396922826767	0.9125610589981079	0.9264025092124939	0.9250000715255737	0.9189025163650513	0.9274848252534866	0.9247714132070541	0.932332381606102	0.903155580163002	0.8985214382410049	0.9046037495136261	0.9124695956707001	0.8892074227333069	0.8845732808113098	0.8878049850463867	0.8876525461673737	0.8870275467634201
0.0	0.0	0.0	0.0	0.0	0.0	0.0	0.0	0.0	0.0	0.0	0.0	0.0	0.0	0.0	0.0	0.0	0.0	0.0	0.0	0.0	0.9413720071315765	0.9387500584125519	0.9435823708772659	0.938704326748848	0.9409909099340439	0.9223933666944504	0.9298018962144852	0.9260214120149612	0.9214482456445694	0.9174391031265259	0.9015702158212662	0.9060519188642502	0.9030336290597916	0.9125458151102066	0.9066311866044998	0.878658652305603	0.881646454334259	0.8919360786676407	0.8860671818256378	0.8852440118789673
0.0	0.0	0.0	0.0	0.0	0.0	0.0	0.0	0.0	0.0	0.0	0.0	0.0	0.0	0.0	0.0	0.0	0.0	0.0	0.0	0.0	0.9440701752901077	0.9406250566244125	0.9443598091602325	0.9346799403429031	0.9348933547735214	0.9137500822544098	0.9195275157690048	0.9244512915611267	0.9278201907873154	0.9083689898252487	0.8980946093797684	0.9004726558923721	0.9099391102790833	0.9133994728326797	0.8908994942903519	0.8947561979293823	0.8887196183204651	0.8819818198680878	0.8884299844503403	0.889115959405899
0.0	0.0	0.0	0.0	0.0	0.0	0.0	0.0	0.0	0.0	0.0	0.0	0.0	0.0	0.0	0.0	0.0	0.0	0.0	0.0	0.0	0.9357927441596985	0.944283589720726	0.9400153011083603	0.9357622563838959	0.9334756731987	0.9290854334831238	0.9128202050924301	0.9225305616855621	0.919832393527031	0.8983994871377945	0.898872047662735	0.9066616743803024	0.910823255777359	0.9096342325210571	0.8924238830804825	0.8971952199935913	0.8909147381782532	0.886722669005394	0.8788415789604187	0.8885214477777481
0.0	0.0	0.0	0.0	0.0	0.0	0.0	0.0	0.0	0.0	0.0	0.0	0.0	0.0	0.0	0.0	0.0	0.0	0.0	0.0	0.0	0.9415244460105896	0.936067134141922	0.9448018819093704	0.9404421299695969	0.9460671246051788	0.9408384710550308	0.9241769015789032	0.9111586213111877	0.9043293595314026	0.9032470434904099	0.901112899184227	0.9053202122449875	0.8963110744953156	0.8835671842098236	0.8819056004285812	0.8874848634004593	0.891356810927391	0.8800153583288193	0.8853964507579803	0.8855031579732895
0.0	0.0	0.0	0.0	0.0	0.0	0.0	0.0	0.0	0.0	0.0	0.0	0.0	0.0	0.0	0.0	0.0	0.0	0.0	0.0	0.0	0.939451277256012	0.9484604150056839	0.9333842098712921	0.9366006702184677	0.9416006654500961	0.9429726153612137	0.9170732498168945	0.9090854525566101	0.9156555682420731	0.9110366702079773	0.9065244793891907	0.8987500965595245	0.8974086344242096	0.889908641576767	0.8847104758024216	0.8862196207046509	0.8855488896369934	0.8847866952419281	0.8868293762207031	0.8871647417545319
0.0	0.0	0.0	0.0	0.0	0.0	0.0	0.0	0.0	0.0	0.0	0.0	0.0	0.0	0.0	0.0	0.0	0.0	0.0	0.0	0.0	0.9347409158945084	0.9339482337236404	0.9431707859039307	0.9339634776115417	0.9370884746313095	0.9098628908395767	0.9098476469516754	0.9114025235176086	0.9083385020494461	0.9127592295408249	0.9068598449230194	0.9041464328765869	0.8854116946458817	0.8873324245214462	0.8788110911846161	0.8849696218967438	0.8843598663806915	0.8830641359090805	0.8852135241031647	0.88632632791996
0.0	0.0	0.0	0.0	0.0	0.0	0.0	0.0	0.0	0.0	0.0	0.0	0.0	0.0	0.0	0.0	0.0	0.0	0.0	0.0	0.0	0.9395274966955185	0.9405335932970047	0.9491006582975388	0.9312043339014053	0.9033842384815216	0.9068750888109207	0.9120122790336609	0.9101830124855042	0.910472646355629	0.9034604579210281	0.9060366749763489	0.9076982587575912	0.8861129134893417	0.8885976672172546	0.8815092593431473	0.8900001049041748	0.884832426905632	0.8879269361495972	0.8893751055002213	0.8819665759801865
0.0	0.0	0.0	0.0	0.0	0.0	0.0	0.0	0.0	0.0	0.0	0.0	0.0	0.0	0.0	0.0	0.0	0.0	0.0	0.0	0.0	0.9390244483947754	0.9374848157167435	0.9503963887691498	0.9073171615600586	0.9073628932237625	0.9105945974588394	0.9159147143363953	0.9103964269161224	0.9101220369338989	0.9053507000207901	0.9054574072360992	0.8822257220745087	0.8846190124750137	0.8854726701974869	0.8894665688276291	0.8938110768795013	0.8853354752063751	0.8839940130710602	0.8817074298858643	0.8858232796192169
0.0	0.0	0.0	0.0	0.0	0.0	0.0	0.0	0.0	0.0	0.0	0.0	0.0	0.0	0.0	0.0	0.0	0.0	0.0	0.0	0.0	0.9420274943113327	0.9408537149429321	0.9156860560178757	0.9080183804035187	0.905792772769928	0.9099391102790833	0.921280562877655	0.9191006869077682	0.9064482599496841	0.9100000858306885	0.9080945998430252	0.8809604793787003	0.8839787691831589	0.8875001072883606	0.8839635252952576	0.8898476660251617	0.8847409635782242	0.8878507167100906	0.8892074227333069	0.884481817483902
0.0	0.0	0.0	0.0	0.0	0.0	0.0	0.0	0.0	0.0	0.0	0.0	0.0	0.0	0.0	0.0	0.0	0.0	0.0	0.0	0.0	0.9464177340269089	0.905198261141777	0.9144665449857712	0.9123324006795883	0.9154878854751587	0.901859849691391	0.9033232629299164	0.9090244770050049	0.908186063170433	0.9105793535709381	0.8892988860607147	0.8792226761579514	0.8894360810518265	0.8878964483737946	0.8845885246992111	0.889908641576767	0.8857927918434143	0.8824543803930283	0.8864330351352692	0.8890702277421951
0.0	0.0	0.0	0.0	0.0	0.0	0.0	0.0	0.0	0.0	0.0	0.0	0.0	0.0	0.0	0.0	0.0	0.0	0.0	0.0	0.0	0.9111586213111877	0.9106098413467407	0.9092683792114258	0.9076982587575912	0.9065092355012894	0.9084452092647552	0.9142226427793503	0.9087043553590775	0.9113872796297073	0.9111281335353851	0.8853202313184738	0.8794818222522736	0.8862958401441574	0.8792988955974579	0.8902897387742996	0.8901830315589905	0.8895427882671356	0.8847866952419281	0.8955488801002502	0.8826830387115479
0.0	0.0	0.0	0.0	0.0	0.0	0.0	0.0	0.0	0.0	0.0	0.0	0.0	0.0	0.0	0.0	0.0	0.0	0.0	0.0	0.0	0.9011433869600296	0.9036586284637451	0.9014787524938583	0.9178659319877625	0.9037805795669556	0.9075458198785782	0.9117531329393387	0.9185671508312225	0.9103811830282211	0.8859147429466248	0.8785671889781952	0.8970885127782822	0.8836738914251328	0.8840245008468628	0.8869818150997162	0.8929116874933243	0.8903659582138062	0.8754574358463287	0.8887805938720703	0.8918903470039368
0.0	0.0	0.0	0.0	0.0	0.0	0.0	0.0	0.0	0.0	0.0	0.0	0.0	0.0	0.0	0.0	0.0	0.0	0.0	0.0	0.0	0.9046189934015274	0.9080641120672226	0.9109756946563721	0.9176372736692429	0.9084756970405579	0.9074696004390717	0.9069055765867233	0.9041769206523895	0.906737893819809	0.8836434036493301	0.8879421800374985	0.8832623064517975	0.8811281621456146	0.8852440118789673	0.8857013285160065	0.8893293738365173	0.8907013237476349	0.8901372998952866	0.8806251138448715	0.8771190196275711
0.0	0.0	0.0	0.0	0.0	0.0	0.0	0.0	0.0	0.0	0.0	0.0	0.0	0.0	0.0	0.0	0.0	0.0	0.0	0.0	0.0	0.907439112663269	0.909527525305748	0.9134452044963837	0.9112500846385956	0.9104116708040237	0.9240092188119888	0.9089939892292023	0.91515251994133	0.8876830339431763	0.892301931977272	0.8910519331693649	0.8783537745475769	0.8902287632226944	0.8800763338804245	0.8834452331066132	0.8882013261318207	0.8829726725816727	0.8884757161140442	0.8832927942276001	0.8922714442014694
0.0	0.0	0.0	0.0	0.0	0.0	0.0	0.0	0.0	0.0	0.0	0.0	0.0	0.0	0.0	0.0	0.0	0.0	0.0	0.0	0.0	0.9104878902435303	0.9070732593536377	0.910670816898346	0.9042378962039948	0.9191921502351761	0.9110366702079773	0.9107622802257538	0.9125000834465027	0.8911738842725754	0.8835519403219223	0.8881403505802155	0.8882775455713272	0.8885062038898468	0.8882927894592285	0.8810671865940094	0.8829421848058701	0.8886738866567612	0.8918751031160355	0.8924391269683838	0.8830184042453766
0.0	0.0	0.0	0.0	0.0	0.0	0.0	0.0	0.0	0.0	0.0	0.0	0.0	0.0	0.0	0.0	0.0	0.0	0.0	0.0	0.0	0.9078202098608017	0.9161891043186188	0.9086891114711761	0.9171494692564011	0.915899470448494	0.9084604531526566	0.9160671532154083	0.8930793702602386	0.8807927966117859	0.8801830410957336	0.8881251066923141	0.890259250998497	0.881448283791542	0.8934147357940674	0.8825458437204361	0.8819665759801865	0.8867836445569992	0.8890854716300964	0.8825153559446335	0.8864025473594666
0.0	0.0	0.0	0.0	0.0	0.0	0.0	0.0	0.0	0.0	0.0	0.0	0.0	0.0	0.0	0.0	0.0	0.0	0.0	0.0	0.0	0.9147256910800934	0.9150915443897247	0.9073933809995651	0.9215092211961746	0.9117531329393387	0.917347639799118	0.9146799594163895	0.8873629122972488	0.8902440071105957	0.8939330279827118	0.8885976672172546	0.8866312056779861	0.8832013309001923	0.8842379152774811	0.8883537650108337	0.8991007059812546	0.8865854740142822	0.8907013237476349	0.8892683982849121	0.888414740562439
0.0	0.0	0.0	0.0	0.0	0.0	0.0	0.0	0.0	0.0	0.0	0.0	0.0	0.0	0.0	0.0	0.0	0.0	0.0	0.0	0.0	0.9122866690158844	0.9126220345497131	0.9089939892292023	0.9101677685976028	0.9117226451635361	0.9073324054479599	0.8869970589876175	0.8942379057407379	0.8788873106241226	0.8850001096725464	0.883887305855751	0.8806251138448715	0.8876830339431763	0.8840245008468628	0.8861129134893417	0.8778507262468338	0.873826339840889	0.8825458437204361	0.8938720524311066	0.887073278427124
0.0	0.0	0.0	0.0	0.0	0.0	0.0	0.0	0.0	0.0	0.0	0.0	0.0	0.0	0.0	0.0	0.0	0.0	0.0	0.0	0.0	0.9125610589981079	0.9116311818361282	0.9121342301368713	0.9152592271566391	0.9101372808218002	0.906692162156105	0.8946647346019745	0.8882775455713272	0.887820228934288	0.8837501108646393	0.8874391317367554	0.8869665712118149	0.885381206870079	0.8846647441387177	0.8803659677505493	0.892103761434555	0.8890244960784912	0.8912958353757858	0.8888110816478729	0.8855488896369934
0.0	0.0	0.0	0.0	0.0	0.0	0.0	0.0	0.0	0.0	0.0	0.0	0.0	0.0	0.0	0.0	0.0	0.0	0.0	0.0	0.0	0.910625085234642	0.9245275110006332	0.9039635062217712	0.9132013022899628	0.9091769158840179	0.8876982778310776	0.8972257077693939	0.8860214501619339	0.8830641359090805	0.8817684054374695	0.8856403529644012	0.8935519307851791	0.8888415694236755	0.8870427906513214	0.8870427906513214	0.8883537650108337	0.889115959405899	0.8866769373416901	0.8931555896997452	0.8978202193975449
0.0	0.0	0.0	0.0	0.0	0.0	0.0	0.0	0.0	0.0	0.0	0.0	0.0	0.0	0.0	0.0	0.0	0.0	0.0	0.0	0.0	0.9155488610267639	0.907637283205986	0.9183080047369003	0.9021189957857132	0.9057775288820267	0.8837196230888367	0.8948781490325928	0.8834909647703171	0.8894055932760239	0.8876525461673737	0.8880793750286102	0.8890702277421951	0.8900153487920761	0.8886738866567612	0.8872866928577423	0.8842684030532837	0.8811891376972198	0.8842074275016785	0.8792684078216553	0.8779421895742416
0.0	0.0	0.0	0.0	0.0	0.0	0.0	0.0	0.0	0.0	0.0	0.0	0.0	0.0	0.0	0.0	0.0	0.0	0.0	0.0	0.0	0.9060519188642502	0.9089482575654984	0.9116464257240295	0.9193445891141891	0.8853507190942764	0.8840702325105667	0.886920839548111	0.8889330327510834	0.8820580393075943	0.8873019367456436	0.8784452378749847	0.8815092593431473	0.8905946165323257	0.8816616982221603	0.8849238902330399	0.8893903493881226	0.8882623016834259	0.8873171806335449	0.8884299844503403	0.8848781585693359
0.0	0.0	0.0	0.0	0.0	0.0	0.0	0.0	0.0	0.0	0.0	0.0	0.0	0.0	0.0	0.0	0.0	0.0	0.0	0.0	0.0	0.9105793535709381	0.9165549576282501	0.9213720262050629	0.9177897125482559	0.8855031579732895	0.8929116874933243	0.8878964483737946	0.8879574239253998	0.8916464447975159	0.893994003534317	0.8917379081249237	0.8836129158735275	0.8906708359718323	0.8881251066923141	0.8873629122972488	0.8896799832582474	0.8888873010873795	0.8821495026350021	0.8807775527238846	0.8915397375822067
0.0	0.0	0.0	0.0	0.0	0.0	0.0	0.0	0.0	0.0	0.0	0.0	0.0	0.0	0.0	0.0	0.0	0.0	0.0	0.0	0.0	0.9188110530376434	0.9232012927532196	0.9107013046741486	0.8847714513540268	0.8808385282754898	0.8832318186759949	0.8832623064517975	0.8897562026977539	0.8899543732404709	0.8780488967895508	0.8917683959007263	0.8809604793787003	0.8872562050819397	0.8819665759801865	0.8886281549930573	0.8898019343614578	0.8839177936315536	0.8883080333471298	0.8873324245214462	0.8910519331693649
0.0	0.0	0.0	0.0	0.0	0.0	0.0	0.0	0.0	0.0	0.0	0.0	0.0	0.0	0.0	0.0	0.0	0.0	0.0	0.0	0.0	0.9079421609640121	0.917393371462822	0.9148781299591064	0.8801373094320297	0.890457421541214	0.882042795419693	0.8882623016834259	0.8904879093170166	0.890609860420227	0.891600713133812	0.8827592581510544	0.8909147381782532	0.8931403458118439	0.8889787644147873	0.88597571849823	0.8800458461046219	0.8931555896997452	0.8939177840948105	0.8846495002508163	0.8811586499214172
0.0	0.0	0.0	0.0	0.0	0.0	0.0	0.0	0.0	0.0	0.0	0.0	0.0	0.0	0.0	0.0	0.0	0.0	0.0	0.0	0.0	0.9131250828504562	0.9085061848163605	0.8878659605979919	0.8812196254730225	0.8879269361495972	0.894390344619751	0.8889330327510834	0.8838263303041458	0.8890244960784912	0.8910671770572662	0.8867836445569992	0.8905641287565231	0.8933690041303635	0.8856251090764999	0.8803659677505493	0.8885519355535507	0.8874391317367554	0.8809604793787003	0.886128157377243	0.8883842527866364
0.0	0.0	0.0	0.0	0.0	0.0	0.0	0.0	0.0	0.0	0.0	0.0	0.0	0.0	0.0	0.0	0.0	0.0	0.0	0.0	0.0	0.9124695956707001	0.9077439904212952	0.8834757208824158	0.8890244960784912	0.8814635276794434	0.8897562026977539	0.8815245032310486	0.8908232748508453	0.8829726725816727	0.8865702301263809	0.885579377412796	0.8810214549303055	0.8899696171283722	0.8797562122344971	0.891951322555542	0.8894665688276291	0.8912653475999832	0.8886891305446625	0.8902440071105957	0.8864635229110718
0.0	0.0	0.0	0.0	0.0	0.0	0.0	0.0	0.0	0.0	0.0	0.0	0.0	0.0	0.0	0.0	0.0	0.0	0.0	0.0	0.0	0.917545810341835	0.8879879117012024	0.8873476684093475	0.8880336433649063	0.8892226666212082	0.8808232843875885	0.891356810927391	0.8951982706785202	0.8906251043081284	0.880899503827095	0.8813263326883316	0.8825305998325348	0.8817531615495682	0.8836738914251328	0.8787196278572083	0.8857623040676117	0.892347663640976	0.881097674369812	0.8844970613718033	0.887469619512558
0.0	0.0	0.0	0.0	0.0	0.0	0.0	0.0	0.0	0.0	0.0	0.0	0.0	0.0	0.0	0.0	0.0	0.0	0.0	0.0	0.0	0.920929953455925	0.8714330494403839	0.8868903517723083	0.8931403458118439	0.8836738914251328	0.8810824304819107	0.8777897506952286	0.8879879117012024	0.8901372998952866	0.8916921764612198	0.8896494954824448	0.8886281549930573	0.8902135193347931	0.8885062038898468	0.8900763243436813	0.8872104734182358	0.8883080333471298	0.8860976696014404	0.8844360858201981	0.8883537650108337
0.0	0.0	0.0	0.0	0.0	0.0	0.0	0.0	0.0	0.0	0.0	0.0	0.0	0.0	0.0	0.0	0.0	0.0	0.0	0.0	0.0	0.8815702348947525	0.8834909647703171	0.8940092474222183	0.892301931977272	0.8860671818256378	0.8904421776533127	0.8852592557668686	0.8848934024572372	0.8894970566034317	0.8909299820661545	0.8878507167100906	0.8873781561851501	0.8890549838542938	0.8834604769945145	0.8840245008468628	0.8844360858201981	0.8835214525461197	0.8813110888004303	0.8834909647703171	0.8864940106868744
0.0	0.0	0.0	0.0	0.0	0.0	0.0	0.0	0.0	0.0	0.0	0.0	0.0	0.0	0.0	0.0	0.0	0.0	0.0	0.0	0.0	0.8804726749658585	0.8840397447347641	0.8754879236221313	0.8847714513540268	0.8953964412212372	0.8882318139076233	0.8828507214784622	0.8857318162918091	0.884679988026619	0.8979726582765579	0.8898476660251617	0.8842531591653824	0.8926525413990021	0.8838110864162445	0.8828049898147583	0.8829726725816727	0.8853964507579803	0.8844970613718033	0.8829726725816727	0.8873019367456436
