0.0009765625	0.962314453125	0.96150390625	0.964541015625	0.96421875	0.964130859375	0.9641796875	0.9633203125	0.96314453125	0.9651953125	0.963623046875	0.963251953125	0.96302734375	0.961884765625	0.964189453125	0.96240234375	0.964853515625	0.964208984375	0.9633203125	0.964150390625	0.96310546875	0.964521484375	0.963779296875	0.963701171875	0.96447265625	0.963466796875	0.9633984375	0.964814453125	0.962998046875	0.96306640625	0.96333984375	0.961376953125	0.962783203125	0.96705078125	0.963173828125	0.9643359375	0.963671875	0.964384765625	0.962412109375	0.96638671875	0.963203125
0.0009765625	0.543046875	0.96314453125	0.964111328125	0.96349609375	0.96294921875	0.962841796875	0.9621484375	0.96544921875	0.963984375	0.96267578125	0.964443359375	0.962978515625	0.963662109375	0.964111328125	0.962060546875	0.9648046875	0.9658203125	0.962216796875	0.962880859375	0.964345703125	0.962626953125	0.96267578125	0.963876953125	0.96447265625	0.9640625	0.96240234375	0.964921875	0.964228515625	0.964140625	0.96294921875	0.9651171875	0.96333984375	0.96326171875	0.962236328125	0.963583984375	0.962841796875	0.96513671875	0.963759765625	0.965302734375	0.962998046875
0.0009765625	0.2296875	0.601318359375	0.962646484375	0.96369140625	0.965546875	0.962431640625	0.961904296875	0.964052734375	0.9638671875	0.963115234375	0.962607421875	0.9629296875	0.963583984375	0.96365234375	0.962265625	0.961748046875	0.96240234375	0.9632421875	0.963466796875	0.9652734375	0.962607421875	0.96390625	0.962568359375	0.96263671875	0.96171875	0.962626953125	0.963505859375	0.9632421875	0.96224609375	0.962900390625	0.964677734375	0.964033203125	0.9619921875	0.9629296875	0.9658984375	0.9630859375	0.9640625	0.962548828125	0.962197265625	0.96173828125
0.0009765625	0.17912109375	0.488291015625	0.626748046875	0.96248046875	0.9634765625	0.964912109375	0.961748046875	0.966064453125	0.96427734375	0.9627734375	0.962734375	0.962890625	0.96306640625	0.961611328125	0.963623046875	0.962216796875	0.9637890625	0.9619140625	0.96470703125	0.963251953125	0.96279296875	0.963466796875	0.96421875	0.963359375	0.96330078125	0.965068359375	0.96427734375	0.962978515625	0.96443359375	0.963681640625	0.963154296875	0.964541015625	0.964384765625	0.963740234375	0.96263671875	0.962880859375	0.96525390625	0.9629296875	0.96478515625	0.965205078125
0.0009765625	0.031953125	0.254716796875	0.520751953125	0.6478125	0.962421875	0.96380859375	0.964306640625	0.965244140625	0.964248046875	0.962646484375	0.96185546875	0.96494140625	0.964912109375	0.96208984375	0.9641015625	0.962275390625	0.96236328125	0.963662109375	0.963046875	0.96455078125	0.96369140625	0.963994140625	0.9631640625	0.966396484375	0.96498046875	0.963984375	0.96412109375	0.96419921875	0.96388671875	0.962900390625	0.963505859375	0.96404296875	0.96357421875	0.964658203125	0.96375	0.96400390625	0.963056640625	0.96396484375	0.964228515625	0.964189453125
0.0009765625	0.020380859375	0.21623046875	0.34216796875	0.599482421875	0.63951171875	0.962841796875	0.964267578125	0.964658203125	0.96291015625	0.96486328125	0.9658984375	0.96287109375	0.96392578125	0.963544921875	0.965	0.9643359375	0.962177734375	0.96310546875	0.961748046875	0.963525390625	0.966162109375	0.963447265625	0.9644140625	0.962099609375	0.962587890625	0.9642578125	0.963515625	0.964296875	0.963203125	0.96080078125	0.964365234375	0.962626953125	0.96400390625	0.96412109375	0.963603515625	0.963134765625	0.964306640625	0.96373046875	0.965068359375	0.9628515625
0.0009765625	0.015888671875	0.202802734375	0.262431640625	0.51126953125	0.638359375	0.687783203125	0.96345703125	0.963466796875	0.963701171875	0.96224609375	0.96462890625	0.963837890625	0.96216796875	0.965673828125	0.9626171875	0.964638671875	0.96453125	0.96392578125	0.965205078125	0.9647265625	0.963505859375	0.96390625	0.963515625	0.965556640625	0.964775390625	0.9639453125	0.963916015625	0.964384765625	0.96578125	0.964150390625	0.96396484375	0.964306640625	0.9646484375	0.963828125	0.96529296875	0.9646484375	0.963701171875	0.9632421875	0.963818359375	0.9630078125
0.0009765625	0.01392578125	0.0748046875	0.25916015625	0.3491015625	0.54154296875	0.66509765625	0.80826171875	0.96421875	0.962841796875	0.964384765625	0.96353515625	0.96298828125	0.964873046875	0.964111328125	0.9627734375	0.965703125	0.963701171875	0.961904296875	0.961533203125	0.96466796875	0.96353515625	0.9638671875	0.9615234375	0.963505859375	0.962216796875	0.96431640625	0.9618359375	0.96294921875	0.964287109375	0.96296875	0.962216796875	0.9640625	0.963779296875	0.962041015625	0.961533203125	0.965234375	0.96349609375	0.96279296875	0.963623046875	0.963203125
0.0009765625	0.009443359375	0.04326171875	0.219375	0.272041015625	0.378544921875	0.55701171875	0.682822265625	0.709755859375	0.96337890625	0.964765625	0.96265625	0.96517578125	0.965302734375	0.9635546875	0.964248046875	0.96431640625	0.963876953125	0.963642578125	0.963447265625	0.965322265625	0.962470703125	0.96177734375	0.9640625	0.96341796875	0.964638671875	0.963759765625	0.96236328125	0.96390625	0.963525390625	0.96322265625	0.9632421875	0.96361328125	0.9615234375	0.9641796875	0.9631640625	0.96337890625	0.963759765625	0.963173828125	0.962919921875	0.965009765625
0.0009765625	0.004755859375	0.0399609375	0.08130859375	0.267734375	0.353779296875	0.395546875	0.636884765625	0.70509765625	0.740126953125	0.964150390625	0.963173828125	0.964326171875	0.964169921875	0.962568359375	0.96408203125	0.964658203125	0.963369140625	0.963369140625	0.965068359375	0.9641015625	0.9634765625	0.962900390625	0.96396484375	0.963896484375	0.964150390625	0.964658203125	0.963193359375	0.963193359375	0.966064453125	0.96390625	0.964736328125	0.96189453125	0.962392578125	0.964013671875	0.961640625	0.963798828125	0.9625390625	0.96349609375	0.96390625	0.96203125
0.0009765625	0.005771484375	0.025185546875	0.08455078125	0.2343359375	0.2825	0.373193359375	0.5583984375	0.64849609375	0.723798828125	0.73990234375	0.963203125	0.963115234375	0.963388671875	0.963759765625	0.962763671875	0.964970703125	0.96294921875	0.963583984375	0.963798828125	0.96236328125	0.964921875	0.964384765625	0.964091796875	0.962548828125	0.963759765625	0.964755859375	0.96490234375	0.96376953125	0.964130859375	0.96328125	0.966025390625	0.963232421875	0.964755859375	0.96396484375	0.962666015625	0.964345703125	0.962353515625	0.9650390625	0.964306640625	0.96505859375
0.0009765625	0.005205078125	0.02529296875	0.08486328125	0.223603515625	0.27892578125	0.359296875	0.40689453125	0.58009765625	0.692587890625	0.73236328125	0.77271484375	0.9641796875	0.962841796875	0.9630078125	0.9650390625	0.96166015625	0.96525390625	0.963115234375	0.96345703125	0.9646875	0.96333984375	0.96146484375	0.962587890625	0.96216796875	0.9650390625	0.96203125	0.96359375	0.9630859375	0.9641015625	0.963173828125	0.96392578125	0.964384765625	0.962705078125	0.963408203125	0.96287109375	0.9624609375	0.965146484375	0.96439453125	0.9628515625	0.96296875
0.0009765625	0.0058984375	0.02666015625	0.049638671875	0.220771484375	0.268271484375	0.293623046875	0.380830078125	0.56091796875	0.649619140625	0.7003125	0.76140625	0.7822265625	0.962119140625	0.963798828125	0.963134765625	0.9640234375	0.964501953125	0.96318359375	0.963544921875	0.96208984375	0.96623046875	0.96341796875	0.962802734375	0.964775390625	0.96333984375	0.9627734375	0.96408203125	0.96412109375	0.96400390625	0.962626953125	0.9634765625	0.963466796875	0.963525390625	0.96171875	0.964794921875	0.962197265625	0.963779296875	0.964755859375	0.9637109375	0.964267578125
0.0009765625	0.00453125	0.0199609375	0.04197265625	0.098701171875	0.241015625	0.291455078125	0.370703125	0.409443359375	0.57904296875	0.66984375	0.737119140625	0.7713671875	0.789423828125	0.963994140625	0.964150390625	0.96478515625	0.9634375	0.9639453125	0.962939453125	0.96546875	0.963818359375	0.963759765625	0.962900390625	0.963974609375	0.962001953125	0.9649609375	0.962314453125	0.96287109375	0.964052734375	0.965341796875	0.96462890625	0.96490234375	0.964970703125	0.96201171875	0.96333984375	0.964453125	0.961884765625	0.96275390625	0.96357421875	0.963759765625
0.0009765625	0.0048828125	0.02041015625	0.048837890625	0.09919921875	0.236591796875	0.281005859375	0.31474609375	0.387939453125	0.429384765625	0.594326171875	0.68990234375	0.7537109375	0.789462890625	0.961103515625	0.961591796875	0.96208984375	0.965439453125	0.9621484375	0.964375	0.964697265625	0.96447265625	0.96427734375	0.963798828125	0.9615625	0.962177734375	0.963447265625	0.964580078125	0.9642578125	0.96361328125	0.963193359375	0.963720703125	0.96353515625	0.964326171875	0.96310546875	0.966044921875	0.964384765625	0.964033203125	0.965107421875	0.9644140625	0.96283203125
0.0009765625	0.00380859375	0.013876953125	0.035126953125	0.094697265625	0.110283203125	0.250615234375	0.301611328125	0.379033203125	0.40373046875	0.439873046875	0.6184765625	0.70228515625	0.7676171875	0.838818359375	0.897978515625	0.9635546875	0.96365234375	0.964189453125	0.963330078125	0.9656640625	0.963876953125	0.964052734375	0.9629296875	0.963564453125	0.9625390625	0.96328125	0.96388671875	0.965498046875	0.964150390625	0.96525390625	0.964541015625	0.96466796875	0.964423828125	0.964306640625	0.96310546875	0.96390625	0.96302734375	0.962880859375	0.9631640625	0.961357421875
0.0009765625	0.003662109375	0.011728515625	0.035087890625	0.06119140625	0.1096484375	0.24236328125	0.29427734375	0.312060546875	0.396513671875	0.438515625	0.602236328125	0.63568359375	0.737822265625	0.8058984375	0.883671875	0.936904296875	0.964248046875	0.963115234375	0.962783203125	0.963837890625	0.963837890625	0.96291015625	0.963076171875	0.965009765625	0.963720703125	0.963505859375	0.96455078125	0.963974609375	0.963623046875	0.963759765625	0.9632421875	0.963095703125	0.964423828125	0.9648046875	0.96353515625	0.9646875	0.96283203125	0.96525390625	0.962548828125	0.963173828125
0.0009765625	0.003671875	0.0123046875	0.034169921875	0.057265625	0.11123046875	0.240771484375	0.279912109375	0.308701171875	0.385927734375	0.41296875	0.453935546875	0.621298828125	0.7016796875	0.77912109375	0.848388671875	0.93111328125	0.9442578125	0.964384765625	0.9640234375	0.964423828125	0.963212890625	0.962314453125	0.9630859375	0.9633203125	0.963623046875	0.96416015625	0.96171875	0.9634375	0.964716796875	0.9629296875	0.96455078125	0.963720703125	0.9640625	0.96494140625	0.92646484375	0.963984375	0.963740234375	0.963955078125	0.9657421875	0.96359375
0.0009765625	0.00359375	0.009697265625	0.0269140625	0.057060546875	0.105263671875	0.1228515625	0.25783203125	0.3025	0.322001953125	0.403330078125	0.449052734375	0.4741796875	0.638359375	0.740361328125	0.816142578125	0.91953125	0.94427734375	0.947421875	0.961826171875	0.962939453125	0.96546875	0.964951171875	0.964169921875	0.96453125	0.9633203125	0.96302734375	0.9641796875	0.965419921875	0.963896484375	0.9623828125	0.963994140625	0.962412109375	0.963388671875	0.964541015625	0.962900390625	0.964384765625	0.9638671875	0.9641015625	0.961484375	0.963857421875
0.0009765625	0.003046875	0.009814453125	0.02443359375	0.058662109375	0.1022265625	0.12162109375	0.251318359375	0.292509765625	0.318515625	0.39451171875	0.429150390625	0.466376953125	0.62669921875	0.674072265625	0.771904296875	0.88373046875	0.936943359375	0.946923828125	0.961376953125	0.96349609375	0.963876953125	0.96478515625	0.96416015625	0.9637109375	0.96384765625	0.964873046875	0.96298828125	0.963583984375	0.96484375	0.962890625	0.965634765625	0.964287109375	0.965634765625	0.964814453125	0.965234375	0.96298828125	0.96232421875	0.96138671875	0.963955078125	0.96365234375
0.0009765625	0.00345703125	0.007802734375	0.026025390625	0.04154296875	0.06658203125	0.1198046875	0.243798828125	0.263369140625	0.313642578125	0.325625	0.41169921875	0.434111328125	0.478125	0.661796875	0.691533203125	0.80890625	0.932548828125	0.946259765625	0.9465234375	0.9470703125	0.963623046875	0.963095703125	0.963427734375	0.96408203125	0.962548828125	0.963515625	0.96537109375	0.96326171875	0.96447265625	0.96291015625	0.963076171875	0.962158203125	0.962705078125	0.96408203125	0.964443359375	0.962333984375	0.96580078125	0.96419921875	0.963935546875	0.96185546875
0.0009765625	0.00248046875	0.009326171875	0.020537109375	0.043759765625	0.068125	0.114267578125	0.13279296875	0.26255859375	0.302275390625	0.326240234375	0.410625	0.425078125	0.47509765625	0.5180859375	0.69337890625	0.8186328125	0.907373046875	0.941669921875	0.947080078125	0.948681640625	0.952607421875	0.9628515625	0.962939453125	0.963203125	0.96271484375	0.962958984375	0.963046875	0.96462890625	0.96458984375	0.963603515625	0.964091796875	0.964091796875	0.96396484375	0.9633984375	0.9640625	0.965712890625	0.96435546875	0.9642578125	0.96384765625	0.96451171875
0.0009765625	0.002666015625	0.008720703125	0.019931640625	0.04259765625	0.067802734375	0.1107421875	0.13232421875	0.251572265625	0.29921875	0.319736328125	0.343349609375	0.420302734375	0.45224609375	0.53400390625	0.710146484375	0.79521484375	0.87046875	0.937099609375	0.946513671875	0.948857421875	0.95248046875	0.9537890625	0.964423828125	0.962861328125	0.965205078125	0.964169921875	0.963623046875	0.964287109375	0.963466796875	0.964716796875	0.9629296875	0.96595703125	0.964453125	0.96466796875	0.9641015625	0.963115234375	0.964384765625	0.964453125	0.962509765625	0.962099609375
0.0009765625	0.002578125	0.007626953125	0.021201171875	0.041123046875	0.0649609375	0.112138671875	0.128017578125	0.2510546875	0.272685546875	0.303837890625	0.341875	0.420380859375	0.47443359375	0.595966796875	0.66828125	0.794521484375	0.846240234375	0.91576171875	0.9419140625	0.949423828125	0.950576171875	0.953759765625	0.954375	0.964677734375	0.964326171875	0.964072265625	0.962197265625	0.963369140625	0.964296875	0.963427734375	0.96337890625	0.9637109375	0.96357421875	0.965185546875	0.9648046875	0.962275390625	0.963369140625	0.963662109375	0.963134765625	0.96533203125
0.0009765625	0.002421875	0.007890625	0.016845703125	0.042099609375	0.06580078125	0.0795703125	0.1288671875	0.248408203125	0.268330078125	0.30466796875	0.342734375	0.354228515625	0.5725390625	0.640029296875	0.69263671875	0.7903125	0.858955078125	0.91521484375	0.94208984375	0.946025390625	0.9495703125	0.95349609375	0.95365234375	0.95279296875	0.964072265625	0.962607421875	0.962666015625	0.963876953125	0.963359375	0.96087890625	0.963955078125	0.96478515625	0.9643359375	0.963330078125	0.96556640625	0.9622265625	0.962568359375	0.964140625	0.964140625	0.96138671875
0.0009765625	0.002373046875	0.007021484375	0.017041015625	0.032998046875	0.049189453125	0.077841796875	0.122919921875	0.138232421875	0.2624609375	0.27912109375	0.334345703125	0.522421875	0.6173046875	0.68150390625	0.700166015625	0.78443359375	0.862958984375	0.8959375	0.934990234375	0.94548828125	0.948740234375	0.951767578125	0.952109375	0.95408203125	0.95501953125	0.963037109375	0.9646875	0.962900390625	0.963544921875	0.964248046875	0.96431640625	0.965576171875	0.962744140625	0.962783203125	0.964658203125	0.962763671875	0.962666015625	0.96513671875	0.963544921875	0.963115234375
0.0009765625	0.002138671875	0.007548828125	0.01806640625	0.033056640625	0.0489453125	0.0773046875	0.124326171875	0.13931640625	0.26162109375	0.277822265625	0.593466796875	0.62630859375	0.642587890625	0.758671875	0.77693359375	0.79017578125	0.78375	0.891943359375	0.9283984375	0.94072265625	0.94943359375	0.952451171875	0.95330078125	0.953447265625	0.953408203125	0.953095703125	0.96328125	0.962744140625	0.96501953125	0.963720703125	0.9621484375	0.9643359375	0.96234375	0.963759765625	0.9618359375	0.9625	0.964912109375	0.964716796875	0.965830078125	0.9631640625
0.0009765625	0.0021875	0.007255859375	0.016064453125	0.0336328125	0.0494140625	0.076201171875	0.12203125	0.13734375	0.153193359375	0.60767578125	0.64708984375	0.657841796875	0.691689453125	0.774228515625	0.783466796875	0.796669921875	0.8252734375	0.86224609375	0.922841796875	0.932294921875	0.946240234375	0.9487109375	0.952861328125	0.953095703125	0.95201171875	0.95310546875	0.951142578125	0.963935546875	0.964482421875	0.9639453125	0.96380859375	0.966005859375	0.963056640625	0.964794921875	0.964140625	0.964833984375	0.965693359375	0.965283203125	0.960107421875	0.963740234375
0.0009765625	0.00232421875	0.007197265625	0.01486328125	0.03302734375	0.04869140625	0.075556640625	0.0882421875	0.135986328125	0.169599609375	0.619111328125	0.6626953125	0.65525390625	0.697119140625	0.76767578125	0.78951171875	0.805078125	0.824404296875	0.86306640625	0.92078125	0.9312109375	0.944130859375	0.947783203125	0.9514453125	0.951533203125	0.953134765625	0.95291015625	0.955146484375	0.96189453125	0.96318359375	0.925390625	0.9638671875	0.96345703125	0.964501953125	0.965068359375	0.963095703125	0.960771484375	0.965751953125	0.96462890625	0.963408203125	0.96388671875
0.0009765625	0.0023828125	0.006845703125	0.01619140625	0.028759765625	0.048984375	0.075546875	0.08681640625	0.226318359375	0.3657421875	0.618037109375	0.670830078125	0.6977734375	0.7158203125	0.784609375	0.799326171875	0.817099609375	0.827451171875	0.861337890625	0.869716796875	0.928486328125	0.937802734375	0.946650390625	0.9475390625	0.95306640625	0.953916015625	0.9137109375	0.953232421875	0.952509765625	0.953896484375	0.96431640625	0.963173828125	0.96228515625	0.9645703125	0.9634765625	0.964208984375	0.963623046875	0.962392578125	0.96326171875	0.96576171875	0.96349609375
0.0009765625	0.0021875	0.006865234375	0.0150390625	0.02806640625	0.03955078125	0.058642578125	0.098310546875	0.323779296875	0.366181640625	0.370830078125	0.683583984375	0.694033203125	0.719130859375	0.787333984375	0.795322265625	0.821748046875	0.8519921875	0.862431640625	0.86685546875	0.86962890625	0.936689453125	0.94017578125	0.94822265625	0.952060546875	0.953330078125	0.954189453125	0.9530859375	0.952265625	0.95435546875	0.952314453125	0.964814453125	0.964306640625	0.964921875	0.9640625	0.9633984375	0.96185546875	0.9623828125	0.962998046875	0.965693359375	0.96396484375
0.0009765625	0.002646484375	0.007724609375	0.015146484375	0.026806640625	0.040107421875	0.059189453125	0.2251171875	0.32619140625	0.3696875	0.38755859375	0.6894140625	0.699638671875	0.7286328125	0.795126953125	0.8071875	0.827470703125	0.8558984375	0.865625	0.86990234375	0.867861328125	0.9334375	0.9379296875	0.940947265625	0.95265625	0.951923828125	0.953447265625	0.953017578125	0.95353515625	0.954541015625	0.95486328125	0.951845703125	0.964521484375	0.9646484375	0.96291015625	0.963603515625	0.964560546875	0.961220703125	0.962431640625	0.962294921875	0.96421875
0.0009765625	0.002353515625	0.007841796875	0.0152734375	0.024794921875	0.039677734375	0.15677734375	0.227939453125	0.24865234375	0.37205078125	0.3925	0.695400390625	0.705576171875	0.72904296875	0.79859375	0.8111328125	0.834794921875	0.8558984375	0.862138671875	0.865947265625	0.87013671875	0.87091796875	0.93650390625	0.93974609375	0.940107421875	0.95240234375	0.95271484375	0.952890625	0.953798828125	0.952626953125	0.955283203125	0.954814453125	0.95501953125	0.961943359375	0.961513671875	0.9622265625	0.963642578125	0.96173828125	0.965166015625	0.962177734375	0.963623046875
0.0009765625	0.002470703125	0.00771484375	0.0147265625	0.024814453125	0.106181640625	0.16021484375	0.234765625	0.252314453125	0.374619140625	0.395673828125	0.700009765625	0.719150390625	0.727568359375	0.811904296875	0.81556640625	0.837646484375	0.8596484375	0.860556640625	0.867705078125	0.86912109375	0.873017578125	0.936162109375	0.938876953125	0.9407421875	0.952265625	0.953134765625	0.953388671875	0.953173828125	0.951884765625	0.954638671875	0.951474609375	0.952119140625	0.96208984375	0.963310546875	0.964677734375	0.963369140625	0.963681640625	0.964736328125	0.96361328125	0.961162109375
0.0009765625	0.0023828125	0.0078125	0.01400390625	0.024345703125	0.106142578125	0.163125	0.237265625	0.25404296875	0.3791796875	0.39869140625	0.445361328125	0.725537109375	0.736298828125	0.810810546875	0.81748046875	0.838798828125	0.839140625	0.86361328125	0.86841796875	0.867138671875	0.86951171875	0.871162109375	0.938779296875	0.94046875	0.943974609375	0.9514453125	0.9522265625	0.954765625	0.95251953125	0.955537109375	0.9517578125	0.9533984375	0.954111328125	0.952265625	0.96255859375	0.96375	0.96431640625	0.964560546875	0.9621484375	0.962568359375
0.0009765625	0.002666015625	0.00828125	0.01419921875	0.06650390625	0.088544921875	0.166767578125	0.19291015625	0.25810546875	0.38287109375	0.396748046875	0.443349609375	0.728857421875	0.743173828125	0.80939453125	0.816591796875	0.838583984375	0.84224609375	0.861689453125	0.86853515625	0.868369140625	0.8681640625	0.872861328125	0.873623046875	0.938359375	0.939189453125	0.945322265625	0.950927734375	0.95341796875	0.953603515625	0.9519140625	0.9532421875	0.9529296875	0.95267578125	0.95359375	0.953349609375	0.96330078125	0.96388671875	0.96330078125	0.96044921875	0.9640625
0.0009765625	0.002763671875	0.0066796875	0.03828125	0.0632421875	0.097822265625	0.142578125	0.188486328125	0.261240234375	0.28568359375	0.403916015625	0.448876953125	0.46208984375	0.744560546875	0.810556640625	0.83646484375	0.84203125	0.8394140625	0.8390625	0.86423828125	0.87017578125	0.86978515625	0.870947265625	0.870498046875	0.872158203125	0.940869140625	0.94416015625	0.945830078125	0.951064453125	0.954736328125	0.952275390625	0.95451171875	0.9541015625	0.9534765625	0.952607421875	0.953212890625	0.95435546875	0.9643359375	0.962900390625	0.963623046875	0.965322265625
0.0009765625	0.0026953125	0.020361328125	0.04029296875	0.065810546875	0.093095703125	0.14685546875	0.200263671875	0.261728515625	0.288115234375	0.409775390625	0.462568359375	0.468974609375	0.74478515625	0.811005859375	0.837568359375	0.84154296875	0.842333984375	0.837783203125	0.865458984375	0.86958984375	0.870400390625	0.87076171875	0.872705078125	0.872666015625	0.939111328125	0.944296875	0.945068359375	0.95189453125	0.952666015625	0.95259765625	0.95546875	0.95658203125	0.954326171875	0.951923828125	0.952421875	0.953115234375	0.95265625	0.96435546875	0.964345703125	0.963837890625
0.0009765625	0.00310546875	0.023134765625	0.043330078125	0.067333984375	0.105244140625	0.14896484375	0.2008984375	0.263037109375	0.30361328125	0.40759765625	0.463310546875	0.467587890625	0.74125	0.8149609375	0.829326171875	0.84083984375	0.84240234375	0.838525390625	0.8398046875	0.868740234375	0.871689453125	0.8709375	0.87349609375	0.870791015625	0.87201171875	0.94109375	0.946298828125	0.945400390625	0.9534765625	0.952578125	0.95216796875	0.953359375	0.9148828125	0.951728515625	0.95140625	0.953623046875	0.954892578125	0.964462890625	0.963115234375	0.964345703125
0.0009765625	0.00669921875	0.02388671875	0.0432421875	0.07029296875	0.107666015625	0.15484375	0.20919921875	0.26697265625	0.3069140625	0.41181640625	0.466494140625	0.469033203125	0.467080078125	0.831845703125	0.82759765625	0.845810546875	0.84361328125	0.8378515625	0.8395703125	0.870888671875	0.87009765625	0.8694921875	0.869169921875	0.87099609375	0.871220703125	0.869501953125	0.944921875	0.94447265625	0.944892578125	0.95443359375	0.9531640625	0.9530859375	0.95150390625	0.953447265625	0.95302734375	0.95166015625	0.954228515625	0.952685546875	0.95373046875	0.961328125
0.0009765625	0.008623046875	0.026591796875	0.044609375	0.067236328125	0.095947265625	0.16001953125	0.2146875	0.215634765625	0.30619140625	0.30703125	0.46416015625	0.46814453125	0.468779296875	0.833759765625	0.831875	0.83078125	0.84912109375	0.840810546875	0.838720703125	0.840810546875	0.869169921875	0.871796875	0.870595703125	0.868408203125	0.87158203125	0.8718359375	0.94482421875	0.9446875	0.9465625	0.944208984375	0.951826171875	0.95330078125	0.95232421875	0.95255859375	0.951806640625	0.952412109375	0.952705078125	0.95201171875	0.95177734375	0.9537109375
