1.0	1.0	1.0	1.0	1.0	1.0	1.0	1.0	1.0	1.0	1.0	1.0	1.0	1.0	0.9996835937499999	0.9997773437499999	0.9992910156250001	0.9984335937500001	0.9933281249999999	0.9920839843749999	0.9910078125000001	0.97565625	0.9769609375	0.95009375	0.9508515625	0.8443671875000001	0.78959375	0.0	0.0	0.0	0.0	0.0	0.0	0.0	0.0	0.0	0.0	0.0	0.0	0.0	0.0
1.0	1.0	1.0	1.0	1.0	1.0	1.0	1.0	1.0	1.0	1.0	0.9926796874999999	0.99355859375	0.99276953125	0.99958203125	0.9995820312500001	0.99730859375	0.989513671875	0.9910195312500001	0.992640625	0.971349609375	0.9756796875	0.975744140625	0.95151171875	0.8594999999999999	0.7904023437500001	0.791890625	0.0	0.0	0.0	0.0	0.0	0.0	0.0	0.0	0.0	0.0	0.0	0.0	0.0	0.0
1.0	1.0	1.0	1.0	1.0	1.0	1.0	1.0	1.0	1.0	1.0	0.958591796875	0.9929921875000001	0.9265234375	0.999333984375	0.9999023437499999	0.99755859375	0.989970703125	0.99237890625	0.901345703125	0.97691015625	0.9757539062500001	0.960751953125	0.894681640625	0.810916015625	0.7899453125	0.0	0.0	0.0	0.0	0.0	0.0	0.0	0.0	0.0	0.0	0.0	0.0	0.0	0.0	0.0
1.0	1.0	1.0	1.0	1.0	1.0	1.0	1.0	1.0	1.0	1.0	0.9804296874999998	0.9726308593749999	0.9889238281250001	0.999380859375	0.992626953125	0.9521171875000001	0.9897246093750001	0.9929628906250001	0.903369140625	0.9710292968750001	0.977115234375	0.9645292968749999	0.881505859375	0.8374394531249999	0.0	0.0	0.0	0.0	0.0	0.0	0.0	0.0	0.0	0.0	0.0	0.0	0.0	0.0	0.0	0.0
1.0	1.0	1.0	1.0	1.0	1.0	1.0	1.0	1.0	1.0	1.0	0.965142578125	0.971916015625	0.997515625	0.99935546875	0.9944824218749999	0.9507675781249999	0.981947265625	0.993173828125	0.955900390625	0.972134765625	0.964861328125	0.90614453125	0.8568339843749999	0.8201855468749999	0.0	0.0	0.0	0.0	0.0	0.0	0.0	0.0	0.0	0.0	0.0	0.0	0.0	0.0	0.0	0.0
1.0	1.0	1.0	1.0	1.0	1.0	1.0	1.0	1.0	1.0	1.0	0.97234765625	0.918681640625	0.9981269531250001	0.9996191406250001	0.99300390625	0.9710644531249999	0.9895624999999999	0.9023261718750001	0.9582402343749999	0.972544921875	0.9623867187499999	0.88985546875	0.852080078125	0.0	0.0	0.0	0.0	0.0	0.0	0.0	0.0	0.0	0.0	0.0	0.0	0.0	0.0	0.0	0.0	0.0
1.0	1.0	1.0	1.0	1.0	1.0	1.0	1.0	1.0	1.0	0.963423828125	0.984998046875	0.876845703125	0.99425390625	0.991896484375	0.9478203125	0.9724628906250001	0.9903300781250001	0.9549394531250001	0.9714863281250001	0.9624082031250001	0.91400390625	0.863384765625	0.0	0.0	0.0	0.0	0.0	0.0	0.0	0.0	0.0	0.0	0.0	0.0	0.0	0.0	0.0	0.0	0.0	0.0
1.0	1.0	1.0	1.0	1.0	1.0	1.0	1.0	1.0	1.0	0.9505019531250001	0.7500371093749999	0.9166113281249999	0.9899375000000001	0.9827167968749999	0.9494453125	0.973228515625	0.8873417968750001	0.9558359375000001	0.9621484375	0.913865234375	0.882611328125	0.0	0.0	0.0	0.0	0.0	0.0	0.0	0.0	0.0	0.0	0.0	0.0	0.0	0.0	0.0	0.0	0.0	0.0	0.0
1.0	1.0	1.0	1.0	1.0	1.0	1.0	1.0	1.0	1.0	0.911640625	0.754208984375	0.8860742187499999	0.9135996093750001	0.8962441406249999	0.9721953125	0.9731328124999999	0.8882656250000001	0.9568574218750001	0.960607421875	0.904359375	0.874126953125	0.0	0.0	0.0	0.0	0.0	0.0	0.0	0.0	0.0	0.0	0.0	0.0	0.0	0.0	0.0	0.0	0.0	0.0	0.0
1.0	1.0	1.0	1.0	1.0	1.0	1.0	1.0	1.0	0.9746054687499999	0.94868359375	0.755720703125	0.99822265625	0.9320292968749999	0.90752734375	0.9734746093750001	0.863328125	0.892455078125	0.941435546875	0.913109375	0.8896835937500001	0.0	0.0	0.0	0.0	0.0	0.0	0.0	0.0	0.0	0.0	0.0	0.0	0.0	0.0	0.0	0.0	0.0	0.0	0.0	0.0
1.0	1.0	1.0	1.0	1.0	1.0	1.0	1.0	1.0	0.920193359375	0.951603515625	0.7814082031249999	0.9886621093749999	0.7656093749999999	0.9088378906250001	0.9698144531250001	0.8630781249999999	0.950966796875	0.942013671875	0.8890605468749999	0.8895781250000001	0.0	0.0	0.0	0.0	0.0	0.0	0.0	0.0	0.0	0.0	0.0	0.0	0.0	0.0	0.0	0.0	0.0	0.0	0.0	0.0
1.0	1.0	1.0	1.0	1.0	1.0	1.0	1.0	0.993556640625	0.956166015625	0.6806816406249999	0.754966796875	0.8961523437500001	0.758130859375	0.9513554687500001	0.8352656249999999	0.8715195312499999	0.9332734375	0.8767617187500001	0.890400390625	0.0	0.0	0.0	0.0	0.0	0.0	0.0	0.0	0.0	0.0	0.0	0.0	0.0	0.0	0.0	0.0	0.0	0.0	0.0	0.0	0.0
1.0	1.0	1.0	1.0	1.0	1.0	1.0	1.0	0.8606230468749999	0.96580078125	0.640951171875	0.7611484374999999	0.76660546875	0.7561933593750001	0.8404941406249999	0.836865234375	0.925787109375	0.8562441406249999	0.88720703125	0.0	0.0	0.0	0.0	0.0	0.0	0.0	0.0	0.0	0.0	0.0	0.0	0.0	0.0	0.0	0.0	0.0	0.0	0.0	0.0	0.0	0.0
1.0	1.0	1.0	1.0	1.0	1.0	1.0	1.0	0.8866347656250001	0.9688554687500002	0.6761113281250001	0.43155468750000003	0.7642421875	0.7754687499999999	0.836546875	0.8362031249999999	0.9234667968750001	0.836232421875	0.887404296875	0.0	0.0	0.0	0.0	0.0	0.0	0.0	0.0	0.0	0.0	0.0	0.0	0.0	0.0	0.0	0.0	0.0	0.0	0.0	0.0	0.0	0.0
1.0	1.0	1.0	1.0	1.0	1.0	1.0	1.0	0.8989921875	0.4303828125	0.6403593750000001	0.804435546875	0.756255859375	0.7615390625	0.8345624999999999	0.78877734375	0.82414453125	0.8326113281249999	0.0	0.0	0.0	0.0	0.0	0.0	0.0	0.0	0.0	0.0	0.0	0.0	0.0	0.0	0.0	0.0	0.0	0.0	0.0	0.0	0.0	0.0	0.0
1.0	1.0	1.0	1.0	1.0	1.0	0.992740234375	1.0	0.89343359375	0.401009765625	0.6080703125	0.6383320312499999	0.75595703125	0.66953125	0.832400390625	0.78765234375	0.7826347656249999	0.0	0.0	0.0	0.0	0.0	0.0	0.0	0.0	0.0	0.0	0.0	0.0	0.0	0.0	0.0	0.0	0.0	0.0	0.0	0.0	0.0	0.0	0.0	0.0
1.0	1.0	1.0	1.0	1.0	1.0	1.0	0.8919648437500001	0.096333984375	0.38320703125	0.36978125	0.6774843749999999	0.746546875	0.73971875	0.7841640624999999	0.8184121093749999	0.0	0.0	0.0	0.0	0.0	0.0	0.0	0.0	0.0	0.0	0.0	0.0	0.0	0.0	0.0	0.0	0.0	0.0	0.0	0.0	0.0	0.0	0.0	0.0	0.0
1.0	1.0	1.0	1.0	1.0	0.992263671875	0.99346484375	0.8991113281249999	0.122205078125	0.34729296875	0.32255859374999996	0.6849394531249999	0.573271484375	0.72370703125	0.44425000000000003	0.787431640625	0.0	0.0	0.0	0.0	0.0	0.0	0.0	0.0	0.0	0.0	0.0	0.0	0.0	0.0	0.0	0.0	0.0	0.0	0.0	0.0	0.0	0.0	0.0	0.0	0.0
1.0	1.0	1.0	1.0	1.0	1.0	1.0	0.899265625	0.112146484375	0.388033203125	0.328875	0.6636191406249999	0.5793984375	0.6546796875	0.323115234375	0.0	0.0	0.0	0.0	0.0	0.0	0.0	0.0	0.0	0.0	0.0	0.0	0.0	0.0	0.0	0.0	0.0	0.0	0.0	0.0	0.0	0.0	0.0	0.0	0.0	0.0
1.0	1.0	1.0	1.0	1.0	1.0	0.99304296875	0.8888046875	0.107984375	0.360861328125	0.31879101562499995	0.49977734374999994	0.66709375	0.046505859375	0.7487558593749999	0.0	0.0	0.0	0.0	0.0	0.0	0.0	0.0	0.0	0.0	0.0	0.0	0.0	0.0	0.0	0.0	0.0	0.0	0.0	0.0	0.0	0.0	0.0	0.0	0.0	0.0
1.0	1.0	1.0	1.0	1.0	1.0	0.58866015625	0.107486328125	0.10494531249999998	0.334916015625	0.325087890625	0.502939453125	0.546720703125	0.01004296875	9.765625e-6	0.0	1.3671875000000002e-5	0.0	0.0	0.0	0.0	0.0	0.0	0.0	0.0	0.0	0.0	0.0	0.0	0.0	0.0	0.0	0.0	0.0	0.0	0.0	0.0	0.0	0.0	0.0	0.0
1.0	1.0	1.0	1.0	1.0	0.9802949218749999	0.5908984375	0.110654296875	0.072423828125	0.303474609375	0.46378125000000003	0.28594140625	0.01009765625	1.953125e-5	0.0	0.0	0.0	0.0	0.0	0.0	0.0	0.0	0.0	0.0	0.0	0.0	0.0	0.0	0.0	0.0	0.0	0.0	0.0	0.0	0.0	0.0	0.0	0.0	0.0	0.0	0.0
1.0	1.0	1.0	1.0	1.0	0.9927109375000001	0.523736328125	0.10375000000000001	0.062037109374999996	0.16890234375	0.45759570312500003	0.0033359375	0.012587890625	0.0	0.0	0.0	0.0	0.0	0.0	0.0	0.0	0.0	0.0	0.0	0.0	0.0	0.0	0.0	0.0	0.0	0.0	0.0	0.0	0.0	0.0	0.0	0.0	0.0	0.0	0.0	0.0
1.0	1.0	1.0	1.0	1.0	0.33144726562500004	0.033009765625	0.0608515625	0.062064453125	0.159546875	0.24321484375000002	0.0034531250000000005	0.00019921875000000001	9.765625e-6	0.0	0.0	0.0	0.0	0.0	0.0	0.0	0.0	0.0	0.0	0.0	0.0	0.0	0.0	0.0	0.0	0.0	0.0	0.0	0.0	0.0	0.0	0.0	0.0	0.0	0.0	0.0
1.0	1.0	1.0	1.0	1.0	0.34041210937500005	0.03084765625	0.050333984375	0.087474609375	0.17229296875	0.0013554687500000001	0.00025976562499999996	0.00023437500000000002	0.0	0.0	0.0	0.0	0.0	0.0	0.0	0.0	0.0	0.0	0.0	0.0	0.0	0.0	0.0	0.0	0.0	0.0	0.0	0.0	0.0	0.0	0.0	0.0	0.0	0.0	0.0	0.0
1.0	1.0	1.0	1.0	0.9931015624999999	0.26024609375	0.028072265625	0.054169921875	0.013132812500000002	0.011173828125	0.000990234375	0.00033203124999999997	0.0	0.0	0.0	0.0	0.0	0.0	0.0	0.0	0.0	0.0	0.0	0.0	0.0	0.0	0.0	0.0	0.0	0.0	0.0	0.0	0.0	0.0	0.0	0.0	0.0	0.0	0.0	0.0	0.0
1.0	1.0	1.0	1.0	0.256384765625	0.021738281249999998	0.01341015625	0.007177734375	0.0009218750000000001	0.00057421875	0.000357421875	0.00015625	0.0	1.171875e-5	0.0	0.0	0.0	0.0	0.0	0.0	0.0	0.0	0.0	0.0	0.0	0.0	0.0	0.0	0.0	0.0	0.0	0.0	0.0	0.0	0.0	0.0	0.0	0.0	0.0	0.0	0.0
1.0	1.0	1.0	1.0	0.26464062499999996	0.019572265624999995	0.014041015625	0.0051855468750000005	0.000505859375	0.000357421875	0.000248046875	1.171875e-5	0.0	9.765625e-6	0.0	0.0	0.0	0.0	0.0	0.0	0.0	0.0	0.0	0.0	0.0	0.0	0.0	0.0	0.0	0.0	0.0	0.0	0.0	0.0	0.0	0.0	0.0	0.0	0.0	0.0	0.0
1.0	1.0	1.0	1.0	0.23851171875	0.01171875	0.013701171875000001	0.0005429687499999999	0.0006601562499999999	0.00031640625	0.0001796875	0.0	4.4921875e-5	0.0	0.0	0.0	0.0	0.0	0.0	0.0	0.0	0.0	0.0	0.0	0.0	0.0	0.0	0.0	0.0	0.0	0.0	0.0	0.0	0.0	0.0	0.0	0.0	0.0	0.0	0.0	0.0
1.0	1.0	1.0	1.0	0.018431640625000002	0.009300781250000001	0.0007734375	0.00059765625	0.00045117187499999997	0.000267578125	0.00018749999999999998	1.171875e-5	0.0	0.0	0.0	0.0	0.0	0.0	0.0	0.0	0.0	0.0	0.0	0.0	0.0	0.0	0.0	0.0	0.0	0.0	0.0	0.0	0.0	0.0	0.0	0.0	0.0	0.0	0.0	0.0	0.0
1.0	1.0	1.0	0.25774609375	0.0160546875	0.00779296875	0.000478515625	0.000615234375	0.00038867187499999997	0.000208984375	0.00023828125000000002	0.0	0.0	0.0	0.0	0.0	0.0	0.0	0.0	0.0	0.0	0.0	0.0	0.0	0.0	0.0	0.0	0.0	0.0	0.0	0.0	0.0	0.0	0.0	0.0	0.0	0.0	0.0	0.0	0.0	0.0
1.0	1.0	1.0	0.25195898437500003	0.007275390624999999	0.000591796875	0.0006562499999999999	0.00058203125	0.00025195312499999995	1.171875e-5	0.0	9.765625e-6	1.171875e-5	0.0	0.0	0.0	0.0	0.0	0.0	0.0	0.0	0.0	0.0	0.0	0.0	0.0	0.0	0.0	0.0	0.0	0.0	0.0	0.0	0.0	0.0	0.0	0.0	0.0	0.0	0.0	0.0
1.0	1.0	0.97914453125	0.015986328125	0.000544921875	0.000646484375	0.000541015625	0.00037890625	0.0	1.3671875000000002e-5	2.34375e-5	0.0	0.0	0.0	0.0	0.0	0.0	0.0	0.0	0.0	0.0	0.0	0.0	0.0	0.0	0.0	0.0	0.0	0.0	0.0	0.0	0.0	0.0	0.0	0.0	0.0	0.0	0.0	0.0	0.0	0.0
1.0	1.0	0.9928593750000001	0.009410156250000001	0.00044531249999999996	0.0007636718749999999	0.000560546875	0.0002890625	1.7578125e-5	0.0	0.0	0.0	0.0	0.0	0.0	0.0	0.0	0.0	0.0	0.0	0.0	0.0	0.0	0.0	0.0	0.0	0.0	0.0	0.0	0.0	0.0	0.0	0.0	0.0	0.0	0.0	0.0	0.0	0.0	0.0	0.0
1.0	1.0	0.23270703125	0.007111328125000001	0.000611328125	0.000666015625	0.0005527343750000001	0.0	2.5390625000000002e-5	0.0	0.0	0.0	0.0	0.0	0.0	0.0	0.0	0.0	0.0	0.0	0.0	0.0	0.0	0.0	0.0	0.0	0.0	0.0	0.0	0.0	0.0	0.0	0.0	0.0	0.0	0.0	0.0	0.0	0.0	0.0	0.0
1.0	1.0	0.016294921875	0.000474609375	0.0006796875	0.000662109375	0.0	0.0	0.0	0.0	0.0	0.0	0.0	0.0	0.0	0.0	0.0	0.0	0.0	0.0	0.0	0.0	0.0	0.0	0.0	0.0	0.0	0.0	0.0	0.0	0.0	0.0	0.0	0.0	0.0	0.0	0.0	0.0	0.0	0.0	0.0
1.0	0.993154296875	0.0005722656250000001	0.0006640625	0.0	0.0	2.7343750000000004e-5	0.0	0.0	0.0	0.0	0.0	0.0	0.0	0.0	0.0	0.0	0.0	0.0	0.0	0.0	0.0	0.0	0.0	0.0	0.0	0.0	0.0	0.0	0.0	0.0	0.0	0.0	0.0	0.0	0.0	0.0	0.0	0.0	0.0	0.0
1.0	0.01853515625	0.000599609375	0.0	0.0	0.0	2.5390625000000002e-5	0.0	0.0	0.0	0.0	0.0	0.0	0.0	0.0	0.0	0.0	0.0	0.0	0.0	0.0	0.0	0.0	0.0	0.0	0.0	0.0	0.0	0.0	0.0	0.0	0.0	0.0	0.0	0.0	0.0	0.0	0.0	0.0	0.0	0.0
1.0	0.00710546875	0.00073046875	0.0	0.0	0.0	2.1484375e-5	1.5625e-5	0.0	0.0	0.0	0.0	0.0	0.0	0.0	0.0	0.0	0.0	0.0	0.0	0.0	0.0	0.0	0.0	0.0	0.0	0.0	0.0	0.0	0.0	0.0	0.0	0.0	0.0	0.0	0.0	0.0	0.0	0.0	0.0	0.0
1.0	0.00042187499999999994	0.0	0.0	0.0	0.0	2.5390625000000002e-5	0.0	0.0	0.0	0.0	0.0	0.0	0.0	0.0	0.0	0.0	0.0	0.0	0.0	0.0	0.0	0.0	0.0	0.0	0.0	0.0	0.0	0.0	0.0	0.0	0.0	0.0	0.0	0.0	0.0	0.0	0.0	0.0	0.0	0.0
1.0	0.0	0.0	0.0	0.0	0.0	0.0	0.0	0.0	0.0	0.0	0.0	0.0	0.0	0.0	0.0	0.0	0.0	0.0	0.0	0.0	0.0	0.0	0.0	0.0	0.0	0.0	0.0	0.0	0.0	0.0	0.0	0.0	0.0	0.0	0.0	0.0	0.0	0.0	0.0	0.0
