0.96	1.0	1.0	1.0	1.0	1.0	1.0	1.0	1.0	1.0	1.0	1.0	1.0	1.0	0.99951171875	0.999267578125	0.999755859375	0.99953125	0.996123046875	0.993056640625	0.990576171875	0.9780859375	0.9762109375	0.955751953125	0.9606640625	0.90560546875	0.892255859375	0.624501953125	0.62943359375	0.540546875	0.544853515625	0.526201171875	0.516337890625	0.471015625	0.41408203125	0.408681640625	0.406884765625	0.407373046875	0.408828125	0.40146484375	0.400458984375
0.88	1.0	1.0	1.0	1.0	1.0	1.0	1.0	1.0	1.0	1.0	1.0	1.0	1.0	0.999755859375	0.999443359375	0.995791015625	0.990966796875	0.993115234375	0.99181640625	0.972841796875	0.976298828125	0.97931640625	0.955244140625	0.9155859375	0.89310546875	0.895595703125	0.631396484375	0.608916015625	0.540625	0.52857421875	0.511875	0.49041015625	0.461103515625	0.40794921875	0.407939453125	0.406015625	0.403583984375	0.4036328125	0.408115234375	0.4023828125
0.76	1.0	1.0	1.0	1.0	1.0	1.0	1.0	1.0	1.0	1.0	0.966591796875	1.0	0.880380859375	0.99830078125	0.99951171875	0.997216796875	0.9921875	0.99283203125	0.9133203125	0.9787109375	0.97826171875	0.9662109375	0.933818359375	0.9014453125	0.893330078125	0.806552734375	0.625302734375	0.59265625	0.5392578125	0.5196484375	0.518271484375	0.481083984375	0.448486328125	0.408037109375	0.404169921875	0.40546875	0.4031640625	0.40185546875	0.409404296875	0.402373046875
0.92	1.0	1.0	1.0	1.0	1.0	1.0	1.0	1.0	1.0	1.0	0.934814453125	0.9633203125	0.99896484375	0.9990234375	0.992724609375	0.9542578125	0.99294921875	0.993203125	0.9133203125	0.9723046875	0.978583984375	0.969228515625	0.929384765625	0.906962890625	0.86431640625	0.74005859375	0.60580078125	0.577236328125	0.52615234375	0.51841796875	0.501083984375	0.46634765625	0.4265234375	0.41111328125	0.40869140625	0.406572265625	0.40734375	0.40185546875	0.400419921875	0.3966796875
0.76	1.0	1.0	1.0	1.0	1.0	1.0	1.0	1.0	1.0	1.0	1.0	1.0	0.997744140625	0.999755859375	0.994541015625	0.95296875	0.989765625	0.99318359375	0.963837890625	0.972841796875	0.969453125	0.936435546875	0.91921875	0.9038671875	0.81017578125	0.740908203125	0.589990234375	0.57154296875	0.52505859375	0.521767578125	0.49021484375	0.455810546875	0.429306640625	0.410283203125	0.401611328125	0.403916015625	0.405068359375	0.408125	0.40107421875	0.404951171875
0.92	1.0	1.0	1.0	1.0	1.0	1.0	1.0	1.0	1.0	1.0	1.0	0.951884765625	0.9978125	1.0	0.994443359375	0.97298828125	0.9904296875	0.91083984375	0.9594140625	0.9732421875	0.970107421875	0.93720703125	0.915498046875	0.86626953125	0.808720703125	0.659365234375	0.5837109375	0.55146484375	0.5288671875	0.508125	0.482412109375	0.45349609375	0.426591796875	0.409375	0.40298828125	0.401171875	0.402587890625	0.402099609375	0.407568359375	0.40388671875
0.72	1.0	1.0	1.0	1.0	1.0	1.0	1.0	1.0	1.0	1.0	1.0	0.90501953125	0.99951171875	0.994697265625	0.949130859375	0.9760546875	0.991015625	0.95361328125	0.97431640625	0.9692578125	0.942138671875	0.924716796875	0.858896484375	0.8208984375	0.73611328125	0.651357421875	0.56689453125	0.543232421875	0.511181640625	0.502314453125	0.46896484375	0.451826171875	0.42685546875	0.409169921875	0.40439453125	0.410595703125	0.406298828125	0.4058984375	0.4033203125	0.402705078125
0.92	1.0	1.0	1.0	1.0	1.0	1.0	1.0	1.0	1.0	0.965634765625	0.79822265625	0.964248046875	0.998544921875	0.95099609375	0.9516796875	0.97234375	0.900126953125	0.959970703125	0.96376953125	0.943740234375	0.929775390625	0.875947265625	0.86115234375	0.8015625	0.71041015625	0.619892578125	0.561171875	0.538681640625	0.506884765625	0.478603515625	0.47091796875	0.451201171875	0.424404296875	0.40896484375	0.40478515625	0.399638671875	0.40580078125	0.404951171875	0.403525390625	0.398173828125
0.84	1.0	1.0	1.0	1.0	1.0	1.0	1.0	1.0	1.0	0.89443359375	0.75755859375	0.916494140625	0.919111328125	0.918369140625	0.971708984375	0.97400390625	0.903125	0.957626953125	0.963515625	0.93306640625	0.92734375	0.874970703125	0.8119921875	0.793662109375	0.71984375	0.62416015625	0.5557421875	0.52759765625	0.49951171875	0.481689453125	0.454345703125	0.44037109375	0.437099609375	0.410302734375	0.4040625	0.407451171875	0.410576171875	0.405556640625	0.396748046875	0.40037109375
0.96	1.0	1.0	1.0	1.0	1.0	1.0	1.0	1.0	0.972001953125	0.96595703125	0.8040234375	0.998427734375	0.940146484375	0.9093359375	0.97568359375	0.87099609375	0.90490234375	0.947998046875	0.944619140625	0.929111328125	0.8780859375	0.87509765625	0.80126953125	0.7182421875	0.674921875	0.597314453125	0.54619140625	0.51720703125	0.4830078125	0.48498046875	0.45583984375	0.433154296875	0.428828125	0.4044140625	0.408037109375	0.403525390625	0.406748046875	0.404189453125	0.39732421875	0.405751953125
0.88	1.0	1.0	1.0	1.0	1.0	1.0	1.0	1.0	0.967138671875	0.93041015625	0.86052734375	0.99791015625	0.7765625	0.91931640625	0.971923828125	0.878623046875	0.953046875	0.945712890625	0.93279296875	0.93314453125	0.87767578125	0.81158203125	0.7778125	0.70697265625	0.6821875	0.586259765625	0.534541015625	0.50951171875	0.477978515625	0.481123046875	0.449833984375	0.432705078125	0.421796875	0.4031640625	0.406328125	0.4017578125	0.39830078125	0.407021484375	0.40142578125	0.402734375
0.88	1.0	1.0	1.0	1.0	1.0	1.0	1.0	1.0	1.0	0.696201171875	0.80572265625	0.932626953125	0.7687890625	0.955234375	0.841806640625	0.884501953125	0.938193359375	0.908857421875	0.9312890625	0.86775390625	0.866591796875	0.795048828125	0.77671875	0.682421875	0.6055078125	0.57310546875	0.52076171875	0.488583984375	0.480390625	0.458154296875	0.4480859375	0.438427734375	0.423115234375	0.4083203125	0.401865234375	0.406826171875	0.4046875	0.403828125	0.4054296875	0.399912109375
0.84	1.0	1.0	1.0	1.0	1.0	1.0	1.0	0.771875	0.963115234375	0.719150390625	0.8441015625	0.786376953125	0.78025390625	0.846015625	0.85076171875	0.93359375	0.90193359375	0.9297265625	0.875693359375	0.873505859375	0.7976953125	0.77275390625	0.691982421875	0.634658203125	0.59859375	0.553603515625	0.510908203125	0.4887109375	0.480830078125	0.44974609375	0.44650390625	0.427529296875	0.42646484375	0.405673828125	0.405673828125	0.40283203125	0.400830078125	0.404892578125	0.399912109375	0.400986328125
0.84	1.0	1.0	1.0	1.0	1.0	1.0	1.0	0.92720703125	1.0	0.77037109375	0.410625	0.76447265625	0.805693359375	0.85361328125	0.843564453125	0.929296875	0.898583984375	0.93216796875	0.862607421875	0.851083984375	0.800283203125	0.748837890625	0.668046875	0.638828125	0.56640625	0.551533203125	0.489345703125	0.495380859375	0.47673828125	0.45068359375	0.44701171875	0.438466796875	0.42111328125	0.40890625	0.40369140625	0.40150390625	0.404755859375	0.400693359375	0.399697265625	0.394111328125
0.88	1.0	1.0	1.0	1.0	1.0	1.0	1.0	0.964560546875	0.480625	0.776748046875	0.8503125	0.7716015625	0.75939453125	0.84662109375	0.804775390625	0.874501953125	0.902529296875	0.86552734375	0.834287109375	0.776650390625	0.75412109375	0.656845703125	0.6448828125	0.61611328125	0.54548828125	0.5473046875	0.49240234375	0.490009765625	0.4585546875	0.4553515625	0.445546875	0.432509765625	0.426396484375	0.406181640625	0.407744140625	0.40244140625	0.4059375	0.40134765625	0.400595703125	0.400341796875
0.92	1.0	1.0	1.0	1.0	1.0	1.0	1.0	0.8653125	0.393603515625	0.5540234375	0.67900390625	0.7595703125	0.69025390625	0.841708984375	0.820419921875	0.871591796875	0.812275390625	0.8538671875	0.83263671875	0.77822265625	0.699326171875	0.652998046875	0.633896484375	0.584462890625	0.553994140625	0.528984375	0.4848828125	0.48326171875	0.460078125	0.45138671875	0.43150390625	0.43462890625	0.423349609375	0.401171875	0.401826171875	0.399697265625	0.41287109375	0.40462890625	0.405146484375	0.402490234375
0.88	1.0	1.0	1.0	1.0	1.0	1.0	0.857001953125	0.108955078125	0.515966796875	0.391201171875	0.675263671875	0.7417578125	0.760087890625	0.81296875	0.87580078125	0.782421875	0.80822265625	0.835048828125	0.776474609375	0.715107421875	0.684853515625	0.63833984375	0.59515625	0.580478515625	0.547744140625	0.50326171875	0.491416015625	0.48037109375	0.453212890625	0.439384765625	0.4335546875	0.430771484375	0.422607421875	0.409365234375	0.404326171875	0.406728515625	0.3998828125	0.400927734375	0.404677734375	0.402998046875
0.88	1.0	1.0	1.0	1.0	0.961318359375	1.0	0.9278515625	0.120478515625	0.437626953125	0.36625	0.697744140625	0.60412109375	0.758046875	0.74943359375	0.858759765625	0.780546875	0.790556640625	0.845439453125	0.7244140625	0.660634765625	0.684736328125	0.591708984375	0.579033203125	0.54849609375	0.524609375	0.501669921875	0.478798828125	0.462724609375	0.44919921875	0.445341796875	0.430537109375	0.42505859375	0.423232421875	0.399560546875	0.408720703125	0.4058203125	0.40591796875	0.403544921875	0.40236328125	0.401923828125
0.88	1.0	1.0	1.0	1.0	1.0	1.0	0.9384375	0.100224609375	0.370693359375	0.3883203125	0.69498046875	0.61140625	0.70392578125	0.7248828125	0.786904296875	0.765546875	0.7666796875	0.73841796875	0.6512109375	0.654462890625	0.63759765625	0.58798828125	0.577919921875	0.550869140625	0.5176953125	0.506865234375	0.48529296875	0.468603515625	0.45291015625	0.44794921875	0.43533203125	0.433046875	0.41677734375	0.405966796875	0.40306640625	0.4001953125	0.39697265625	0.406650390625	0.40572265625	0.4007421875
0.88	1.0	1.0	1.0	1.0	1.0	0.96521484375	0.804794921875	0.1134375	0.372666015625	0.416416015625	0.546025390625	0.68916015625	0.59923828125	0.846171875	0.77291015625	0.73310546875	0.77306640625	0.665009765625	0.65615234375	0.65083984375	0.584951171875	0.582138671875	0.57880859375	0.524716796875	0.51408203125	0.494365234375	0.470146484375	0.46533203125	0.4450390625	0.44703125	0.42857421875	0.430517578125	0.4251953125	0.410224609375	0.40630859375	0.404443359375	0.404462890625	0.398525390625	0.404580078125	0.40037109375
0.88	1.0	1.0	1.0	1.0	1.0	0.55384765625	0.1090234375	0.092021484375	0.3722265625	0.341484375	0.531240234375	0.600595703125	0.588017578125	0.7585546875	0.754130859375	0.7457421875	0.674052734375	0.66359375	0.658056640625	0.65369140625	0.575751953125	0.584150390625	0.5584375	0.524697265625	0.509765625	0.498271484375	0.469609375	0.466474609375	0.451171875	0.45099609375	0.433369140625	0.430595703125	0.4234765625	0.408564453125	0.403251953125	0.405673828125	0.403955078125	0.4021875	0.404072265625	0.402861328125
1.0	1.0	1.0	1.0	1.0	0.9676953125	0.657412109375	0.118828125	0.077353515625	0.348642578125	0.51162109375	0.412373046875	0.589853515625	0.67576171875	0.72619140625	0.74578125	0.634580078125	0.63921875	0.6521484375	0.6320703125	0.56	0.57513671875	0.565439453125	0.52982421875	0.507900390625	0.502734375	0.489892578125	0.46697265625	0.459619140625	0.45033203125	0.431494140625	0.43189453125	0.429423828125	0.42416015625	0.407314453125	0.406396484375	0.402265625	0.399384765625	0.402392578125	0.4015234375	0.4013671875
0.84	1.0	1.0	1.0	1.0	1.0	0.58947265625	0.0964453125	0.092109375	0.224873046875	0.5113671875	0.457001953125	0.59609375	0.635869140625	0.696162109375	0.67984375	0.59505859375	0.64396484375	0.620478515625	0.580068359375	0.56197265625	0.578916015625	0.554267578125	0.531533203125	0.513759765625	0.503173828125	0.493525390625	0.45822265625	0.456123046875	0.45580078125	0.4408203125	0.428193359375	0.429853515625	0.4187890625	0.4074609375	0.398828125	0.4072265625	0.397783203125	0.401337890625	0.407099609375	0.40884765625
0.88	1.0	1.0	1.0	1.0	0.39861328125	0.035791015625	0.07013671875	0.07080078125	0.23287109375	0.384326171875	0.461669921875	0.496630859375	0.620517578125	0.686943359375	0.610771484375	0.598349609375	0.646474609375	0.62130859375	0.583037109375	0.561611328125	0.569892578125	0.533623046875	0.507314453125	0.50685546875	0.495224609375	0.480341796875	0.463740234375	0.45767578125	0.4489453125	0.434248046875	0.4275390625	0.429736328125	0.4233984375	0.40525390625	0.40654296875	0.4034765625	0.4048828125	0.398388671875	0.4011328125	0.402607421875
0.8	1.0	1.0	1.0	1.0	0.399794921875	0.03365234375	0.057705078125	0.092587890625	0.241376953125	0.330966796875	0.3724609375	0.47361328125	0.594443359375	0.595	0.589560546875	0.599111328125	0.598447265625	0.5833984375	0.563857421875	0.557294921875	0.56001953125	0.5323046875	0.513125	0.506435546875	0.491904296875	0.475498046875	0.467080078125	0.456640625	0.4430078125	0.43025390625	0.422685546875	0.4345703125	0.4240625	0.410048828125	0.40578125	0.407529296875	0.401611328125	0.39951171875	0.40373046875	0.405380859375
1.0	1.0	1.0	1.0	1.0	0.193544921875	0.027529296875	0.06080078125	0.044619140625	0.206298828125	0.308515625	0.37326171875	0.6203125	0.52265625	0.600771484375	0.591103515625	0.5795703125	0.579892578125	0.5839453125	0.558408203125	0.55693359375	0.53828125	0.529013671875	0.511650390625	0.499912109375	0.494619140625	0.476875	0.465830078125	0.454013671875	0.44763671875	0.43458984375	0.42595703125	0.426484375	0.420703125	0.412890625	0.404716796875	0.398974609375	0.402705078125	0.402705078125	0.40404296875	0.403369140625
0.72	1.0	1.0	1.0	0.333154296875	0.02134765625	0.01515625	0.03578125	0.0496484375	0.167470703125	0.36076171875	0.432724609375	0.513359375	0.519990234375	0.578134765625	0.560419921875	0.56587890625	0.57017578125	0.572236328125	0.55392578125	0.53921875	0.538828125	0.5229296875	0.50154296875	0.497919921875	0.473466796875	0.475712890625	0.451171875	0.449248046875	0.444931640625	0.42765625	0.4269140625	0.424892578125	0.41708984375	0.40455078125	0.405400390625	0.4015234375	0.40158203125	0.4055859375	0.4034765625	0.4015234375
0.88	1.0	1.0	1.0	0.2711328125	0.021943359375	0.016689453125	0.0268359375	0.034658203125	0.29365234375	0.34818359375	0.48578125	0.52318359375	0.502734375	0.579384765625	0.56080078125	0.55794921875	0.56796875	0.555146484375	0.54318359375	0.53060546875	0.53181640625	0.516708984375	0.501494140625	0.5010546875	0.4803125	0.481962890625	0.450068359375	0.44658203125	0.4297265625	0.429443359375	0.428525390625	0.422236328125	0.421865234375	0.405302734375	0.397509765625	0.401630859375	0.405078125	0.398525390625	0.4013671875	0.40119140625
0.92	1.0	1.0	1.0	0.22734375	0.010986328125	0.013671875	0.022578125	0.0323046875	0.278115234375	0.34697265625	0.49087890625	0.51240234375	0.509091796875	0.565361328125	0.550458984375	0.558603515625	0.561708984375	0.55427734375	0.53953125	0.532421875	0.527998046875	0.502373046875	0.501455078125	0.497236328125	0.48357421875	0.4764453125	0.452880859375	0.4515625	0.43388671875	0.43091796875	0.43166015625	0.430771484375	0.42099609375	0.409306640625	0.401796875	0.400263671875	0.40087890625	0.397841796875	0.40361328125	0.4003125
0.92	1.0	1.0	1.0	0.01892578125	0.009990234375	0.010283203125	0.018427734375	0.040634765625	0.3374609375	0.31806640625	0.489892578125	0.49951171875	0.506396484375	0.559326171875	0.545712890625	0.552275390625	0.54970703125	0.552353515625	0.5252734375	0.522373046875	0.517919921875	0.495087890625	0.49328125	0.48265625	0.47615234375	0.469267578125	0.451611328125	0.44923828125	0.435791015625	0.43072265625	0.42263671875	0.424970703125	0.416806640625	0.40818359375	0.39978515625	0.39732421875	0.399248046875	0.406728515625	0.39802734375	0.40330078125
0.96	1.0	1.0	0.21802734375	0.0169921875	0.00818359375	0.008466796875	0.024130859375	0.04548828125	0.32890625	0.32001953125	0.479658203125	0.5036328125	0.520244140625	0.55052734375	0.538583984375	0.5414453125	0.544970703125	0.5456640625	0.53005859375	0.529091796875	0.515	0.502021484375	0.497001953125	0.48373046875	0.478046875	0.4715234375	0.44830078125	0.449619140625	0.43171875	0.432216796875	0.42884765625	0.421015625	0.416591796875	0.40494140625	0.40111328125	0.40884765625	0.401240234375	0.4015625	0.40138671875	0.4005078125
0.96	1.0	1.0	0.2512109375	0.007470703125	0.00390625	0.00765625	0.022763671875	0.044521484375	0.314287109375	0.454052734375	0.47931640625	0.5145703125	0.50822265625	0.541494140625	0.548212890625	0.544765625	0.53642578125	0.5304296875	0.52984375	0.51505859375	0.515859375	0.5075390625	0.49173828125	0.4783203125	0.46955078125	0.46283203125	0.4510546875	0.44904296875	0.435537109375	0.428369140625	0.42669921875	0.42494140625	0.41865234375	0.40103515625	0.39498046875	0.40248046875	0.397841796875	0.40603515625	0.40248046875	0.4018359375
1.0	1.0	1.0	0.0157421875	0.003056640625	0.00357421875	0.008173828125	0.040380859375	0.19650390625	0.318984375	0.466474609375	0.487958984375	0.507138671875	0.5060546875	0.541240234375	0.54353515625	0.531171875	0.54359375	0.53134765625	0.5177734375	0.51404296875	0.514658203125	0.498974609375	0.48193359375	0.477548828125	0.47310546875	0.464365234375	0.451875	0.45048828125	0.43322265625	0.428125	0.426337890625	0.425927734375	0.416455078125	0.408349609375	0.40818359375	0.40263671875	0.401357421875	0.4034375	0.404521484375	0.40078125
1.0	1.0	1.0	0.009296875	0.003740234375	0.003447265625	0.006923828125	0.031923828125	0.200283203125	0.3453125	0.475234375	0.48640625	0.507412109375	0.50158203125	0.52794921875	0.53888671875	0.527216796875	0.523642578125	0.525244140625	0.511689453125	0.512392578125	0.51318359375	0.498271484375	0.4756640625	0.47099609375	0.4696875	0.4635546875	0.449443359375	0.437861328125	0.428154296875	0.427763671875	0.4301171875	0.4265234375	0.424111328125	0.40642578125	0.40328125	0.408857421875	0.40123046875	0.40142578125	0.402421875	0.3979296875
0.72	1.0	0.194912109375	0.006552734375	0.002529296875	0.004169921875	0.00734375	0.0457421875	0.216025390625	0.44072265625	0.480390625	0.485380859375	0.496259765625	0.49224609375	0.52814453125	0.541962890625	0.51513671875	0.527294921875	0.515751953125	0.514296875	0.50884765625	0.516484375	0.481953125	0.4832421875	0.471904296875	0.46796875	0.462626953125	0.448916015625	0.43943359375	0.426201171875	0.427578125	0.43	0.423505859375	0.423212890625	0.407724609375	0.403212890625	0.3991796875	0.398115234375	0.403984375	0.4017578125	0.40162109375
0.88	1.0	0.015498046875	0.0032421875	0.003251953125	0.0028515625	0.006845703125	0.044677734375	0.247392578125	0.44369140625	0.477919921875	0.466376953125	0.4915234375	0.498505859375	0.530478515625	0.539091796875	0.5121875	0.514853515625	0.522138671875	0.517041015625	0.502001953125	0.506875	0.483701171875	0.484658203125	0.474453125	0.4703125	0.46580078125	0.44859375	0.436845703125	0.4330078125	0.4260546875	0.424833984375	0.4312109375	0.418359375	0.410361328125	0.401826171875	0.40185546875	0.3975390625	0.399560546875	0.403359375	0.401787109375
0.92	1.0	0.003076171875	0.002529296875	0.002158203125	0.002900390625	0.004833984375	0.08947265625	0.3552734375	0.471357421875	0.47578125	0.4731640625	0.491669921875	0.502080078125	0.5289453125	0.52462890625	0.512705078125	0.51806640625	0.515888671875	0.506669921875	0.511904296875	0.500107421875	0.4815625	0.475322265625	0.47619140625	0.458623046875	0.460166015625	0.45076171875	0.440390625	0.4309765625	0.432158203125	0.42296875	0.42708984375	0.417900390625	0.404033203125	0.404453125	0.402431640625	0.396767578125	0.39580078125	0.39966796875	0.4061328125
0.92	0.017861328125	0.002890625	0.00205078125	0.002421875	0.002802734375	0.004765625	0.11072265625	0.35640625	0.470556640625	0.462119140625	0.473466796875	0.49951171875	0.49388671875	0.536953125	0.517236328125	0.511083984375	0.5132421875	0.511865234375	0.5028515625	0.504892578125	0.49666015625	0.47826171875	0.481572265625	0.475107421875	0.463642578125	0.456650390625	0.44994140625	0.43431640625	0.423154296875	0.429189453125	0.423017578125	0.425224609375	0.41783203125	0.403974609375	0.404951171875	0.400966796875	0.398232421875	0.3976953125	0.398232421875	0.398271484375
0.84	0.0075390625	0.00259765625	0.002548828125	0.002421875	0.002978515625	0.00400390625	0.1419921875	0.3680078125	0.461630859375	0.462900390625	0.47595703125	0.494306640625	0.492265625	0.540869140625	0.50529296875	0.502578125	0.506845703125	0.50685546875	0.5086328125	0.502041015625	0.482333984375	0.47626953125	0.476865234375	0.470390625	0.461376953125	0.463779296875	0.438095703125	0.438173828125	0.431484375	0.42703125	0.42255859375	0.426884765625	0.4194140625	0.40568359375	0.39978515625	0.40013671875	0.40521484375	0.400361328125	0.404326171875	0.395185546875
0.72	0.002646484375	0.00296875	0.0021484375	0.00267578125	0.002578125	0.006513671875	0.269306640625	0.353642578125	0.45521484375	0.45650390625	0.4676953125	0.49564453125	0.494501953125	0.51560546875	0.501591796875	0.507783203125	0.50701171875	0.5057421875	0.5062890625	0.5049609375	0.473857421875	0.486337890625	0.479599609375	0.46876953125	0.463740234375	0.4603125	0.432734375	0.43140625	0.42759765625	0.424853515625	0.430068359375	0.4280859375	0.417568359375	0.40482421875	0.402900390625	0.4016796875	0.401875	0.402880859375	0.404326171875	0.404443359375
0.92	0.002666015625	0.003173828125	0.002431640625	0.00216796875	0.002197265625	0.007392578125	0.372509765625	0.35478515625	0.456748046875	0.463154296875	0.46849609375	0.4871484375	0.493349609375	0.50181640625	0.5034765625	0.509619140625	0.507373046875	0.50580078125	0.50724609375	0.50626953125	0.47978515625	0.477705078125	0.471767578125	0.468046875	0.463134765625	0.45978515625	0.437548828125	0.433505859375	0.43220703125	0.4318359375	0.426591796875	0.42447265625	0.419619140625	0.404833984375	0.405	0.400751953125	0.40111328125	0.40033203125	0.40353515625	0.399814453125
