0.0009765625	0.002197265625	0.002138671875	0.002109375	0.002060546875	0.00216796875	0.00267578125	0.0091015625	0.00859375	0.017021484375	0.020107421875	0.0290234375	0.06349609375	0.054404296875	0.243984375	0.25013671875	0.253544921875	0.367412109375	0.454462890625	0.454951171875	0.4551171875	0.70140625	0.70375	0.74587890625	0.7469140625	0.805927734375	0.810830078125	0.953515625	0.95388671875	0.97251953125	0.97322265625	0.978837890625	0.978447265625	0.988583984375	0.99365234375	0.993525390625	0.9942578125	0.993916015625	0.99345703125	0.993837890625	0.9948828125
0.0009765625	0.002216796875	0.00224609375	0.00216796875	0.002236328125	0.0021484375	0.002626953125	0.008603515625	0.008095703125	0.02375	0.027451171875	0.025263671875	0.053759765625	0.05296875	0.2487109375	0.261162109375	0.326337890625	0.43580078125	0.455439453125	0.454091796875	0.62923828125	0.7036328125	0.7015234375	0.747412109375	0.780234375	0.810751953125	0.81203125	0.954423828125	0.95638671875	0.97298828125	0.97673828125	0.978154296875	0.98541015625	0.990556640625	0.994189453125	0.993837890625	0.9944921875	0.99380859375	0.994208984375	0.99390625	0.993642578125
0.0009765625	0.00197265625	0.002060546875	0.002119140625	0.002041015625	0.002119140625	0.003125	0.008623046875	0.0100390625	0.020576171875	0.025478515625	0.03248046875	0.062470703125	0.090078125	0.23892578125	0.261630859375	0.32771484375	0.435556640625	0.4559375	0.480888671875	0.695576171875	0.70119140625	0.711015625	0.7491796875	0.8080859375	0.812529296875	0.845673828125	0.95361328125	0.963095703125	0.9749609375	0.97828125	0.980205078125	0.987177734375	0.992119140625	0.993740234375	0.99423828125	0.994091796875	0.9933984375	0.9948046875	0.993466796875	0.99396484375
0.0009765625	0.00212890625	0.001982421875	0.0022265625	0.002265625	0.0020703125	0.0025390625	0.0085546875	0.01189453125	0.0241796875	0.021416015625	0.028740234375	0.05546875	0.161923828125	0.247998046875	0.290986328125	0.3433984375	0.436904296875	0.45625	0.48275390625	0.630009765625	0.702958984375	0.71189453125	0.759521484375	0.783427734375	0.82150390625	0.8846484375	0.959189453125	0.966611328125	0.975615234375	0.97701171875	0.983720703125	0.988564453125	0.993291015625	0.99373046875	0.994306640625	0.993623046875	0.993974609375	0.993642578125	0.99423828125	0.993759765625
0.0009765625	0.002060546875	0.002197265625	0.0019921875	0.0020703125	0.0019921875	0.00259765625	0.0080078125	0.009853515625	0.020849609375	0.0248828125	0.042783203125	0.052880859375	0.158544921875	0.2459375	0.281435546875	0.344248046875	0.43892578125	0.45587890625	0.554130859375	0.63087890625	0.7036328125	0.7225390625	0.760205078125	0.784111328125	0.849326171875	0.891533203125	0.96234375	0.96775390625	0.976259765625	0.9790625	0.9850390625	0.99060546875	0.992841796875	0.9933203125	0.99380859375	0.9940625	0.993837890625	0.993515625	0.994052734375	0.993935546875
0.0009765625	0.001845703125	0.002119140625	0.002412109375	0.0019921875	0.00224609375	0.00298828125	0.009951171875	0.01	0.021650390625	0.02181640625	0.037958984375	0.08197265625	0.157451171875	0.253701171875	0.290654296875	0.375048828125	0.43875	0.480302734375	0.555986328125	0.629736328125	0.708486328125	0.724775390625	0.764580078125	0.79490234375	0.850986328125	0.930830078125	0.964765625	0.97259765625	0.976015625	0.980849609375	0.988125	0.990615234375	0.991796875	0.99390625	0.993359375	0.993955078125	0.994453125	0.993828125	0.9941796875	0.993837890625
0.0009765625	0.001845703125	0.002314453125	0.002158203125	0.00220703125	0.002294921875	0.002841796875	0.00916015625	0.01005859375	0.021943359375	0.02337890625	0.043251953125	0.082666015625	0.16095703125	0.28640625	0.34166015625	0.372041015625	0.437333984375	0.554453125	0.6276953125	0.63251953125	0.713232421875	0.752021484375	0.793447265625	0.8262890625	0.892578125	0.931865234375	0.96775390625	0.974169921875	0.979599609375	0.984541015625	0.988671875	0.99037109375	0.992119140625	0.994150390625	0.99384765625	0.99384765625	0.99328125	0.993779296875	0.99380859375	0.993564453125
0.0009765625	0.001298828125	0.002294921875	0.002138671875	0.00203125	0.002080078125	0.002890625	0.007841796875	0.00931640625	0.020361328125	0.027841796875	0.06609375	0.093154296875	0.15896484375	0.2791796875	0.340654296875	0.369091796875	0.46607421875	0.554375	0.632666015625	0.70853515625	0.726572265625	0.76794921875	0.7916796875	0.856689453125	0.904189453125	0.941806640625	0.970654296875	0.9767578125	0.9823046875	0.987509765625	0.988857421875	0.990498046875	0.992607421875	0.993818359375	0.99431640625	0.993466796875	0.99349609375	0.99423828125	0.994287109375	0.994716796875
0.0009765625	0.00099609375	0.00224609375	0.00201171875	0.002080078125	0.002216796875	0.00267578125	0.0119921875	0.008701171875	0.02048828125	0.025380859375	0.065869140625	0.078955078125	0.182900390625	0.287978515625	0.3683203125	0.373134765625	0.466962890625	0.552275390625	0.6325	0.649189453125	0.73556640625	0.76376953125	0.83255859375	0.83630859375	0.901845703125	0.94390625	0.972197265625	0.97833984375	0.984296875	0.986171875	0.990146484375	0.99125	0.9927734375	0.993876953125	0.993623046875	0.993583984375	0.993955078125	0.99361328125	0.993388671875	0.99396484375
0.0009765625	0.0009765625	0.0022265625	0.002119140625	0.002265625	0.0023046875	0.002998046875	0.01056640625	0.01095703125	0.02640625	0.029970703125	0.065888671875	0.157685546875	0.19765625	0.29841796875	0.37171875	0.431357421875	0.468427734375	0.563974609375	0.6408984375	0.64810546875	0.751494140625	0.765029296875	0.835537109375	0.8880078125	0.92150390625	0.952900390625	0.9761328125	0.9828125	0.986767578125	0.98712890625	0.99005859375	0.991669921875	0.992919921875	0.9937109375	0.99298828125	0.993603515625	0.99380859375	0.99466796875	0.993173828125	0.994130859375
0.0009765625	0.0009765625	0.00203125	0.002158203125	0.00201171875	0.002236328125	0.002802734375	0.01083984375	0.009716796875	0.0258984375	0.02623046875	0.0655078125	0.157607421875	0.21111328125	0.3008203125	0.36759765625	0.434619140625	0.539443359375	0.562216796875	0.6475	0.6500390625	0.75267578125	0.809287109375	0.8540234375	0.889990234375	0.91896484375	0.9575390625	0.977607421875	0.98185546875	0.986640625	0.9865625	0.990673828125	0.991005859375	0.993369140625	0.993095703125	0.994248046875	0.994345703125	0.9937890625	0.99337890625	0.99365234375	0.993935546875
0.0009765625	0.0009765625	0.001943359375	0.002119140625	0.002216796875	0.00220703125	0.002724609375	0.008779296875	0.0089453125	0.028056640625	0.061064453125	0.070458984375	0.1887109375	0.209453125	0.337607421875	0.4084375	0.433642578125	0.54873046875	0.576318359375	0.64880859375	0.69697265625	0.76115234375	0.830849609375	0.8524609375	0.911826171875	0.954443359375	0.962451171875	0.981328125	0.98556640625	0.986533203125	0.98986328125	0.990791015625	0.9917578125	0.992958984375	0.9933984375	0.993525390625	0.99408203125	0.99390625	0.994267578125	0.993671875	0.993642578125
0.0009765625	0.0009765625	0.001904296875	0.0021875	0.00220703125	0.002236328125	0.002646484375	0.00953125	0.01056640625	0.024560546875	0.05943359375	0.07046875	0.217373046875	0.2080078125	0.4048828125	0.407998046875	0.521689453125	0.558720703125	0.647041015625	0.6691015625	0.74248046875	0.804658203125	0.85119140625	0.90248046875	0.939658203125	0.959716796875	0.97064453125	0.981357421875	0.98513671875	0.987021484375	0.990439453125	0.99099609375	0.991416015625	0.993330078125	0.994091796875	0.993369140625	0.99345703125	0.993740234375	0.99404296875	0.993115234375	0.993935546875
0.0009765625	0.0009765625	0.00123046875	0.00212890625	0.002109375	0.002060546875	0.002861328125	0.009208984375	0.012138671875	0.02462890625	0.05388671875	0.091318359375	0.216484375	0.215869140625	0.405888671875	0.408662109375	0.517705078125	0.566494140625	0.64822265625	0.690703125	0.7108203125	0.8053515625	0.868310546875	0.918701171875	0.932626953125	0.969052734375	0.97115234375	0.986220703125	0.985888671875	0.987158203125	0.989609375	0.99041015625	0.99146484375	0.992548828125	0.99283203125	0.99416015625	0.993974609375	0.99431640625	0.994072265625	0.993701171875	0.99400390625
0.0009765625	0.0009765625	0.00125	0.002001953125	0.002060546875	0.002158203125	0.003076171875	0.009677734375	0.0104296875	0.03640625	0.055419921875	0.16533203125	0.211083984375	0.21189453125	0.405439453125	0.417314453125	0.534638671875	0.577998046875	0.6673828125	0.714970703125	0.778125	0.854775390625	0.9178515625	0.929541015625	0.9384375	0.969111328125	0.9717578125	0.986259765625	0.986728515625	0.989033203125	0.98982421875	0.991201171875	0.991357421875	0.992822265625	0.994013671875	0.993203125	0.993623046875	0.993671875	0.99408203125	0.99419921875	0.993076171875
0.0009765625	0.0009765625	0.001005859375	0.00189453125	0.002119140625	0.0021875	0.002861328125	0.009697265625	0.010634765625	0.0360546875	0.05751953125	0.171640625	0.211669921875	0.295927734375	0.40361328125	0.41685546875	0.53515625	0.62857421875	0.686123046875	0.720966796875	0.7765234375	0.88771484375	0.92279296875	0.933349609375	0.95466796875	0.9710546875	0.978623046875	0.986494140625	0.986875	0.98931640625	0.990234375	0.992109375	0.991396484375	0.992958984375	0.99392578125	0.993994140625	0.99314453125	0.99296875	0.9937109375	0.994248046875	0.993720703125
0.0009765625	0.0009765625	0.0009765625	0.001904296875	0.0019140625	0.00212890625	0.003251953125	0.0112109375	0.010400390625	0.03857421875	0.07431640625	0.18955078125	0.210595703125	0.335283203125	0.4153515625	0.530703125	0.615	0.6244921875	0.71142578125	0.770009765625	0.827373046875	0.9040234375	0.93126953125	0.955771484375	0.954208984375	0.972197265625	0.980234375	0.987138671875	0.987001953125	0.989443359375	0.9900390625	0.991982421875	0.9908203125	0.99255859375	0.994189453125	0.9941796875	0.994208984375	0.993271484375	0.993935546875	0.99365234375	0.993779296875
0.0009765625	0.0009765625	0.000986328125	0.001962890625	0.00216796875	0.002236328125	0.00283203125	0.01123046875	0.014921875	0.035048828125	0.083759765625	0.188134765625	0.263212890625	0.320048828125	0.43859375	0.53765625	0.61435546875	0.663291015625	0.7158203125	0.82365234375	0.880302734375	0.90314453125	0.949951171875	0.955546875	0.9672265625	0.9774609375	0.98150390625	0.987373046875	0.988330078125	0.989560546875	0.990751953125	0.991123046875	0.99232421875	0.992822265625	0.99419921875	0.993837890625	0.99431640625	0.994287109375	0.9944140625	0.993720703125	0.9939453125
0.0009765625	0.0009765625	0.0009765625	0.001279296875	0.00203125	0.002177734375	0.003125	0.008994140625	0.01146484375	0.072880859375	0.081142578125	0.191171875	0.263779296875	0.348251953125	0.442099609375	0.603603515625	0.65681640625	0.69544921875	0.81294921875	0.8826171875	0.88353515625	0.928125	0.954189453125	0.95771484375	0.963857421875	0.97943359375	0.981669921875	0.987490234375	0.98892578125	0.990341796875	0.990595703125	0.99138671875	0.9910546875	0.992900390625	0.9934375	0.993681640625	0.9938671875	0.994248046875	0.99404296875	0.993994140625	0.994609375
0.0009765625	0.0009765625	0.0009765625	0.00123046875	0.002177734375	0.00203125	0.002841796875	0.012333984375	0.013505859375	0.072666015625	0.085615234375	0.245107421875	0.293876953125	0.403525390625	0.5211328125	0.61134765625	0.671552734375	0.75033203125	0.869677734375	0.880537109375	0.880888671875	0.954619140625	0.95693359375	0.9573046875	0.973681640625	0.97994140625	0.982060546875	0.988720703125	0.989267578125	0.989765625	0.98984375	0.992392578125	0.9919140625	0.992509765625	0.994052734375	0.99435546875	0.992958984375	0.994052734375	0.993876953125	0.99359375	0.993955078125
0.0009765625	0.0009765625	0.0009765625	0.001259765625	0.002041015625	0.002255859375	0.002861328125	0.011513671875	0.013779296875	0.092138671875	0.08087890625	0.241943359375	0.316123046875	0.420859375	0.600625	0.647763671875	0.676162109375	0.857353515625	0.882294921875	0.883330078125	0.879208984375	0.9582421875	0.955576171875	0.961328125	0.97349609375	0.98068359375	0.983310546875	0.9887109375	0.989248046875	0.989833984375	0.99015625	0.992060546875	0.99193359375	0.9926171875	0.993203125	0.994208984375	0.99388671875	0.9941796875	0.994462890625	0.993544921875	0.993779296875
0.0009765625	0.0009765625	0.0009765625	0.001025390625	0.00189453125	0.0020703125	0.002705078125	0.010029296875	0.013369140625	0.083623046875	0.220947265625	0.27654296875	0.4169140625	0.61880859375	0.66599609375	0.670830078125	0.803427734375	0.88232421875	0.880869140625	0.894970703125	0.94849609375	0.955830078125	0.95734375	0.96810546875	0.9769140625	0.98130859375	0.98310546875	0.98751953125	0.98986328125	0.99056640625	0.99146484375	0.9923828125	0.99220703125	0.992529296875	0.99365234375	0.994453125	0.9938671875	0.9940234375	0.993740234375	0.99365234375	0.993388671875
0.0009765625	0.0009765625	0.0009765625	0.001015625	0.00185546875	0.002216796875	0.00318359375	0.012431640625	0.012958984375	0.131845703125	0.226484375	0.411533203125	0.423525390625	0.662587890625	0.68533203125	0.7154296875	0.85427734375	0.881474609375	0.8959375	0.92353515625	0.947509765625	0.956845703125	0.961748046875	0.9701171875	0.97572265625	0.98177734375	0.983857421875	0.987763671875	0.9897265625	0.9899609375	0.991279296875	0.991953125	0.99109375	0.99216796875	0.993896484375	0.99431640625	0.994072265625	0.994091796875	0.994658203125	0.994306640625	0.99421875
0.0009765625	0.0009765625	0.0009765625	0.001015625	0.001943359375	0.0023046875	0.002763671875	0.0120703125	0.01478515625	0.11818359375	0.280830078125	0.414599609375	0.5404296875	0.675908203125	0.720107421875	0.814052734375	0.855478515625	0.881640625	0.90375	0.927392578125	0.948251953125	0.95966796875	0.9694140625	0.97654296875	0.977392578125	0.982412109375	0.98615234375	0.988974609375	0.990478515625	0.990634765625	0.991171875	0.9925	0.99140625	0.9934375	0.993837890625	0.99404296875	0.993994140625	0.9937109375	0.99396484375	0.993349609375	0.993388671875
0.0009765625	0.0009765625	0.0009765625	0.0009765625	0.00193359375	0.0019921875	0.002919921875	0.011162109375	0.019287109375	0.129755859375	0.381953125	0.4790234375	0.531875	0.71498046875	0.78615234375	0.8548046875	0.8548828125	0.897783203125	0.924130859375	0.939765625	0.948447265625	0.963603515625	0.96833984375	0.977275390625	0.976943359375	0.9821484375	0.98521484375	0.98896484375	0.989951171875	0.9909765625	0.991748046875	0.991259765625	0.99189453125	0.99326171875	0.993427734375	0.9939453125	0.99376953125	0.99333984375	0.9935546875	0.9940625	0.993974609375
0.0009765625	0.0009765625	0.0009765625	0.0009765625	0.001201171875	0.001982421875	0.002890625	0.01337890625	0.02513671875	0.20091796875	0.380859375	0.486962890625	0.671875	0.76541015625	0.791591796875	0.85388671875	0.88626953125	0.918486328125	0.928984375	0.94154296875	0.9521875	0.967373046875	0.96927734375	0.97703125	0.978447265625	0.9830078125	0.985048828125	0.988974609375	0.9908203125	0.991142578125	0.99078125	0.992021484375	0.992119140625	0.99234375	0.993544921875	0.993359375	0.994267578125	0.994287109375	0.994150390625	0.993525390625	0.994072265625
0.0009765625	0.0009765625	0.0009765625	0.000986328125	0.001279296875	0.001982421875	0.002841796875	0.016904296875	0.02865234375	0.2321484375	0.4665625	0.54857421875	0.7623828125	0.76765625	0.863857421875	0.868330078125	0.90435546875	0.924228515625	0.92703125	0.950126953125	0.9537890625	0.968349609375	0.972314453125	0.9780078125	0.978046875	0.986396484375	0.985517578125	0.990556640625	0.990498046875	0.991396484375	0.99138671875	0.99265625	0.99177734375	0.99314453125	0.99392578125	0.993740234375	0.994013671875	0.993994140625	0.9937109375	0.99423828125	0.993798828125
0.0009765625	0.0009765625	0.0009765625	0.0009765625	0.001171875	0.001962890625	0.002919921875	0.0224609375	0.031240234375	0.407109375	0.484208984375	0.7427734375	0.766259765625	0.781416015625	0.869921875	0.868740234375	0.91154296875	0.931376953125	0.943642578125	0.9525390625	0.957998046875	0.9691796875	0.973046875	0.97814453125	0.978671875	0.98521484375	0.985859375	0.99103515625	0.990439453125	0.991123046875	0.990791015625	0.991240234375	0.992265625	0.992646484375	0.993828125	0.99376953125	0.993046875	0.993466796875	0.993271484375	0.992626953125	0.99384765625
0.0009765625	0.0009765625	0.0009765625	0.0009765625	0.0012109375	0.00193359375	0.00298828125	0.011123046875	0.03232421875	0.41203125	0.483076171875	0.766298828125	0.771337890625	0.84806640625	0.867412109375	0.89033203125	0.912333984375	0.932685546875	0.945546875	0.955361328125	0.959755859375	0.97154296875	0.977080078125	0.97845703125	0.979189453125	0.98619140625	0.986025390625	0.989375	0.991025390625	0.9912109375	0.991552734375	0.991591796875	0.99263671875	0.99236328125	0.9937890625	0.994443359375	0.994658203125	0.993935546875	0.99330078125	0.993212890625	0.99453125
0.0009765625	0.0009765625	0.0009765625	0.0009765625	0.00099609375	0.00189453125	0.002705078125	0.01591796875	0.028759765625	0.479423828125	0.477236328125	0.76896484375	0.786845703125	0.851787109375	0.874013671875	0.894560546875	0.918564453125	0.933583984375	0.945703125	0.95919921875	0.959755859375	0.972900390625	0.9778515625	0.978740234375	0.9809375	0.98603515625	0.98533203125	0.989853515625	0.990341796875	0.991435546875	0.991455078125	0.991337890625	0.991748046875	0.993369140625	0.9935546875	0.99384765625	0.994501953125	0.994306640625	0.994453125	0.993720703125	0.99328125
0.0009765625	0.0009765625	0.0009765625	0.0009765625	0.001025390625	0.001220703125	0.002548828125	0.01396484375	0.036923828125	0.50064453125	0.5008203125	0.78498046875	0.8284375	0.85375	0.88837890625	0.894921875	0.921201171875	0.94611328125	0.948173828125	0.9588671875	0.960126953125	0.973173828125	0.977431640625	0.978125	0.979990234375	0.98490234375	0.98623046875	0.990595703125	0.99087890625	0.99169921875	0.99138671875	0.99248046875	0.992451171875	0.992841796875	0.993349609375	0.99396484375	0.994130859375	0.99380859375	0.993583984375	0.993740234375	0.994443359375
0.0009765625	0.0009765625	0.0009765625	0.0009765625	0.001044921875	0.001220703125	0.002412109375	0.018212890625	0.044384765625	0.483037109375	0.77259765625	0.793701171875	0.849970703125	0.869443359375	0.8919140625	0.919658203125	0.923564453125	0.9462109375	0.957373046875	0.958935546875	0.96248046875	0.971591796875	0.9784765625	0.97939453125	0.981748046875	0.9856640625	0.98720703125	0.9901953125	0.990595703125	0.9908203125	0.991904296875	0.992548828125	0.992451171875	0.99296875	0.99376953125	0.994521484375	0.9931640625	0.994052734375	0.994052734375	0.993564453125	0.994423828125
0.0009765625	0.0009765625	0.0009765625	0.0009765625	0.000986328125	0.00123046875	0.00279296875	0.022236328125	0.363583984375	0.49109375	0.773095703125	0.831943359375	0.84955078125	0.876015625	0.898662109375	0.92099609375	0.93126953125	0.94689453125	0.959833984375	0.96087890625	0.96416015625	0.97474609375	0.979306640625	0.980498046875	0.98130859375	0.985859375	0.987568359375	0.990205078125	0.9905078125	0.99166015625	0.99205078125	0.9923828125	0.991162109375	0.993271484375	0.993740234375	0.994228515625	0.9932421875	0.99380859375	0.99330078125	0.99359375	0.99369140625
0.0009765625	0.0009765625	0.0009765625	0.0009765625	0.001005859375	0.001240234375	0.0030078125	0.024482421875	0.34640625	0.535556640625	0.779853515625	0.84810546875	0.86865234375	0.8785546875	0.9041015625	0.924326171875	0.93345703125	0.952548828125	0.95982421875	0.963740234375	0.96298828125	0.973740234375	0.979189453125	0.980947265625	0.9816796875	0.98623046875	0.98685546875	0.9903125	0.9909375	0.991630859375	0.991630859375	0.9913671875	0.99171875	0.99240234375	0.993984375	0.993486328125	0.993212890625	0.9937109375	0.994599609375	0.994228515625	0.994501953125
0.0009765625	0.0009765625	0.0009765625	0.0009765625	0.000986328125	0.001181640625	0.002294921875	0.052080078125	0.3492578125	0.723232421875	0.814853515625	0.86173828125	0.877529296875	0.882060546875	0.903193359375	0.923837890625	0.9326171875	0.95130859375	0.961484375	0.96384765625	0.9634765625	0.974228515625	0.9814453125	0.98126953125	0.981962890625	0.986640625	0.987177734375	0.9898828125	0.990263671875	0.9915234375	0.99107421875	0.992041015625	0.9919921875	0.9930078125	0.99376953125	0.99357421875	0.99298828125	0.99384765625	0.993203125	0.994423828125	0.993828125
0.0009765625	0.0009765625	0.0009765625	0.0009765625	0.0009765625	0.00099609375	0.002734375	0.058232421875	0.402177734375	0.729111328125	0.8183984375	0.866708984375	0.876064453125	0.88142578125	0.90541015625	0.92205078125	0.93501953125	0.953564453125	0.96052734375	0.96337890625	0.9638671875	0.978544921875	0.980185546875	0.98107421875	0.981728515625	0.98611328125	0.987529296875	0.990224609375	0.990830078125	0.991728515625	0.991640625	0.99166015625	0.99248046875	0.99353515625	0.994130859375	0.993388671875	0.99373046875	0.994072265625	0.9933984375	0.9940625	0.9938671875
0.0009765625	0.0009765625	0.0009765625	0.0009765625	0.0009765625	0.001025390625	0.0015234375	0.148076171875	0.6051171875	0.818701171875	0.849912109375	0.87287109375	0.876796875	0.879775390625	0.90306640625	0.9316796875	0.93669921875	0.959326171875	0.9625390625	0.965771484375	0.963779296875	0.977578125	0.980859375	0.98123046875	0.9817578125	0.987607421875	0.987607421875	0.990302734375	0.991435546875	0.99138671875	0.991240234375	0.991982421875	0.992646484375	0.992490234375	0.994384765625	0.993017578125	0.993486328125	0.993720703125	0.9938671875	0.993408203125	0.99490234375
0.0009765625	0.0009765625	0.0009765625	0.0009765625	0.0009765625	0.0010546875	0.00166015625	0.1309375	0.61033203125	0.835146484375	0.8580078125	0.87330078125	0.880244140625	0.88009765625	0.92240234375	0.936640625	0.93595703125	0.960087890625	0.964111328125	0.9632421875	0.964775390625	0.978125	0.981513671875	0.982197265625	0.981875	0.987529296875	0.987470703125	0.99048828125	0.99138671875	0.99201171875	0.991640625	0.9924609375	0.9918359375	0.9942578125	0.9939453125	0.99470703125	0.99373046875	0.993994140625	0.994658203125	0.99423828125	0.9934375
0.0009765625	0.0009765625	0.0009765625	0.0009765625	0.0009765625	0.001015625	0.001845703125	0.211337890625	0.65583984375	0.854248046875	0.8562109375	0.873779296875	0.88197265625	0.879345703125	0.922353515625	0.936318359375	0.93513671875	0.961669921875	0.96287109375	0.96478515625	0.96345703125	0.98064453125	0.980078125	0.981669921875	0.98140625	0.986435546875	0.987646484375	0.99173828125	0.99076171875	0.991669921875	0.9915625	0.9926953125	0.9922265625	0.993798828125	0.993095703125	0.99408203125	0.994013671875	0.994091796875	0.993701171875	0.994169921875	0.994296875
0.0009765625	0.0009765625	0.0009765625	0.0009765625	0.0009765625	0.001044921875	0.00232421875	0.44	0.668623046875	0.85732421875	0.855986328125	0.8762109375	0.880498046875	0.880380859375	0.93779296875	0.93705078125	0.93634765625	0.962685546875	0.96337890625	0.963310546875	0.96328125	0.980751953125	0.9805078125	0.98056640625	0.981845703125	0.9866796875	0.988046875	0.9907421875	0.99140625	0.99169921875	0.9915234375	0.99234375	0.991494140625	0.993046875	0.994140625	0.993583984375	0.99384765625	0.993779296875	0.992998046875	0.993427734375	0.994287109375
0.0009765625	0.0009765625	0.0009765625	0.0009765625	0.0009765625	0.0009765625	0.0034375	0.66568359375	0.66705078125	0.858349609375	0.858583984375	0.87671875	0.88064453125	0.878408203125	0.9390234375	0.938125	0.938154296875	0.961962890625	0.9621484375	0.963095703125	0.96388671875	0.980654296875	0.9804296875	0.982314453125	0.981240234375	0.988125	0.98732421875	0.9909375	0.990498046875	0.990625	0.9909765625	0.99203125	0.99185546875	0.9937109375	0.993388671875	0.9932421875	0.994150390625	0.993720703125	0.99310546875	0.994140625	0.99396484375
