0.0009765625	0.0021875	0.00212890625	0.002138671875	0.00208984375	0.00232421875	0.002802734375	0.0103515625	0.00875	0.01994140625	0.02244140625	0.03224609375	0.058564453125	0.06521484375	0.248466796875	0.237978515625	0.25947265625	0.37107421875	0.453603515625	0.451630859375	0.454814453125	0.701240234375	0.70294921875	0.743896484375	0.74298828125	0.8053125	0.81587890625	0.95224609375	0.9515625	0.9723046875	0.9733984375	0.9778515625	0.97783203125	0.98767578125	0.99333984375	0.9921875	0.993125	0.99359375	0.99263671875	0.99392578125	0.993896484375
0.0009765625	0.0021875	0.002158203125	0.00220703125	0.00185546875	0.002158203125	0.002763671875	0.008818359375	0.010712890625	0.02203125	0.02544921875	0.028603515625	0.057001953125	0.05814453125	0.24541015625	0.26462890625	0.330390625	0.43662109375	0.453564453125	0.450390625	0.63029296875	0.69943359375	0.700966796875	0.74578125	0.780009765625	0.81455078125	0.809521484375	0.95208984375	0.9544140625	0.972646484375	0.975859375	0.977568359375	0.9837109375	0.99087890625	0.993232421875	0.99390625	0.993701171875	0.99333984375	0.993681640625	0.99310546875	0.9940234375
0.0009765625	0.002236328125	0.00201171875	0.002177734375	0.0020703125	0.002236328125	0.00275390625	0.01154296875	0.009716796875	0.025068359375	0.027431640625	0.0328125	0.059912109375	0.09564453125	0.248876953125	0.26734375	0.327939453125	0.4354296875	0.45087890625	0.47509765625	0.6941796875	0.70123046875	0.70759765625	0.74771484375	0.804296875	0.809736328125	0.850927734375	0.95265625	0.962060546875	0.974697265625	0.978876953125	0.980087890625	0.986474609375	0.991806640625	0.993486328125	0.99359375	0.992802734375	0.993349609375	0.993720703125	0.99384765625	0.993671875
0.0009765625	0.002177734375	0.00224609375	0.002158203125	0.0021875	0.002158203125	0.002734375	0.009970703125	0.012353515625	0.022421875	0.0247265625	0.036650390625	0.06291015625	0.161572265625	0.2490234375	0.287529296875	0.344677734375	0.433017578125	0.4544921875	0.48412109375	0.63177734375	0.70068359375	0.70712890625	0.75958984375	0.780419921875	0.822021484375	0.882294921875	0.959453125	0.96783203125	0.97392578125	0.978515625	0.98294921875	0.988642578125	0.992939453125	0.99380859375	0.99359375	0.993564453125	0.993681640625	0.993466796875	0.9930859375	0.994345703125
0.0009765625	0.0021875	0.002119140625	0.0020703125	0.002138671875	0.00212890625	0.00294921875	0.00736328125	0.00876953125	0.021669921875	0.024267578125	0.056142578125	0.05916015625	0.164169921875	0.250126953125	0.28759765625	0.339912109375	0.435126953125	0.454130859375	0.552041015625	0.628818359375	0.701845703125	0.722119140625	0.759384765625	0.78060546875	0.844326171875	0.889306640625	0.96306640625	0.967138671875	0.97572265625	0.978388671875	0.9841796875	0.990439453125	0.9929296875	0.99314453125	0.993212890625	0.993232421875	0.994287109375	0.99349609375	0.993828125	0.993642578125
0.0009765625	0.0019921875	0.00244140625	0.002099609375	0.00208984375	0.00216796875	0.00294921875	0.009873046875	0.0110546875	0.024755859375	0.02607421875	0.04486328125	0.092470703125	0.159248046875	0.257333984375	0.289814453125	0.370537109375	0.436474609375	0.48193359375	0.55943359375	0.62892578125	0.70869140625	0.72416015625	0.762734375	0.79357421875	0.845556640625	0.9310546875	0.96171875	0.972890625	0.976259765625	0.9805078125	0.986396484375	0.99013671875	0.992607421875	0.992919921875	0.99369140625	0.993857421875	0.994482421875	0.993125	0.993974609375	0.99328125
0.0009765625	0.0019921875	0.00205078125	0.00224609375	0.0019140625	0.002216796875	0.00279296875	0.011298828125	0.010693359375	0.026328125	0.0258203125	0.042783203125	0.09591796875	0.165625	0.28138671875	0.33849609375	0.371884765625	0.43603515625	0.549931640625	0.626728515625	0.630556640625	0.713359375	0.749853515625	0.79326171875	0.821787109375	0.889501953125	0.933837890625	0.968291015625	0.973310546875	0.9790234375	0.983798828125	0.9884375	0.98974609375	0.9929296875	0.993115234375	0.99384765625	0.992939453125	0.99326171875	0.99326171875	0.993583984375	0.993837890625
0.0009765625	0.00130859375	0.002138671875	0.00224609375	0.001923828125	0.00197265625	0.003115234375	0.0104296875	0.009970703125	0.022744140625	0.030556640625	0.07576171875	0.09427734375	0.165078125	0.280986328125	0.338251953125	0.373076171875	0.461298828125	0.553974609375	0.628369140625	0.7020703125	0.725361328125	0.764716796875	0.79173828125	0.855322265625	0.90181640625	0.940634765625	0.9693359375	0.977099609375	0.9825	0.986474609375	0.9882421875	0.99033203125	0.99263671875	0.9937109375	0.9940234375	0.99375	0.99224609375	0.993427734375	0.993525390625	0.994189453125
0.0009765625	0.0009765625	0.0019140625	0.002216796875	0.00234375	0.002353515625	0.002880859375	0.008212890625	0.00966796875	0.02201171875	0.027216796875	0.068759765625	0.09294921875	0.1930078125	0.2949609375	0.370185546875	0.373466796875	0.461337890625	0.5541796875	0.629306640625	0.647138671875	0.739287109375	0.760185546875	0.833486328125	0.83419921875	0.901708984375	0.94419921875	0.972216796875	0.97716796875	0.983818359375	0.9863671875	0.99072265625	0.991484375	0.992724609375	0.9935546875	0.993994140625	0.993662109375	0.993115234375	0.99462890625	0.993955078125	0.99248046875
0.0009765625	0.0009765625	0.002119140625	0.002216796875	0.002138671875	0.0022265625	0.00296875	0.010263671875	0.010634765625	0.0333984375	0.02666015625	0.06869140625	0.162333984375	0.203271484375	0.299970703125	0.36755859375	0.430107421875	0.4704296875	0.563740234375	0.64015625	0.64916015625	0.750810546875	0.761318359375	0.831552734375	0.89189453125	0.921640625	0.9523046875	0.975419921875	0.981650390625	0.98646484375	0.986552734375	0.98984375	0.99103515625	0.992724609375	0.99376953125	0.99345703125	0.9928515625	0.993125	0.99369140625	0.993759765625	0.993583984375
0.0009765625	0.0009765625	0.0019921875	0.002080078125	0.00216796875	0.00205078125	0.00291015625	0.009521484375	0.008271484375	0.024794921875	0.031474609375	0.082880859375	0.1593359375	0.217861328125	0.302373046875	0.36830078125	0.426845703125	0.540810546875	0.5620703125	0.64828125	0.64876953125	0.7493359375	0.810986328125	0.8527734375	0.891552734375	0.9233203125	0.95744140625	0.9785546875	0.98099609375	0.98740234375	0.987744140625	0.9898046875	0.9912109375	0.992001953125	0.9935546875	0.99291015625	0.994052734375	0.99388671875	0.993857421875	0.99357421875	0.993505859375
0.0009765625	0.0009765625	0.002119140625	0.0022265625	0.00208984375	0.00216796875	0.0031640625	0.010654296875	0.009541015625	0.030703125	0.058369140625	0.07525390625	0.1952734375	0.21330078125	0.340048828125	0.4055078125	0.434365234375	0.54869140625	0.5726171875	0.65015625	0.69625	0.75841796875	0.834453125	0.854921875	0.909462890625	0.95400390625	0.9624609375	0.98046875	0.986220703125	0.9869921875	0.98912109375	0.9896484375	0.99080078125	0.99232421875	0.993857421875	0.993740234375	0.9928515625	0.993642578125	0.993681640625	0.9923046875	0.99416015625
0.0009765625	0.0009765625	0.001884765625	0.0019921875	0.002236328125	0.002294921875	0.00271484375	0.009423828125	0.008515625	0.0252734375	0.05748046875	0.08150390625	0.219931640625	0.21583984375	0.400146484375	0.402939453125	0.518544921875	0.55642578125	0.646181640625	0.663720703125	0.74080078125	0.8041015625	0.847158203125	0.90208984375	0.939541015625	0.9584375	0.97029296875	0.98080078125	0.986103515625	0.986552734375	0.989814453125	0.990888671875	0.99169921875	0.9925390625	0.993828125	0.9934375	0.9941015625	0.993984375	0.993291015625	0.99369140625	0.99341796875
0.0009765625	0.0009765625	0.001279296875	0.002060546875	0.00205078125	0.002177734375	0.00294921875	0.010166015625	0.009892578125	0.023544921875	0.06236328125	0.0960546875	0.20947265625	0.2147265625	0.401748046875	0.40541015625	0.516298828125	0.567802734375	0.645869140625	0.686748046875	0.706845703125	0.81044921875	0.8673828125	0.9190234375	0.934326171875	0.96947265625	0.970595703125	0.9866015625	0.9861328125	0.987275390625	0.989482421875	0.99056640625	0.99150390625	0.992373046875	0.99318359375	0.99376953125	0.99310546875	0.993447265625	0.993564453125	0.993603515625	0.993701171875
0.0009765625	0.0009765625	0.0012890625	0.00203125	0.0019140625	0.0021484375	0.003251953125	0.0104296875	0.012900390625	0.040771484375	0.065166015625	0.166533203125	0.218642578125	0.21861328125	0.40431640625	0.41484375	0.533505859375	0.57759765625	0.667099609375	0.709912109375	0.7767578125	0.8527734375	0.91705078125	0.92888671875	0.93736328125	0.970205078125	0.970830078125	0.9855859375	0.98572265625	0.9881640625	0.9887890625	0.990615234375	0.992001953125	0.993154296875	0.993349609375	0.993134765625	0.99337890625	0.993994140625	0.993486328125	0.994111328125	0.993544921875
0.0009765625	0.0009765625	0.001015625	0.002001953125	0.002197265625	0.002255859375	0.002685546875	0.011708984375	0.0100390625	0.042734375	0.06638671875	0.17455078125	0.218310546875	0.29771484375	0.403662109375	0.419052734375	0.53232421875	0.61873046875	0.6856640625	0.7270703125	0.7752734375	0.8879296875	0.922470703125	0.931376953125	0.95333984375	0.97095703125	0.9766796875	0.985341796875	0.986640625	0.9880859375	0.9888671875	0.991689453125	0.9913671875	0.99328125	0.99306640625	0.99328125	0.993623046875	0.9939453125	0.993046875	0.993173828125	0.9940234375
0.0009765625	0.0009765625	0.000986328125	0.002109375	0.00203125	0.002216796875	0.0030078125	0.011484375	0.013125	0.045810546875	0.088544921875	0.194638671875	0.21482421875	0.3369921875	0.413134765625	0.53216796875	0.609404296875	0.623837890625	0.71634765625	0.778701171875	0.833095703125	0.902431640625	0.928837890625	0.955068359375	0.955537109375	0.971025390625	0.981123046875	0.9859765625	0.98599609375	0.98974609375	0.989775390625	0.991630859375	0.99095703125	0.99306640625	0.9936328125	0.994580078125	0.993837890625	0.99388671875	0.993447265625	0.993408203125	0.9940625
0.0009765625	0.0009765625	0.0009765625	0.001845703125	0.002158203125	0.00220703125	0.00314453125	0.01119140625	0.01529296875	0.04345703125	0.093291015625	0.19396484375	0.264296875	0.33345703125	0.43509765625	0.533798828125	0.598291015625	0.6544140625	0.720732421875	0.823994140625	0.878447265625	0.90296875	0.95076171875	0.953701171875	0.965419921875	0.9775390625	0.98076171875	0.987138671875	0.9876953125	0.990615234375	0.990244140625	0.991611328125	0.99177734375	0.99287109375	0.993876953125	0.993369140625	0.993154296875	0.994150390625	0.993994140625	0.99390625	0.9934765625
0.0009765625	0.0009765625	0.0009765625	0.001171875	0.002099609375	0.00224609375	0.003046875	0.00984375	0.011748046875	0.085615234375	0.085927734375	0.184560546875	0.26671875	0.3448828125	0.44115234375	0.595009765625	0.64845703125	0.697001953125	0.80576171875	0.8808984375	0.880341796875	0.925966796875	0.951884765625	0.956396484375	0.96603515625	0.9773828125	0.980654296875	0.98666015625	0.9884375	0.98943359375	0.99033203125	0.991923828125	0.991162109375	0.993056640625	0.993232421875	0.99388671875	0.99365234375	0.99306640625	0.993251953125	0.99359375	0.993125
0.0009765625	0.0009765625	0.0009765625	0.0012890625	0.002001953125	0.002255859375	0.003046875	0.012099609375	0.0175	0.077490234375	0.068154296875	0.2490625	0.29630859375	0.408779296875	0.517978515625	0.60734375	0.67533203125	0.75802734375	0.86931640625	0.879873046875	0.87900390625	0.953681640625	0.955830078125	0.95658203125	0.972333984375	0.97953125	0.98251953125	0.988427734375	0.988115234375	0.99056640625	0.989912109375	0.990791015625	0.99240234375	0.992431640625	0.99373046875	0.993779296875	0.993603515625	0.993330078125	0.99390625	0.9940625	0.99392578125
0.0009765625	0.0009765625	0.0009765625	0.001220703125	0.001962890625	0.00220703125	0.003017578125	0.01126953125	0.016279296875	0.092275390625	0.086689453125	0.251611328125	0.31439453125	0.409423828125	0.615283203125	0.645068359375	0.669267578125	0.8575390625	0.877451171875	0.878623046875	0.882861328125	0.95587890625	0.95654296875	0.960185546875	0.97328125	0.9808203125	0.982666015625	0.98884765625	0.987880859375	0.99048828125	0.989794921875	0.99193359375	0.992392578125	0.993173828125	0.99380859375	0.9930859375	0.9943359375	0.994296875	0.99349609375	0.994384765625	0.993359375
0.0009765625	0.0009765625	0.0009765625	0.001005859375	0.002060546875	0.00203125	0.0026171875	0.012421875	0.012646484375	0.081474609375	0.231845703125	0.2841796875	0.421044921875	0.620400390625	0.66259765625	0.6831640625	0.800576171875	0.88126953125	0.8818359375	0.893876953125	0.94759765625	0.95625	0.95728515625	0.968056640625	0.975927734375	0.98080078125	0.98294921875	0.9883203125	0.989775390625	0.990009765625	0.991630859375	0.991484375	0.991025390625	0.992529296875	0.99376953125	0.994130859375	0.993408203125	0.99392578125	0.99330078125	0.994169921875	0.99412109375
0.0009765625	0.0009765625	0.0009765625	0.00099609375	0.001884765625	0.00203125	0.002841796875	0.016484375	0.014912109375	0.15044921875	0.224609375	0.415126953125	0.42419921875	0.653310546875	0.682021484375	0.713798828125	0.849814453125	0.88333984375	0.89552734375	0.921533203125	0.947548828125	0.9553125	0.9611328125	0.966806640625	0.9764453125	0.9817578125	0.9835546875	0.988037109375	0.989619140625	0.98892578125	0.990205078125	0.991416015625	0.99185546875	0.992119140625	0.993388671875	0.9934375	0.99337890625	0.99359375	0.9942578125	0.992958984375	0.9941015625
0.0009765625	0.0009765625	0.0009765625	0.001015625	0.001982421875	0.00232421875	0.0025390625	0.011220703125	0.018115234375	0.151181640625	0.266123046875	0.40576171875	0.523232421875	0.6725390625	0.719091796875	0.81080078125	0.853896484375	0.880615234375	0.90091796875	0.925185546875	0.944775390625	0.96083984375	0.96837890625	0.9755859375	0.976298828125	0.983095703125	0.9851953125	0.98875	0.98890625	0.990537109375	0.991875	0.99126953125	0.991494140625	0.99255859375	0.993544921875	0.993857421875	0.994306640625	0.993046875	0.994306640625	0.993828125	0.99373046875
0.0009765625	0.0009765625	0.0009765625	0.0009765625	0.00197265625	0.0019921875	0.00248046875	0.015078125	0.026318359375	0.139892578125	0.386142578125	0.4776171875	0.5351953125	0.709541015625	0.78408203125	0.854248046875	0.853583984375	0.8988671875	0.921328125	0.938994140625	0.94666015625	0.961689453125	0.96708984375	0.976904296875	0.97544921875	0.98322265625	0.98494140625	0.98869140625	0.988974609375	0.99080078125	0.991201171875	0.991728515625	0.991728515625	0.99306640625	0.993232421875	0.993125	0.994052734375	0.993232421875	0.994033203125	0.9941796875	0.993212890625
0.0009765625	0.0009765625	0.0009765625	0.0009765625	0.00126953125	0.00181640625	0.003212890625	0.015546875	0.04478515625	0.22404296875	0.38779296875	0.472568359375	0.67052734375	0.76154296875	0.7923046875	0.854677734375	0.886953125	0.918505859375	0.926298828125	0.941171875	0.94994140625	0.9686328125	0.968232421875	0.976298828125	0.977685546875	0.982373046875	0.985439453125	0.988447265625	0.990244140625	0.990009765625	0.991142578125	0.99123046875	0.9921484375	0.992802734375	0.9934765625	0.993427734375	0.99427734375	0.9937890625	0.9933203125	0.99326171875	0.99396484375
0.0009765625	0.0009765625	0.0009765625	0.0009765625	0.00123046875	0.001787109375	0.002724609375	0.017197265625	0.054375	0.24265625	0.46416015625	0.55005859375	0.764248046875	0.75974609375	0.867275390625	0.867353515625	0.906640625	0.924404296875	0.9265625	0.95134765625	0.9525390625	0.967265625	0.971572265625	0.9774609375	0.97767578125	0.985322265625	0.9852734375	0.9898046875	0.98951171875	0.990068359375	0.99115234375	0.991142578125	0.991591796875	0.992998046875	0.993369140625	0.9934765625	0.99337890625	0.9934765625	0.993076171875	0.993251953125	0.993193359375
0.0009765625	0.0009765625	0.0009765625	0.0009765625	0.00123046875	0.0021484375	0.0030078125	0.020341796875	0.038251953125	0.40580078125	0.47912109375	0.745966796875	0.766181640625	0.7781640625	0.867802734375	0.87259765625	0.908740234375	0.9257421875	0.944912109375	0.952998046875	0.958583984375	0.968798828125	0.973837890625	0.9779296875	0.977861328125	0.9853515625	0.984765625	0.99001953125	0.990341796875	0.990224609375	0.99078125	0.99181640625	0.992197265625	0.99263671875	0.993876953125	0.9940234375	0.99404296875	0.99404296875	0.994150390625	0.9934765625	0.99380859375
0.0009765625	0.0009765625	0.0009765625	0.0009765625	0.00123046875	0.002138671875	0.0032421875	0.021455078125	0.04365234375	0.3983203125	0.4795703125	0.762412109375	0.76421875	0.84359375	0.86865234375	0.888671875	0.912578125	0.931728515625	0.944501953125	0.953271484375	0.9581640625	0.971318359375	0.97716796875	0.977421875	0.9775390625	0.985732421875	0.986044921875	0.989736328125	0.9905078125	0.991162109375	0.991552734375	0.991787109375	0.991982421875	0.9930078125	0.99359375	0.99341796875	0.993154296875	0.9936328125	0.993984375	0.993212890625	0.993388671875
0.0009765625	0.0009765625	0.0009765625	0.0009765625	0.00103515625	0.001845703125	0.003154296875	0.0126171875	0.065576171875	0.485224609375	0.5003125	0.768125	0.77951171875	0.84671875	0.873828125	0.892431640625	0.91787109375	0.932578125	0.945185546875	0.95826171875	0.959755859375	0.971083984375	0.97802734375	0.978720703125	0.981416015625	0.986220703125	0.98556640625	0.9904296875	0.98998046875	0.99150390625	0.99013671875	0.9917578125	0.991259765625	0.99259765625	0.993193359375	0.9926953125	0.993212890625	0.99302734375	0.99404296875	0.992978515625	0.993955078125
0.0009765625	0.0009765625	0.0009765625	0.0009765625	0.0010546875	0.001298828125	0.002734375	0.02177734375	0.073681640625	0.5015234375	0.5039453125	0.7784375	0.826455078125	0.849990234375	0.887177734375	0.89599609375	0.918427734375	0.94599609375	0.947421875	0.95900390625	0.9580078125	0.9714453125	0.97701171875	0.97806640625	0.9802734375	0.984970703125	0.986005859375	0.990673828125	0.98943359375	0.9906640625	0.991103515625	0.991201171875	0.991943359375	0.99271484375	0.993623046875	0.993251953125	0.99431640625	0.994306640625	0.994345703125	0.99423828125	0.993984375
0.0009765625	0.0009765625	0.0009765625	0.0009765625	0.001005859375	0.00138671875	0.002685546875	0.0267578125	0.089697265625	0.501181640625	0.765537109375	0.79005859375	0.843935546875	0.86849609375	0.89021484375	0.916259765625	0.920087890625	0.945830078125	0.95880859375	0.958857421875	0.963212890625	0.972392578125	0.9774609375	0.978984375	0.9796484375	0.985439453125	0.986875	0.990302734375	0.990380859375	0.991708984375	0.99228515625	0.990830078125	0.991650390625	0.993046875	0.99380859375	0.99392578125	0.993671875	0.993662109375	0.993662109375	0.993701171875	0.9939453125
0.0009765625	0.0009765625	0.0009765625	0.0009765625	0.000986328125	0.001220703125	0.002578125	0.039091796875	0.3551171875	0.508095703125	0.764619140625	0.824990234375	0.848125	0.8750390625	0.897607421875	0.9198828125	0.9306640625	0.946982421875	0.956650390625	0.96099609375	0.961962890625	0.97310546875	0.9775390625	0.98001953125	0.980478515625	0.985087890625	0.9869921875	0.9901953125	0.990263671875	0.99078125	0.991142578125	0.99134765625	0.991640625	0.993359375	0.994228515625	0.993779296875	0.992802734375	0.993525390625	0.993583984375	0.992333984375	0.993671875
0.0009765625	0.0009765625	0.0009765625	0.0009765625	0.0009765625	0.00123046875	0.002841796875	0.043173828125	0.3587890625	0.53646484375	0.773408203125	0.846318359375	0.86830078125	0.878662109375	0.90193359375	0.92125	0.931259765625	0.95193359375	0.957802734375	0.9622265625	0.96216796875	0.973662109375	0.97916015625	0.98107421875	0.981318359375	0.985908203125	0.987314453125	0.990771484375	0.991279296875	0.99033203125	0.990869140625	0.991494140625	0.991708984375	0.992705078125	0.993974609375	0.994169921875	0.99369140625	0.9936328125	0.994111328125	0.99423828125	0.99474609375
0.0009765625	0.0009765625	0.0009765625	0.0009765625	0.0009765625	0.001279296875	0.0026953125	0.063818359375	0.3708203125	0.711025390625	0.81109375	0.862822265625	0.877216796875	0.877314453125	0.89974609375	0.92359375	0.931669921875	0.952001953125	0.96064453125	0.96259765625	0.96439453125	0.973486328125	0.980361328125	0.9817578125	0.98193359375	0.9862109375	0.986064453125	0.99099609375	0.990634765625	0.991640625	0.991123046875	0.99189453125	0.99162109375	0.99345703125	0.993271484375	0.994228515625	0.992900390625	0.99296875	0.9935546875	0.99400390625	0.99361328125
0.0009765625	0.0009765625	0.0009765625	0.0009765625	0.0009765625	0.001064453125	0.00287109375	0.0663671875	0.41515625	0.72314453125	0.81607421875	0.865439453125	0.874765625	0.878544921875	0.9016796875	0.92439453125	0.935068359375	0.952158203125	0.960654296875	0.963330078125	0.963232421875	0.978017578125	0.979755859375	0.98126953125	0.980009765625	0.9859375	0.98685546875	0.99013671875	0.990556640625	0.990576171875	0.991044921875	0.991513671875	0.991845703125	0.992509765625	0.9939453125	0.994013671875	0.99419921875	0.99375	0.993974609375	0.99306640625	0.993720703125
0.0009765625	0.0009765625	0.0009765625	0.0009765625	0.0009765625	0.001015625	0.001640625	0.1568359375	0.601279296875	0.815732421875	0.84677734375	0.871748046875	0.876875	0.87974609375	0.903994140625	0.931962890625	0.9347265625	0.958759765625	0.9621484375	0.96236328125	0.96416015625	0.977685546875	0.979052734375	0.98041015625	0.980439453125	0.986396484375	0.9868359375	0.990322265625	0.990888671875	0.991396484375	0.991357421875	0.991416015625	0.991884765625	0.99326171875	0.9931640625	0.99419921875	0.993671875	0.99302734375	0.99400390625	0.99369140625	0.9935546875
0.0009765625	0.0009765625	0.0009765625	0.0009765625	0.0009765625	0.00099609375	0.001591796875	0.174150390625	0.603505859375	0.830927734375	0.858349609375	0.87384765625	0.878603515625	0.878134765625	0.921875	0.934462890625	0.93314453125	0.959052734375	0.96318359375	0.962265625	0.962578125	0.97853515625	0.980595703125	0.981015625	0.980888671875	0.98728515625	0.986669921875	0.989404296875	0.990419921875	0.991796875	0.991337890625	0.992294921875	0.9915625	0.993232421875	0.9924609375	0.993369140625	0.993740234375	0.994111328125	0.993125	0.993603515625	0.99333984375
0.0009765625	0.0009765625	0.0009765625	0.0009765625	0.0009765625	0.00099609375	0.00181640625	0.25431640625	0.648212890625	0.85048828125	0.85587890625	0.874345703125	0.880234375	0.8772265625	0.92201171875	0.93705078125	0.93615234375	0.96083984375	0.9641015625	0.963603515625	0.96291015625	0.980234375	0.9816015625	0.9809375	0.98146484375	0.9875390625	0.987158203125	0.9904296875	0.99048828125	0.9911328125	0.990498046875	0.991708984375	0.99111328125	0.99302734375	0.9930859375	0.994365234375	0.993525390625	0.993701171875	0.993935546875	0.9934375	0.994033203125
0.0009765625	0.0009765625	0.0009765625	0.0009765625	0.0009765625	0.001005859375	0.002216796875	0.44232421875	0.661513671875	0.8566796875	0.855419921875	0.875302734375	0.8792578125	0.87822265625	0.934404296875	0.937607421875	0.93482421875	0.962392578125	0.963203125	0.96376953125	0.9634765625	0.980595703125	0.98025390625	0.980751953125	0.980556640625	0.9866796875	0.987841796875	0.990361328125	0.990712890625	0.9913671875	0.99072265625	0.99119140625	0.992314453125	0.99306640625	0.99373046875	0.99330078125	0.9940234375	0.992958984375	0.99408203125	0.9938671875	0.99376953125
0.0009765625	0.0009765625	0.0009765625	0.0009765625	0.0009765625	0.001005859375	0.003251953125	0.6387109375	0.665888671875	0.854375	0.8553515625	0.876240234375	0.879189453125	0.8790234375	0.9367578125	0.935322265625	0.933974609375	0.96068359375	0.963427734375	0.964384765625	0.964599609375	0.97974609375	0.981201171875	0.980830078125	0.98087890625	0.986591796875	0.986865234375	0.989794921875	0.9912890625	0.9914453125	0.990908203125	0.99162109375	0.991845703125	0.992021484375	0.99322265625	0.993974609375	0.99419921875	0.9937890625	0.992802734375	0.993720703125	0.99306640625
