7.04	7.36	8.0	8.0	7.36	7.68	8.16	9.56	9.2	13.84	12.96	16.68	21.36	21.72	25.72	26.08	26.24	25.68	24.2	24.68	25.08	24.2	23.92	23.84	24.12	24.12	23.68	24.0	24.12	24.2	24.68	23.96	24.8	24.4	24.84	24.32	23.96	24.56	23.92	24.52	25.0
6.4	7.68	7.36	7.68	8.0	8.0	7.68	8.28	10.68	14.24	16.64	14.92	20.92	22.56	25.24	25.32	25.76	24.48	24.8	24.32	23.96	24.12	24.48	23.44	24.4	23.8	23.52	24.04	24.4	24.08	24.04	24.84	24.6	24.12	24.16	24.28	24.28	24.44	24.48	24.32	24.68
5.12	8.0	7.04	7.36	8.0	8.0	8.2	9.92	11.32	13.76	15.48	16.84	22.88	29.12	26.68	26.24	25.16	24.64	24.44	24.8	24.16	23.44	23.8	24.28	24.4	23.84	24.44	24.24	24.32	24.76	24.12	24.16	24.28	24.88	24.44	24.36	24.36	24.24	24.08	24.04	24.28
6.08	7.68	7.68	7.68	7.68	8.0	8.04	9.72	11.28	15.16	13.88	18.44	21.4	27.16	25.12	24.8	26.92	25.44	24.36	24.68	24.56	24.04	24.04	24.04	24.2	24.68	25.12	23.84	25.12	24.52	24.24	24.2	24.4	24.48	24.72	24.0	24.52	24.44	24.44	24.84	24.36
7.36	8.0	7.36	8.0	7.04	7.68	8.0	10.08	9.92	13.92	17.52	20.16	20.44	29.6	27.16	26.12	25.96	24.4	25.32	24.24	24.72	24.36	23.68	23.84	24.76	24.36	24.16	24.36	24.28	24.4	24.0	24.84	24.6	24.64	24.24	24.24	24.4	23.8	24.76	24.12	24.08
5.12	7.36	8.0	8.0	8.0	7.68	8.28	9.92	11.48	13.6	13.52	19.6	26.56	27.16	27.04	26.44	24.96	25.0	24.6	24.28	24.8	23.92	23.72	23.68	23.88	23.72	24.76	23.88	24.24	24.48	24.08	24.6	24.36	24.16	24.12	24.24	24.68	24.12	24.68	24.24	24.84
7.36	7.36	8.0	8.0	7.68	8.0	7.4	10.52	10.48	12.0	12.88	19.36	25.4	30.0	26.0	25.92	26.2	25.76	24.2	24.52	24.4	24.6	24.12	24.6	24.24	24.72	24.52	24.64	24.04	24.36	24.04	24.0	24.4	24.08	24.08	24.12	24.16	24.84	24.48	24.48	24.08
4.8	6.08	7.68	7.04	8.0	7.68	8.4	11.0	10.08	14.72	17.72	28.44	27.8	27.08	27.76	26.0	27.48	25.24	24.6	23.96	24.52	23.96	24.36	24.24	24.36	23.84	24.52	24.32	23.8	24.72	24.68	24.48	24.96	24.68	24.48	24.0	24.2	24.88	24.08	24.2	24.08
6.08	5.76	7.04	7.68	7.68	8.0	8.16	10.56	10.52	13.16	13.24	25.4	28.36	29.28	25.8	25.6	25.36	25.52	24.8	24.6	25.16	23.84	24.2	23.84	24.36	24.16	23.76	24.08	24.4	24.0	24.4	24.28	24.2	24.72	23.84	24.52	24.48	24.4	24.56	24.4	25.16
6.4	6.72	8.0	7.36	7.36	8.0	8.0	10.84	10.0	14.0	16.52	26.32	29.36	29.32	26.68	26.28	25.72	25.52	24.96	24.16	24.84	24.28	24.48	24.48	24.24	24.04	24.24	24.44	23.96	24.6	24.44	24.24	24.2	24.2	24.24	24.2	24.68	23.76	24.24	24.84	23.8
6.08	6.08	7.68	8.0	7.68	7.04	8.36	11.88	9.8	17.0	18.8	25.52	30.36	32.48	26.72	25.16	26.4	25.12	24.32	24.76	24.08	24.08	24.0	24.0	24.6	23.56	23.96	24.2	24.28	24.76	24.4	24.64	24.36	24.44	24.0	24.76	24.88	24.48	23.8	24.4	25.16
6.72	6.4	6.72	7.36	8.0	7.68	8.04	9.8	9.44	16.0	27.96	28.24	29.12	31.28	26.68	27.84	25.24	25.32	24.6	24.64	24.64	24.52	24.28	23.96	24.48	24.32	24.24	24.44	23.92	25.04	24.44	24.32	24.08	24.76	24.36	24.68	23.92	24.04	24.4	23.92	24.08
5.76	5.76	7.36	8.0	8.0	7.68	8.72	10.52	12.4	14.56	20.76	24.2	31.56	31.12	25.84	27.08	25.72	25.48	24.68	24.64	24.32	24.32	24.4	24.04	23.92	24.44	24.08	23.6	24.0	24.12	24.32	24.8	24.2	24.24	24.36	24.28	24.88	24.4	24.16	24.24	24.72
6.4	6.4	7.04	8.0	7.68	7.68	8.0	10.6	11.96	15.96	24.44	32.04	30.68	30.84	26.76	25.92	26.36	25.84	24.32	24.92	24.48	23.56	24.32	24.6	24.28	24.28	24.48	24.48	24.76	24.84	24.0	24.48	24.52	24.48	24.48	23.92	24.84	23.72	24.2	24.68	24.48
7.36	7.04	7.68	8.0	7.68	8.0	8.04	10.36	11.6	24.0	24.2	32.44	32.0	28.12	26.04	26.72	25.2	25.2	25.16	24.52	24.92	24.52	24.24	24.32	24.68	24.36	25.04	24.84	24.0	24.6	24.16	24.08	24.08	24.72	24.32	24.48	24.36	24.16	24.44	23.68	24.16
7.04	5.76	6.4	7.68	7.36	8.0	8.08	9.8	9.92	20.76	26.64	33.4	28.8	32.36	25.72	26.28	26.96	25.12	24.48	24.2	25.64	24.4	24.36	24.16	24.32	24.2	23.92	24.64	24.24	24.56	24.32	24.28	24.4	24.32	24.44	24.36	24.6	24.16	24.6	23.96	24.0
6.72	6.08	6.4	8.0	7.68	8.0	8.44	11.92	9.76	23.52	28.92	32.72	29.24	31.12	26.56	27.12	26.64	25.96	25.32	24.84	24.72	23.72	24.48	24.76	24.8	24.44	23.8	24.4	24.36	24.6	24.64	24.32	24.12	24.72	24.08	23.64	24.12	24.48	24.68	24.36	24.76
7.36	7.36	6.72	7.68	8.0	8.0	8.08	12.12	13.76	20.72	29.64	33.52	33.28	29.24	27.2	26.64	26.2	25.44	24.96	24.72	24.96	24.0	24.2	24.6	24.96	24.44	23.84	24.32	24.48	24.64	23.96	24.72	24.28	24.28	23.96	24.08	24.0	24.72	24.92	24.8	24.56
5.76	5.76	6.72	7.04	8.0	8.0	7.8	10.8	12.0	31.24	31.28	30.24	32.28	29.96	26.68	25.8	26.16	25.32	25.12	24.76	26.2	24.56	24.44	24.8	24.32	24.48	24.04	24.44	24.6	23.88	24.76	24.2	24.8	24.32	24.04	24.4	24.2	24.28	24.28	24.8	25.08
4.48	6.72	6.08	6.08	7.36	8.0	8.08	10.64	11.76	40.64	32.64	35.4	31.08	31.08	26.52	26.04	26.28	25.52	25.04	24.68	24.92	24.72	24.32	24.52	24.12	24.8	23.88	24.4	24.24	24.92	24.28	24.6	25.08	24.32	24.52	24.32	24.96	24.08	24.64	24.16	24.32
5.76	6.72	4.8	6.4	7.68	7.68	8.16	11.56	12.2	35.08	35.96	32.4	31.28	31.12	26.56	26.04	26.84	25.52	24.16	25.0	24.88	24.0	24.04	24.04	24.28	24.4	24.36	24.6	24.48	24.4	24.48	23.96	24.12	24.72	24.2	24.32	24.88	24.48	23.96	24.0	24.52
7.04	6.4	6.72	6.4	7.36	7.68	7.4	11.72	12.92	31.84	36.0	33.72	29.8	29.16	28.0	26.76	25.36	25.76	25.44	25.2	25.32	24.64	24.68	23.96	24.56	24.12	24.52	24.2	24.08	24.56	24.64	24.8	24.6	24.16	24.16	24.64	23.68	23.96	24.48	24.92	24.48
7.36	6.4	5.12	6.08	7.36	8.0	7.88	11.52	13.4	43.6	36.2	34.68	32.68	29.88	25.6	25.68	27.96	26.0	25.6	25.84	26.24	23.76	24.68	24.76	24.88	24.76	24.24	24.32	24.68	24.76	24.4	24.56	24.68	24.0	24.64	24.32	24.32	24.2	24.4	24.72	24.52
6.72	6.08	5.76	4.48	7.68	8.0	8.0	11.6	12.88	37.84	36.4	34.88	31.04	30.72	26.6	26.52	26.88	24.6	24.92	25.6	25.16	24.44	24.48	25.04	24.24	24.88	24.64	24.28	23.96	24.68	24.24	24.16	24.92	24.48	24.2	24.56	24.32	24.48	23.72	24.48	24.12
6.72	6.08	7.04	7.04	7.36	7.68	8.28	11.84	16.28	39.08	38.92	34.4	30.28	30.28	27.12	27.24	26.76	25.24	25.72	25.08	25.4	24.8	24.72	24.88	24.72	24.92	23.72	24.2	24.96	24.28	23.8	24.6	24.48	25.0	24.08	24.64	24.36	24.08	24.56	24.84	24.24
6.4	6.72	5.44	6.08	7.04	7.68	8.36	13.8	18.96	48.64	42.56	36.36	29.8	29.92	27.36	26.56	26.88	25.92	25.68	25.52	25.56	24.72	24.32	24.88	24.8	24.4	24.96	24.32	24.6	24.6	25.04	24.28	25.0	24.48	24.56	24.64	24.56	24.2	24.24	24.48	23.72
6.08	6.72	5.44	7.36	7.04	8.0	7.8	14.52	18.48	44.6	36.56	33.48	30.36	30.88	26.76	26.84	26.36	25.76	25.8	25.44	24.92	24.16	24.96	24.92	24.6	24.24	24.48	24.16	24.76	24.52	24.04	24.6	24.48	24.04	24.08	24.2	24.8	24.52	24.72	25.04	24.16
7.04	4.8	6.4	6.08	7.36	7.68	8.2	13.88	19.4	43.0	37.88	31.36	29.8	30.76	27.2	26.6	26.16	26.04	25.44	25.8	26.08	25.44	24.68	24.84	24.64	24.64	24.44	24.04	25.08	24.48	23.96	24.24	24.8	24.64	23.84	24.24	24.48	23.68	24.4	24.28	24.6
6.08	5.44	5.12	5.76	7.68	8.0	8.16	11.68	20.72	42.48	37.08	32.48	30.52	31.32	27.52	27.6	26.92	25.6	26.32	25.2	25.44	24.84	25.0	25.08	24.8	24.68	24.8	24.52	24.28	24.28	24.36	24.04	24.2	24.32	23.96	23.92	24.32	24.4	24.64	24.56	24.64
6.4	6.08	6.08	5.44	5.76	7.36	8.24	14.28	27.64	36.04	38.04	31.52	31.36	31.64	27.08	27.96	26.88	25.68	25.8	25.84	25.8	24.4	24.56	25.12	24.8	24.2	24.32	24.48	24.32	24.24	24.12	24.24	24.2	24.64	24.68	24.04	24.16	25.0	24.0	24.6	24.16
6.08	6.72	6.72	5.76	6.72	7.04	8.32	15.36	22.48	36.96	38.32	33.08	31.04	29.8	27.8	27.36	26.28	26.32	25.36	25.76	25.48	25.0	25.4	24.96	25.08	24.8	24.72	24.84	24.44	24.28	24.44	24.36	23.44	24.64	24.72	24.32	24.52	25.16	24.76	24.44	24.44
5.76	7.36	7.68	7.04	6.08	6.72	7.44	14.76	27.32	36.68	33.6	33.4	30.44	29.76	27.88	26.68	27.48	25.84	26.16	25.72	25.28	25.28	24.84	24.88	25.4	24.44	24.56	24.68	24.32	24.4	24.6	23.96	24.68	25.08	24.04	24.24	24.64	24.88	24.04	24.64	24.08
5.44	7.36	6.72	5.12	7.04	6.4	8.04	19.16	47.4	35.84	34.12	34.08	30.16	31.8	27.96	27.08	26.6	25.92	25.84	25.88	25.44	24.88	24.72	24.76	24.44	25.04	24.64	24.28	24.16	24.6	24.84	24.4	24.16	24.16	24.08	24.12	24.48	24.44	24.44	24.12	24.48
5.76	5.44	6.72	6.4	7.04	7.04	8.4	23.2	46.32	36.72	35.52	33.96	30.12	29.96	27.88	27.64	26.2	26.64	25.04	25.8	25.12	25.12	24.48	25.0	24.96	24.56	25.0	24.56	24.0	24.0	24.4	24.64	24.52	24.12	24.56	24.36	24.28	24.4	23.96	23.96	24.88
5.76	7.04	5.76	6.72	7.04	6.4	7.92	32.96	48.2	36.92	34.8	34.12	32.12	31.28	27.2	26.68	27.12	26.8	26.28	25.8	25.24	24.92	25.12	24.12	24.32	24.48	25.16	24.6	24.6	24.08	24.56	24.52	24.72	24.2	24.16	24.64	24.56	24.04	24.32	24.0	24.24
7.36	5.76	7.04	6.4	6.08	7.04	8.24	41.72	44.92	36.68	33.16	33.12	31.0	30.12	28.32	27.0	27.32	25.56	26.24	25.72	25.56	24.6	25.36	25.12	24.8	24.76	24.4	24.84	25.2	23.44	24.04	24.04	24.44	24.36	24.36	24.32	24.28	24.68	23.96	24.32	24.4
7.36	6.4	5.76	6.4	5.76	6.4	7.76	57.76	43.76	33.8	34.0	33.4	31.36	29.52	27.16	26.6	26.52	26.0	25.92	26.12	25.88	24.4	24.88	24.92	24.04	24.52	24.04	24.32	24.24	23.96	25.04	24.08	24.44	24.4	23.96	24.72	24.32	25.12	24.44	24.84	24.48
5.44	6.72	6.08	7.04	6.72	7.04	8.0	48.6	40.48	34.56	33.92	33.12	30.2	30.76	26.8	27.2	27.76	25.92	26.0	25.6	25.56	25.12	24.32	25.08	24.36	25.0	24.48	24.6	24.64	24.72	24.56	24.48	25.04	24.16	24.28	24.56	24.36	24.16	23.92	24.52	23.84
6.4	7.04	5.44	5.44	6.72	6.72	8.12	52.12	43.36	35.16	34.88	32.88	31.48	29.84	26.48	27.76	26.88	26.2	25.8	25.2	25.56	24.72	25.12	24.68	24.4	23.72	24.6	24.0	24.2	24.36	24.2	24.4	24.04	23.72	23.72	24.2	24.92	24.4	24.2	24.24	24.32
7.04	6.4	7.36	7.68	6.72	6.4	8.68	42.76	41.52	33.72	34.92	33.24	30.28	30.84	27.0	27.24	27.2	26.44	25.84	25.72	25.96	25.64	24.04	24.8	24.64	24.08	24.16	24.84	24.12	24.16	24.64	23.88	24.28	24.56	24.28	24.16	24.48	24.24	24.2	23.84	24.64
6.08	7.04	5.76	5.44	5.12	6.08	10.6	41.52	42.0	33.92	34.72	32.96	30.56	29.76	27.4	26.72	27.0	26.36	25.48	26.44	25.64	24.56	24.48	24.6	24.56	24.4	24.04	23.92	24.52	24.28	23.88	24.6	24.88	24.6	23.72	24.28	24.96	24.24	24.6	24.24	24.2
