7.04	7.68	7.68	8.0	8.0	7.04	8.08	9.72	9.12	14.36	15.04	16.0	20.64	21.96	24.04	25.44	24.6	24.36	23.72	24.52	23.8	23.36	23.64	22.92	22.84	23.04	23.4	23.88	23.64	23.44	23.68	23.64	24.08	24.04	24.24	23.8	24.4	24.4	23.72	23.96	24.48
6.4	7.68	7.36	8.0	8.0	8.0	8.0	10.72	10.16	15.12	16.88	18.4	20.76	22.16	25.12	25.0	26.04	24.72	24.0	24.08	24.24	23.4	23.56	23.88	23.88	23.84	23.44	23.96	24.64	24.2	24.2	24.16	23.8	23.6	24.32	23.92	24.0	24.44	23.68	24.08	24.2
5.12	7.68	7.36	8.0	7.36	8.0	8.08	9.88	10.08	16.56	15.64	18.32	22.52	26.96	25.84	25.96	26.44	25.16	23.64	23.76	23.92	23.32	24.0	23.8	23.92	24.04	23.76	23.64	23.6	24.36	23.8	24.2	23.68	24.32	23.96	24.0	24.36	24.2	24.04	24.0	23.84
6.72	7.68	8.0	7.36	7.36	8.0	8.04	10.48	10.56	13.48	19.16	17.92	23.12	27.44	24.8	25.96	25.72	24.16	23.92	24.6	23.64	23.8	23.68	23.12	24.12	23.28	23.52	23.56	23.92	24.56	24.32	23.96	24.28	24.12	24.4	23.88	24.64	23.68	23.88	24.4	24.2
5.44	7.68	8.0	8.0	8.0	7.68	7.68	9.76	10.48	14.76	14.84	21.48	23.12	27.44	26.08	24.88	25.8	24.32	24.08	24.32	24.32	23.96	24.48	23.88	24.44	23.28	23.88	24.24	23.84	23.96	23.96	23.88	24.44	24.24	24.4	23.84	24.76	24.24	23.88	24.2	23.88
7.04	7.04	8.0	8.0	8.0	8.0	8.0	10.96	11.52	17.44	15.4	20.88	26.4	27.88	25.28	25.64	25.68	24.4	24.48	23.88	24.6	23.2	23.96	23.64	23.52	23.4	23.44	24.28	23.24	23.88	24.44	23.32	24.0	24.32	24.04	24.04	24.28	24.24	23.84	23.96	24.08
5.44	7.36	8.0	7.68	7.68	7.68	8.04	9.8	12.0	16.16	18.68	21.64	26.36	28.56	25.0	25.2	25.24	24.72	25.08	24.2	24.0	23.2	23.6	23.56	23.76	23.88	23.96	24.68	24.36	24.64	23.76	24.24	23.8	23.76	23.84	23.84	24.56	23.88	24.12	24.16	24.0
6.08	6.08	8.0	7.68	7.68	7.68	8.52	11.2	11.0	14.84	16.84	26.88	25.0	27.04	25.84	26.24	25.6	24.28	23.52	25.2	24.84	23.6	23.8	24.28	24.0	23.56	24.36	24.0	23.96	23.68	24.48	24.4	23.96	24.16	23.88	24.64	24.12	24.08	24.16	24.36	24.28
6.08	5.12	8.0	8.0	6.72	7.36	8.04	11.2	11.0	14.16	15.76	25.48	25.68	30.48	24.92	25.16	25.36	24.52	23.92	24.8	23.48	23.84	23.72	23.72	24.04	23.96	23.96	24.56	24.36	24.8	24.16	23.72	24.6	23.4	24.04	23.96	23.4	24.16	24.32	24.28	24.24
7.04	6.08	8.0	7.68	8.0	7.68	8.44	10.32	11.8	17.0	17.28	27.52	26.72	29.64	24.72	26.52	25.12	23.76	24.24	23.8	24.6	23.0	23.64	23.84	23.6	23.2	24.04	23.64	24.2	24.24	24.0	24.04	24.0	24.08	23.64	24.08	24.0	23.8	23.24	24.12	24.08
6.08	6.08	8.0	8.0	7.68	8.0	7.68	9.96	10.24	16.6	17.6	24.12	28.36	28.48	27.48	24.44	26.08	24.92	24.2	23.72	24.56	24.24	23.88	23.52	23.32	23.56	23.8	24.24	23.96	24.36	24.12	24.44	24.08	24.44	24.72	24.12	24.44	23.52	24.16	24.04	24.0
5.76	7.04	7.36	8.0	8.0	8.0	7.96	9.72	12.36	15.64	26.12	28.04	27.68	29.76	25.8	25.76	24.36	25.08	24.64	23.76	23.8	23.8	23.84	23.64	24.12	23.68	23.6	24.2	24.0	23.96	24.28	24.8	24.08	24.44	23.76	24.32	24.28	24.56	24.16	23.56	24.56
6.08	5.44	8.0	7.36	7.36	7.68	8.12	10.84	10.6	15.76	27.56	27.04	29.52	28.56	26.72	25.96	25.2	25.12	24.64	24.64	24.44	23.96	24.0	24.12	23.56	24.88	24.24	24.4	23.92	24.52	23.96	24.16	24.04	24.08	23.76	24.0	24.8	24.12	23.76	24.36	24.12
5.76	6.08	7.04	7.36	7.68	7.68	7.8	10.84	10.48	16.04	27.08	32.16	28.04	28.76	25.8	25.76	25.24	24.12	24.16	25.0	24.92	23.68	23.28	24.32	24.08	24.16	23.92	24.52	23.76	24.24	24.08	23.92	24.08	24.52	24.48	24.48	24.04	24.08	23.6	24.16	24.44
6.4	5.44	6.08	7.36	7.68	8.0	8.28	11.28	12.92	18.52	26.84	33.04	30.76	27.76	25.04	26.2	25.2	25.44	24.52	24.68	24.24	23.96	24.48	23.8	24.4	24.6	24.52	23.72	24.16	24.28	23.84	24.12	24.52	24.16	24.2	24.8	23.76	24.28	24.28	24.64	23.92
6.72	5.76	6.4	8.0	7.68	8.0	7.8	12.56	9.92	17.84	23.88	33.96	29.16	29.76	25.92	25.44	25.04	25.16	24.2	24.96	23.96	23.8	24.36	23.92	23.92	24.4	24.36	23.96	24.32	24.44	24.56	24.0	24.04	24.08	24.4	24.2	24.12	23.48	24.24	23.84	24.16
6.08	5.76	6.08	7.68	7.36	7.84	8.0	11.16	12.16	23.68	32.52	31.12	29.92	28.92	26.4	26.0	25.44	25.36	24.84	24.32	24.56	24.12	24.04	24.24	24.6	23.76	24.52	23.8	23.92	24.0	24.08	23.96	24.04	24.2	24.16	23.84	24.08	24.4	24.16	24.0	24.32
6.4	4.8	6.08	7.68	7.68	7.68	8.44	11.24	12.16	21.88	34.56	31.68	29.52	29.4	25.44	27.32	25.2	25.52	24.4	24.8	24.8	24.2	24.64	23.92	24.36	24.04	24.36	24.2	24.44	23.96	23.84	24.24	23.68	23.76	24.36	23.88	24.32	24.28	24.0	24.08	24.52
6.4	5.76	5.44	7.36	7.68	7.68	8.76	11.52	13.04	28.08	33.92	33.44	30.08	30.2	27.64	26.24	25.64	25.12	24.04	24.68	24.2	24.28	24.64	24.08	23.84	24.08	24.28	24.16	24.16	24.4	24.52	23.84	24.28	24.68	23.8	23.28	23.8	24.12	24.08	23.96	24.64
6.4	5.76	6.72	5.76	7.68	8.0	8.48	11.24	14.36	28.64	37.4	33.12	29.16	30.28	26.68	25.96	26.0	25.0	24.52	24.2	24.36	24.08	23.72	24.48	24.6	24.12	24.76	23.32	24.6	24.84	24.24	24.12	24.52	24.12	23.92	24.44	23.72	24.36	24.28	23.44	23.68
7.04	5.44	6.72	8.0	8.0	8.0	7.88	10.6	11.2	33.56	30.64	33.84	31.24	29.48	26.4	25.64	25.56	24.56	24.64	23.92	24.88	24.48	24.28	23.72	24.76	23.48	24.4	24.08	23.92	24.12	24.24	23.8	24.36	24.16	24.36	24.0	24.52	23.96	23.84	24.6	23.84
6.72	6.08	6.72	6.08	7.36	7.68	8.2	12.8	15.8	36.4	33.56	35.52	29.96	28.72	25.96	24.56	26.08	25.0	25.0	24.44	25.2	24.12	23.8	24.72	24.52	24.12	24.48	24.24	24.32	24.12	23.92	23.96	24.04	23.96	24.44	24.48	24.04	23.88	24.0	24.52	23.84
5.76	5.76	6.08	6.72	7.68	7.68	8.28	13.12	16.0	37.32	35.32	34.16	29.16	28.04	27.48	25.84	27.56	24.96	24.56	25.08	25.2	24.36	24.24	24.52	24.44	24.44	24.2	24.28	23.6	23.52	23.84	23.64	23.76	24.16	24.44	23.96	24.24	24.28	24.16	23.64	24.0
6.72	6.08	6.72	6.08	7.36	7.68	8.04	13.64	13.16	39.88	36.76	32.72	28.96	28.44	26.08	26.48	26.6	24.52	24.88	25.08	24.72	24.48	24.88	24.36	24.64	24.52	24.6	24.36	24.12	24.16	24.84	24.52	23.88	23.6	23.92	24.4	24.48	24.4	23.68	24.76	24.52
5.44	5.76	6.4	6.4	7.68	7.68	8.16	12.52	18.6	35.24	41.28	34.4	31.08	28.56	26.52	26.32	26.36	25.48	24.6	25.08	25.36	24.12	24.48	24.68	24.24	24.32	23.8	24.08	24.88	24.44	23.92	24.68	24.12	24.72	24.08	24.48	24.2	23.96	24.08	24.16	24.64
7.68	6.4	7.04	6.08	5.12	7.68	8.08	14.96	25.24	40.12	36.64	35.56	28.44	29.68	25.44	26.08	26.16	25.44	24.68	25.4	24.64	24.64	24.72	24.96	24.48	25.04	24.32	24.04	24.16	24.44	24.04	24.24	23.84	23.96	23.48	24.6	24.4	24.16	23.52	24.12	24.24
4.8	5.76	6.4	6.4	6.72	8.0	8.44	14.8	25.4	41.68	33.68	33.16	29.68	29.2	25.8	26.36	26.28	25.6	25.2	24.88	24.88	25.0	24.52	23.84	24.16	24.92	24.52	23.6	23.96	24.12	24.12	23.56	25.04	23.36	24.64	24.28	24.32	23.92	23.76	23.68	24.4
5.44	6.4	7.04	6.4	7.36	7.36	8.0	14.04	19.64	35.24	34.44	31.04	29.16	28.6	25.92	27.0	26.8	25.08	25.88	25.24	25.56	24.88	24.16	24.44	24.64	24.28	23.96	23.6	24.28	24.48	23.64	23.72	24.4	23.92	24.6	24.32	23.8	24.04	24.72	24.48	24.28
6.4	7.04	6.4	5.44	7.36	7.04	8.04	16.28	20.92	36.4	34.72	30.8	30.2	31.52	26.08	27.32	25.76	25.88	25.2	25.52	24.76	24.64	24.2	24.64	24.44	24.28	23.96	24.04	24.0	23.68	23.96	23.68	23.88	23.96	24.04	24.0	24.2	23.8	24.52	24.36	24.48
6.4	7.36	6.08	6.08	6.72	7.68	8.2	9.44	30.12	36.84	36.0	31.6	29.36	30.68	27.44	26.96	26.68	25.72	25.6	25.4	26.08	23.92	24.6	24.8	24.72	23.88	24.56	24.08	23.88	24.12	24.4	24.4	24.24	24.72	24.0	24.16	24.64	24.24	23.8	24.44	24.44
4.8	6.08	6.08	6.08	7.68	6.72	8.4	15.2	31.32	36.88	36.76	32.04	31.44	29.76	27.4	26.72	26.56	25.64	25.88	25.48	25.32	24.24	23.72	23.84	24.16	23.88	23.76	24.2	24.0	24.36	24.2	23.96	24.48	24.36	24.16	24.24	23.84	24.08	23.68	24.08	23.68
5.44	5.12	5.76	6.4	6.4	6.4	8.0	14.32	43.88	36.36	34.8	32.76	31.44	31.28	27.44	27.64	26.28	26.8	25.08	25.44	25.04	24.64	24.64	23.44	24.68	24.0	24.04	23.52	24.32	24.76	24.04	24.24	24.64	24.0	24.36	24.48	24.04	24.12	23.16	23.96	24.28
7.04	5.44	6.08	7.36	6.08	7.68	8.64	28.84	41.52	38.64	33.84	32.28	31.68	30.68	27.52	26.68	26.44	25.92	25.6	24.92	25.64	24.0	23.96	24.2	24.56	24.04	24.28	23.44	24.12	24.4	24.48	23.44	24.12	25.0	23.72	24.68	24.36	24.96	24.04	23.76	23.68
6.72	5.76	6.4	7.36	7.68	6.4	7.8	28.76	46.04	35.04	33.2	32.8	30.96	30.84	27.68	26.28	26.56	26.2	25.28	24.76	25.28	24.28	24.52	24.24	24.32	24.4	24.56	23.8	24.08	23.92	24.52	24.36	23.64	23.72	24.28	24.72	23.88	24.0	23.88	24.08	24.12
5.12	7.36	6.08	5.76	6.4	7.04	8.08	30.48	49.36	34.24	33.56	33.12	30.92	30.4	27.4	27.12	26.24	26.36	26.24	25.72	25.44	23.96	24.96	24.04	24.2	24.48	24.6	24.12	23.68	24.36	24.64	23.88	24.32	24.4	23.6	24.6	23.92	23.96	24.36	24.2	24.24
6.4	6.72	7.04	6.08	7.04	6.08	8.24	43.72	45.48	35.12	34.56	33.36	32.12	29.6	27.76	26.92	26.84	26.2	25.52	25.36	25.76	24.72	25.16	24.08	24.56	24.12	24.4	24.36	24.48	24.12	24.28	23.76	24.08	24.16	23.96	23.8	24.2	24.04	24.44	24.16	24.24
6.4	6.72	6.4	6.72	6.08	6.08	7.12	55.84	40.64	34.2	35.24	33.12	31.28	29.84	27.08	26.84	27.28	25.52	25.16	25.16	25.32	24.32	24.44	24.04	24.96	24.72	24.32	24.16	23.76	23.8	23.96	23.72	24.08	24.12	23.72	24.48	23.52	24.16	24.04	24.2	23.96
6.4	6.4	6.4	6.4	6.72	6.08	7.28	50.16	42.32	34.08	34.16	32.24	30.8	29.96	27.16	26.76	27.6	25.88	25.2	25.44	25.08	25.12	25.0	24.4	24.2	24.4	24.08	23.8	23.88	24.92	23.64	23.88	24.04	24.2	25.04	24.12	24.4	23.96	24.08	24.32	24.52
5.44	6.4	6.4	6.08	5.76	7.04	7.04	52.24	40.76	34.32	33.56	32.64	30.6	30.36	26.48	27.36	26.8	26.12	25.44	24.92	25.4	24.72	24.6	25.0	24.8	24.56	23.84	23.92	24.52	23.96	24.2	24.56	23.92	24.16	23.8	24.32	24.2	24.04	24.4	24.44	24.6
5.76	6.08	6.4	5.76	6.08	6.4	8.12	48.16	41.52	34.36	33.4	33.04	29.24	29.84	26.6	26.88	26.28	25.64	25.16	25.36	25.16	25.52	24.88	24.52	24.36	24.44	23.6	24.6	24.08	24.32	24.36	24.04	23.88	23.6	24.44	24.52	24.28	24.08	24.48	24.32	24.48
6.4	6.72	7.36	6.72	6.72	6.08	11.16	40.2	42.2	33.52	32.84	33.28	29.72	30.04	27.56	27.0	27.08	25.96	25.76	25.84	25.0	25.04	25.24	24.96	24.92	24.52	24.44	24.24	24.32	24.08	24.52	24.52	24.56	24.44	23.96	24.04	23.72	24.04	24.2	23.76	24.32
