0.0009765625	0.964775390625	0.967646484375	0.964775390625	0.96560546875	0.96666015625	0.965458984375	0.966748046875	0.96490234375	0.96458984375	0.96494140625	0.965634765625	0.963916015625	0.9657421875	0.966728515625	0.96576171875	0.9664453125	0.964453125	0.96443359375	0.96552734375	0.966005859375	0.96677734375	0.966103515625	0.967431640625	0.96541015625	0.964169921875	0.9656640625	0.96626953125	0.963505859375	0.964130859375	0.965283203125	0.966142578125	0.964609375	0.96513671875	0.9646875	0.965029296875	0.965927734375	0.965595703125	0.9643359375	0.966416015625	0.96638671875
0.0009765625	0.59572265625	0.964970703125	0.965517578125	0.96611328125	0.96572265625	0.965732421875	0.965751953125	0.96509765625	0.965390625	0.96513671875	0.9656640625	0.965322265625	0.9655078125	0.966875	0.964912109375	0.965810546875	0.96529296875	0.963955078125	0.96611328125	0.966259765625	0.965634765625	0.96478515625	0.96669921875	0.96615234375	0.96615234375	0.966875	0.96404296875	0.965859375	0.966865234375	0.964609375	0.96615234375	0.965068359375	0.964453125	0.9648828125	0.966328125	0.965361328125	0.964150390625	0.96564453125	0.9657421875	0.965478515625
0.0009765625	0.247841796875	0.59248046875	0.9648046875	0.964541015625	0.9665625	0.96638671875	0.9666015625	0.96484375	0.965537109375	0.96470703125	0.966337890625	0.966064453125	0.967158203125	0.966552734375	0.965107421875	0.965947265625	0.9654296875	0.9644140625	0.965517578125	0.966552734375	0.96732421875	0.9645703125	0.96416015625	0.96626953125	0.965625	0.965556640625	0.966416015625	0.965712890625	0.965	0.965732421875	0.966982421875	0.966298828125	0.96556640625	0.9661328125	0.966123046875	0.9664453125	0.966220703125	0.965205078125	0.965693359375	0.965439453125
0.0009765625	0.206982421875	0.48958984375	0.5959375	0.964755859375	0.964677734375	0.96580078125	0.965791015625	0.966279296875	0.9651171875	0.964287109375	0.965166015625	0.967138671875	0.965341796875	0.965205078125	0.966884765625	0.964775390625	0.966689453125	0.964599609375	0.9648828125	0.96759765625	0.96529296875	0.9665234375	0.963720703125	0.96505859375	0.96685546875	0.96541015625	0.965595703125	0.964990234375	0.965732421875	0.965654296875	0.964189453125	0.965556640625	0.965244140625	0.965634765625	0.96421875	0.966083984375	0.965771484375	0.9652734375	0.96517578125	0.96482421875
0.0009765625	0.04181640625	0.247470703125	0.497138671875	0.59435546875	0.965419921875	0.965712890625	0.96490234375	0.965732421875	0.966064453125	0.967197265625	0.96556640625	0.965390625	0.966787109375	0.965458984375	0.9669140625	0.965615234375	0.966123046875	0.965625	0.96482421875	0.963154296875	0.9653515625	0.96443359375	0.967451171875	0.96609375	0.96673828125	0.964990234375	0.965361328125	0.9652734375	0.967041015625	0.96451171875	0.96728515625	0.965849609375	0.96662109375	0.96423828125	0.965400390625	0.966611328125	0.96462890625	0.96693359375	0.9658984375	0.96396484375
0.0009765625	0.0298828125	0.21359375	0.314716796875	0.562724609375	0.588544921875	0.9663671875	0.96662109375	0.96421875	0.966103515625	0.96513671875	0.964990234375	0.9669140625	0.966650390625	0.9665625	0.964970703125	0.965986328125	0.96427734375	0.96423828125	0.96615234375	0.96634765625	0.96580078125	0.964931640625	0.96603515625	0.967421875	0.966328125	0.96478515625	0.965947265625	0.9644140625	0.96740234375	0.964306640625	0.9659765625	0.96330078125	0.966484375	0.966064453125	0.966259765625	0.96765625	0.96587890625	0.96421875	0.964677734375	0.9646484375
0.0009765625	0.030078125	0.2053515625	0.2472265625	0.49080078125	0.585888671875	0.600712890625	0.96603515625	0.96662109375	0.9676953125	0.966162109375	0.967451171875	0.966875	0.964658203125	0.965625	0.965771484375	0.96505859375	0.966513671875	0.96509765625	0.9656640625	0.966064453125	0.96576171875	0.9659375	0.9658203125	0.965400390625	0.96564453125	0.9670703125	0.963935546875	0.966650390625	0.964365234375	0.9675	0.965029296875	0.966591796875	0.965517578125	0.966494140625	0.964814453125	0.96458984375	0.965712890625	0.965634765625	0.964423828125	0.965537109375
0.0009765625	0.022236328125	0.07099609375	0.244287109375	0.31162109375	0.494599609375	0.59544921875	0.755439453125	0.965791015625	0.96609375	0.965576171875	0.965791015625	0.9658203125	0.96505859375	0.9663671875	0.965830078125	0.965166015625	0.9656640625	0.966103515625	0.965087890625	0.9662109375	0.9655859375	0.968408203125	0.96525390625	0.96568359375	0.963447265625	0.965576171875	0.964912109375	0.965390625	0.9641796875	0.965703125	0.966494140625	0.96658203125	0.96498046875	0.9674609375	0.9659765625	0.96638671875	0.965224609375	0.9657421875	0.9662109375	0.9647265625
0.0009765625	0.01587890625	0.04466796875	0.211083984375	0.248857421875	0.332001953125	0.50392578125	0.602607421875	0.623251953125	0.963642578125	0.96642578125	0.965263671875	0.9659375	0.966748046875	0.965849609375	0.967001953125	0.96640625	0.966533203125	0.966005859375	0.96521484375	0.965947265625	0.9654296875	0.966806640625	0.967392578125	0.966044921875	0.96412109375	0.96498046875	0.96564453125	0.96544921875	0.967548828125	0.965390625	0.965048828125	0.964775390625	0.96376953125	0.964609375	0.965849609375	0.96572265625	0.964482421875	0.96712890625	0.96416015625	0.965478515625
0.0009765625	0.01375	0.044501953125	0.072421875	0.244228515625	0.309580078125	0.337216796875	0.57509765625	0.6155859375	0.647822265625	0.965888671875	0.965810546875	0.96654296875	0.964453125	0.965478515625	0.96501953125	0.965078125	0.966748046875	0.96517578125	0.966123046875	0.966533203125	0.965478515625	0.967021484375	0.964775390625	0.966298828125	0.966005859375	0.963583984375	0.965537109375	0.964892578125	0.965712890625	0.964169921875	0.966669921875	0.96625	0.96498046875	0.965869140625	0.965693359375	0.966787109375	0.96673828125	0.964697265625	0.9659765625	0.966025390625
0.0009765625	0.011064453125	0.031357421875	0.07615234375	0.2170703125	0.24890625	0.319482421875	0.499658203125	0.58466796875	0.6401171875	0.657109375	0.965419921875	0.9648828125	0.966767578125	0.96546875	0.96587890625	0.9651953125	0.9662890625	0.965849609375	0.966318359375	0.96529296875	0.965986328125	0.965029296875	0.96572265625	0.967568359375	0.96607421875	0.964755859375	0.965625	0.964052734375	0.966826171875	0.96517578125	0.965322265625	0.964638671875	0.96654296875	0.9662890625	0.966943359375	0.9658984375	0.965888671875	0.9664453125	0.96654296875	0.96451171875
0.0009765625	0.01033203125	0.0301171875	0.070625	0.206640625	0.252392578125	0.316025390625	0.343642578125	0.517119140625	0.62666015625	0.65369140625	0.67533203125	0.965224609375	0.965126953125	0.963095703125	0.96654296875	0.965869140625	0.963583984375	0.9679296875	0.96673828125	0.966025390625	0.96609375	0.964462890625	0.96515625	0.9651953125	0.96669921875	0.965703125	0.96548828125	0.966572265625	0.966884765625	0.967734375	0.96591796875	0.96703125	0.96634765625	0.964091796875	0.966435546875	0.965205078125	0.96591796875	0.964482421875	0.96681640625	0.9668359375
0.0009765625	0.009609375	0.03123046875	0.047421875	0.20974609375	0.243349609375	0.25654296875	0.325791015625	0.51560546875	0.601103515625	0.64119140625	0.67404296875	0.693408203125	0.967529296875	0.96701171875	0.96568359375	0.964248046875	0.9650390625	0.96529296875	0.966552734375	0.96513671875	0.966552734375	0.965458984375	0.965380859375	0.96619140625	0.96595703125	0.9662890625	0.96568359375	0.966142578125	0.9648828125	0.9671875	0.965615234375	0.965498046875	0.966904296875	0.96673828125	0.96537109375	0.96470703125	0.964873046875	0.9677734375	0.964482421875	0.964453125
0.0009765625	0.0085546875	0.022041015625	0.0444921875	0.0834765625	0.221279296875	0.256396484375	0.320615234375	0.35611328125	0.53611328125	0.61517578125	0.6527734375	0.682734375	0.711201171875	0.966689453125	0.96669921875	0.967080078125	0.9659765625	0.965078125	0.965546875	0.9654296875	0.964892578125	0.966201171875	0.964638671875	0.96486328125	0.96513671875	0.966328125	0.964931640625	0.966416015625	0.964931640625	0.9654296875	0.965537109375	0.966416015625	0.9651171875	0.965	0.96509765625	0.966533203125	0.966318359375	0.966259765625	0.965009765625	0.96638671875
0.0009765625	0.008037109375	0.02267578125	0.043916015625	0.07953125	0.214736328125	0.254736328125	0.270224609375	0.3416015625	0.39166015625	0.551123046875	0.624697265625	0.668251953125	0.6998828125	0.8939453125	0.96455078125	0.965263671875	0.964521484375	0.964931640625	0.9661328125	0.966044921875	0.9661328125	0.965537109375	0.965263671875	0.964560546875	0.96431640625	0.965419921875	0.964375	0.966865234375	0.965849609375	0.965478515625	0.965224609375	0.966220703125	0.9653125	0.966533203125	0.966201171875	0.964345703125	0.966572265625	0.9659765625	0.965029296875	0.964638671875
0.0009765625	0.0066015625	0.020625	0.03298828125	0.07908203125	0.0934375	0.22283203125	0.263095703125	0.333486328125	0.352236328125	0.391142578125	0.557939453125	0.64203125	0.68880859375	0.7201171875	0.788681640625	0.966005859375	0.965166015625	0.9669140625	0.966142578125	0.963798828125	0.965595703125	0.965244140625	0.964736328125	0.963134765625	0.9648828125	0.9655078125	0.96611328125	0.966103515625	0.965185546875	0.966376953125	0.96423828125	0.964638671875	0.965380859375	0.965732421875	0.965029296875	0.965517578125	0.96484375	0.9652734375	0.967216796875	0.965654296875
0.0009765625	0.00576171875	0.017080078125	0.0323828125	0.0575	0.095927734375	0.2189453125	0.2565625	0.2691796875	0.348515625	0.390703125	0.554326171875	0.569814453125	0.6691796875	0.701611328125	0.780341796875	0.839814453125	0.966689453125	0.9658984375	0.965341796875	0.9660546875	0.96576171875	0.9667578125	0.9658203125	0.96490234375	0.9658984375	0.9658984375	0.966103515625	0.96677734375	0.96578125	0.965205078125	0.96591796875	0.964267578125	0.966357421875	0.965556640625	0.964794921875	0.964873046875	0.96544921875	0.9658984375	0.96560546875	0.965908203125
0.0009765625	0.006572265625	0.016640625	0.03033203125	0.05927734375	0.095810546875	0.21732421875	0.25166015625	0.27162109375	0.34865234375	0.372294921875	0.412861328125	0.565576171875	0.64166015625	0.687021484375	0.741162109375	0.837138671875	0.891591796875	0.966201171875	0.966640625	0.965927734375	0.965283203125	0.965390625	0.965888671875	0.965888671875	0.96578125	0.96603515625	0.965185546875	0.9648046875	0.9666015625	0.96560546875	0.965986328125	0.9666796875	0.96578125	0.964970703125	0.966298828125	0.964423828125	0.96431640625	0.965986328125	0.926904296875	0.96509765625
0.0009765625	0.006015625	0.013095703125	0.025126953125	0.054267578125	0.09224609375	0.10328125	0.229560546875	0.267060546875	0.28267578125	0.369609375	0.409677734375	0.4234375	0.589287109375	0.6708984375	0.720166015625	0.818466796875	0.871572265625	0.91974609375	0.965126953125	0.96595703125	0.96638671875	0.96640625	0.96505859375	0.96623046875	0.96654296875	0.96560546875	0.96525390625	0.9666015625	0.96484375	0.96552734375	0.964677734375	0.965419921875	0.96474609375	0.963857421875	0.9667578125	0.96544921875	0.96576171875	0.96689453125	0.965	0.965986328125
0.0009765625	0.00462890625	0.015087890625	0.0235546875	0.05525390625	0.089716796875	0.101875	0.22357421875	0.262607421875	0.286337890625	0.368046875	0.386845703125	0.42369140625	0.56849609375	0.6077734375	0.6951171875	0.779423828125	0.889052734375	0.921181640625	0.96076171875	0.96546875	0.965361328125	0.966083984375	0.964208984375	0.965283203125	0.96599609375	0.96546875	0.965224609375	0.966064453125	0.967060546875	0.966728515625	0.9665625	0.9642578125	0.967333984375	0.964453125	0.966748046875	0.96552734375	0.9653125	0.964619140625	0.964423828125	0.965673828125
0.0009765625	0.0054296875	0.0119140625	0.0246484375	0.04064453125	0.0620703125	0.09728515625	0.219775390625	0.23923828125	0.27708984375	0.2941015625	0.385009765625	0.40541015625	0.438701171875	0.6009375	0.651923828125	0.74650390625	0.887841796875	0.9134375	0.933056640625	0.93896484375	0.966806640625	0.966435546875	0.964921875	0.966611328125	0.96607421875	0.967529296875	0.965556640625	0.96603515625	0.967119140625	0.965634765625	0.965107421875	0.9655859375	0.963857421875	0.966884765625	0.9644921875	0.965	0.96619140625	0.965361328125	0.966455078125	0.966318359375
0.0009765625	0.00458984375	0.0128125	0.02197265625	0.0428515625	0.062275390625	0.09841796875	0.114306640625	0.231201171875	0.27	0.29330078125	0.37845703125	0.395009765625	0.439130859375	0.50931640625	0.656162109375	0.793818359375	0.863291015625	0.9123046875	0.93400390625	0.943095703125	0.951455078125	0.965478515625	0.965576171875	0.96412109375	0.965712890625	0.965986328125	0.964052734375	0.965166015625	0.96533203125	0.96611328125	0.964990234375	0.96478515625	0.965986328125	0.96689453125	0.9662890625	0.964716796875	0.965439453125	0.965400390625	0.964130859375	0.964951171875
0.0009765625	0.0045703125	0.00951171875	0.022158203125	0.04275390625	0.062001953125	0.097001953125	0.11482421875	0.229326171875	0.2690625	0.28943359375	0.326044921875	0.39447265625	0.436650390625	0.511484375	0.67390625	0.7808984375	0.8398046875	0.903544921875	0.92205078125	0.941044921875	0.95068359375	0.952978515625	0.966005859375	0.96611328125	0.964833984375	0.9644921875	0.966572265625	0.96548828125	0.964736328125	0.966025390625	0.96609375	0.966513671875	0.965048828125	0.9668359375	0.965380859375	0.965986328125	0.965986328125	0.9630859375	0.965693359375	0.965380859375
0.0009765625	0.00416015625	0.009892578125	0.024892578125	0.042041015625	0.061923828125	0.097587890625	0.11275390625	0.226630859375	0.248271484375	0.284921875	0.321435546875	0.39958984375	0.470302734375	0.572705078125	0.7284375	0.789794921875	0.823896484375	0.886181640625	0.922109375	0.937978515625	0.944970703125	0.952587890625	0.95361328125	0.96599609375	0.966220703125	0.96685546875	0.965703125	0.965146484375	0.96466796875	0.966796875	0.965830078125	0.965234375	0.966259765625	0.96455078125	0.96529296875	0.967470703125	0.9640625	0.96482421875	0.964765625	0.965810546875
0.0009765625	0.0037890625	0.011357421875	0.0209765625	0.04099609375	0.05990234375	0.069326171875	0.1101171875	0.22798828125	0.2451953125	0.273994140625	0.3418359375	0.51146484375	0.56044921875	0.70619140625	0.73685546875	0.793974609375	0.848271484375	0.88267578125	0.921640625	0.933427734375	0.9441796875	0.95197265625	0.954326171875	0.954677734375	0.9666015625	0.966533203125	0.9672265625	0.969248046875	0.967587890625	0.96603515625	0.966142578125	0.966044921875	0.96611328125	0.96708984375	0.964775390625	0.9659375	0.964677734375	0.965986328125	0.965263671875	0.966845703125
0.0009765625	0.003505859375	0.008642578125	0.020830078125	0.0333984375	0.04802734375	0.069453125	0.106962890625	0.124462890625	0.23849609375	0.253076171875	0.560078125	0.556240234375	0.700966796875	0.724248046875	0.7428125	0.79771484375	0.857001953125	0.876650390625	0.907041015625	0.930380859375	0.942021484375	0.952802734375	0.952529296875	0.95443359375	0.954521484375	0.9644140625	0.965068359375	0.965517578125	0.96603515625	0.966689453125	0.9656640625	0.96513671875	0.965908203125	0.965380859375	0.966201171875	0.966201171875	0.9659375	0.965791015625	0.96611328125	0.9655078125
0.0009765625	0.00361328125	0.0093359375	0.02134765625	0.0331640625	0.048095703125	0.068994140625	0.1060546875	0.12375	0.23966796875	0.40876953125	0.611962890625	0.69279296875	0.7019921875	0.7523828125	0.77052734375	0.812421875	0.825595703125	0.88615234375	0.8959765625	0.926328125	0.940361328125	0.94541015625	0.953076171875	0.953740234375	0.955400390625	0.956103515625	0.96654296875	0.965419921875	0.96509765625	0.9651171875	0.96671875	0.96666015625	0.9662890625	0.966103515625	0.966572265625	0.9657421875	0.966328125	0.9653125	0.967001953125	0.9657421875
0.0009765625	0.00408203125	0.008671875	0.018564453125	0.03326171875	0.047890625	0.06744140625	0.10580078125	0.1223046875	0.371318359375	0.624267578125	0.627099609375	0.697998046875	0.7146484375	0.7544140625	0.776474609375	0.80984375	0.828291015625	0.856201171875	0.897607421875	0.909140625	0.9373046875	0.943466796875	0.951328125	0.954609375	0.955439453125	0.95494140625	0.954326171875	0.967333984375	0.96591796875	0.9662890625	0.967138671875	0.9669921875	0.965556640625	0.964248046875	0.965439453125	0.966640625	0.9665234375	0.96546875	0.96556640625	0.966416015625
0.0009765625	0.003603515625	0.00931640625	0.01873046875	0.03310546875	0.047451171875	0.068330078125	0.08212890625	0.122060546875	0.36609375	0.6219140625	0.607138671875	0.701142578125	0.715087890625	0.752236328125	0.7778515625	0.814755859375	0.832841796875	0.854736328125	0.898525390625	0.902568359375	0.93388671875	0.939033203125	0.949560546875	0.953095703125	0.955126953125	0.956435546875	0.95462890625	0.9640625	0.965888671875	0.965048828125	0.966005859375	0.966484375	0.96546875	0.966171875	0.967705078125	0.96650390625	0.966611328125	0.964052734375	0.96505859375	0.965224609375
0.0009765625	0.00416015625	0.01	0.019150390625	0.0283984375	0.047294921875	0.06880859375	0.082333984375	0.353232421875	0.36708984375	0.5962890625	0.611640625	0.70517578125	0.72498046875	0.760625	0.792626953125	0.822109375	0.83462890625	0.85732421875	0.86478515625	0.903818359375	0.9119140625	0.937626953125	0.94251953125	0.952236328125	0.95408203125	0.954482421875	0.9562109375	0.95466796875	0.955322265625	0.966015625	0.9668359375	0.96490234375	0.965908203125	0.964658203125	0.96728515625	0.965771484375	0.965400390625	0.96580078125	0.964384765625	0.966328125
0.0009765625	0.00291015625	0.008974609375	0.016689453125	0.02935546875	0.040107421875	0.057958984375	0.24287109375	0.352490234375	0.361669921875	0.401552734375	0.60705078125	0.683330078125	0.72658203125	0.762578125	0.786875	0.823984375	0.84541015625	0.85830078125	0.869189453125	0.8686328125	0.90712890625	0.928046875	0.94220703125	0.9491015625	0.953310546875	0.955419921875	0.956416015625	0.95583984375	0.9549609375	0.955126953125	0.96501953125	0.966630859375	0.964853515625	0.96609375	0.96501953125	0.965009765625	0.96771484375	0.9646484375	0.964951171875	0.963203125
0.0009765625	0.003486328125	0.00990234375	0.01681640625	0.02873046875	0.040166015625	0.0605078125	0.247265625	0.34419921875	0.350830078125	0.403466796875	0.609384765625	0.68732421875	0.729189453125	0.776435546875	0.810048828125	0.835	0.849716796875	0.860166015625	0.866953125	0.870380859375	0.90958984375	0.917685546875	0.935234375	0.9487109375	0.95263671875	0.955029296875	0.9547265625	0.955048828125	0.95453125	0.95521484375	0.9545703125	0.967138671875	0.967109375	0.966767578125	0.96482421875	0.966650390625	0.965478515625	0.963896484375	0.965048828125	0.964814453125
0.0009765625	0.002900390625	0.009384765625	0.018408203125	0.027177734375	0.0490234375	0.18123046875	0.239697265625	0.271337890625	0.348232421875	0.4047265625	0.608212890625	0.63138671875	0.734296875	0.78083984375	0.816318359375	0.835986328125	0.849619140625	0.862900390625	0.867041015625	0.870166015625	0.8723046875	0.912548828125	0.933896484375	0.93625	0.949873046875	0.954375	0.955615234375	0.955419921875	0.953837890625	0.955810546875	0.9558203125	0.954306640625	0.965927734375	0.9643359375	0.965126953125	0.965263671875	0.965546875	0.9658203125	0.96478515625	0.965439453125
0.0009765625	0.002783203125	0.009482421875	0.015556640625	0.0276953125	0.134658203125	0.177578125	0.2374609375	0.272021484375	0.357509765625	0.406279296875	0.60611328125	0.62115234375	0.734599609375	0.78375	0.818662109375	0.838330078125	0.854462890625	0.862861328125	0.8670703125	0.87095703125	0.870625	0.910986328125	0.911669921875	0.93552734375	0.950517578125	0.953232421875	0.954931640625	0.955517578125	0.954111328125	0.954921875	0.954189453125	0.9540625	0.963271484375	0.965390625	0.9651953125	0.966708984375	0.96384765625	0.96427734375	0.96744140625	0.966064453125
0.0009765625	0.00333984375	0.00837890625	0.01541015625	0.067783203125	0.134345703125	0.17984375	0.2421875	0.27482421875	0.357900390625	0.412451171875	0.44802734375	0.624970703125	0.72169921875	0.792841796875	0.82708984375	0.83755859375	0.84064453125	0.859072265625	0.862080078125	0.870087890625	0.872890625	0.875322265625	0.912021484375	0.933095703125	0.942236328125	0.951923828125	0.95501953125	0.955185546875	0.95443359375	0.95505859375	0.954443359375	0.955771484375	0.954423828125	0.9546484375	0.9658203125	0.96521484375	0.965009765625	0.966015625	0.966259765625	0.964736328125
0.0009765625	0.003203125	0.008466796875	0.022158203125	0.088955078125	0.10740234375	0.18091796875	0.204873046875	0.2793359375	0.36142578125	0.4128125	0.450595703125	0.62427734375	0.725234375	0.79130859375	0.824072265625	0.842158203125	0.842490234375	0.854541015625	0.864541015625	0.869208984375	0.869326171875	0.87267578125	0.874638671875	0.91267578125	0.9380078125	0.945234375	0.953125	0.953876953125	0.955	0.953955078125	0.95474609375	0.957490234375	0.954541015625	0.956689453125	0.953896484375	0.965908203125	0.96533203125	0.966064453125	0.96486328125	0.965869140625
0.0009765625	0.00353515625	0.0102734375	0.043623046875	0.080537109375	0.11767578125	0.144697265625	0.19890625	0.282919921875	0.304658203125	0.415859375	0.45294921875	0.479140625	0.72958984375	0.793115234375	0.83603515625	0.84740234375	0.8445703125	0.841416015625	0.862451171875	0.8687890625	0.872412109375	0.871630859375	0.874033203125	0.874892578125	0.932919921875	0.94564453125	0.9454296875	0.953994140625	0.956220703125	0.956064453125	0.956015625	0.9562890625	0.9555078125	0.955556640625	0.95322265625	0.953505859375	0.966416015625	0.964736328125	0.96623046875	0.966083984375
0.0009765625	0.0037890625	0.023232421875	0.04412109375	0.08263671875	0.119970703125	0.15958984375	0.210517578125	0.28396484375	0.31115234375	0.4164453125	0.46919921875	0.483828125	0.7209765625	0.815830078125	0.838330078125	0.846533203125	0.843330078125	0.841533203125	0.859306640625	0.86998046875	0.87548828125	0.872578125	0.8737890625	0.874267578125	0.9130078125	0.94501953125	0.94703125	0.950576171875	0.954794921875	0.954814453125	0.955166015625	0.955546875	0.954912109375	0.955283203125	0.955146484375	0.954892578125	0.9559375	0.96529296875	0.965859375	0.96490234375
0.0009765625	0.004208984375	0.02517578125	0.049267578125	0.084072265625	0.122578125	0.164189453125	0.20630859375	0.284052734375	0.318154296875	0.419091796875	0.478603515625	0.4849609375	0.649853515625	0.822861328125	0.8339453125	0.847373046875	0.844541015625	0.842109375	0.84353515625	0.869228515625	0.871904296875	0.87287109375	0.871650390625	0.873876953125	0.87263671875	0.93705078125	0.94603515625	0.947275390625	0.95318359375	0.95267578125	0.954404296875	0.955078125	0.95431640625	0.953583984375	0.95494140625	0.954560546875	0.955732421875	0.964736328125	0.966708984375	0.96552734375
0.0009765625	0.0069921875	0.023984375	0.04359375	0.086328125	0.124462890625	0.171162109375	0.22330078125	0.28263671875	0.321572265625	0.416728515625	0.484091796875	0.4853125	0.481259765625	0.83654296875	0.834013671875	0.84306640625	0.845185546875	0.843798828125	0.8438671875	0.87158203125	0.873916015625	0.872392578125	0.8723046875	0.875185546875	0.873935546875	0.8727734375	0.947021484375	0.9462890625	0.948203125	0.95310546875	0.95484375	0.955185546875	0.955634765625	0.954716796875	0.953720703125	0.95505859375	0.955947265625	0.956416015625	0.955283203125	0.96564453125
0.0009765625	0.008056640625	0.02248046875	0.044453125	0.080478515625	0.113642578125	0.161953125	0.23349609375	0.232353515625	0.32126953125	0.321044921875	0.48439453125	0.48748046875	0.483701171875	0.838525390625	0.83642578125	0.831787109375	0.84671875	0.844609375	0.847353515625	0.84318359375	0.872353515625	0.872978515625	0.86990234375	0.86927734375	0.87203125	0.874013671875	0.945341796875	0.945927734375	0.9455859375	0.945732421875	0.9535546875	0.95388671875	0.9546484375	0.955634765625	0.956181640625	0.9538671875	0.955986328125	0.9554296875	0.954443359375	0.954521484375
