6.0	0.0	0.0	0.0	0.0	0.0	0.0	0.0	0.0	0.0	0.0	0.0	0.0	0.0	0.0	0.0	0.0	0.0	0.0	0.0	0.0	0.0	0.0	0.0	0.0	0.0	0.0	0.0	0.0	0.0	0.0	0.0	0.0	0.0	0.0	0.0	0.0	0.0	0.0	0.0	0.0
5.76	12.4	0.0	0.0	0.0	0.0	0.0	0.0	0.0	0.0	0.0	0.0	0.0	0.0	0.0	0.0	0.0	0.0	0.0	0.0	0.0	0.0	0.0	0.0	0.0	0.0	0.0	0.0	0.0	0.0	0.0	0.0	0.0	0.0	0.0	0.0	0.0	0.0	0.0	0.0	0.0
6.0	9.96	12.28	0.0	0.0	0.0	0.0	0.0	0.0	0.0	0.0	0.0	0.0	0.0	0.0	0.0	0.0	0.0	0.0	0.0	0.0	0.0	0.0	0.0	0.0	0.0	0.0	0.0	0.0	0.0	0.0	0.0	0.0	0.0	0.0	0.0	0.0	0.0	0.0	0.0	0.0
5.76	9.08	11.4	12.16	0.0	0.0	0.0	0.0	0.0	0.0	0.0	0.0	0.0	0.0	0.0	0.0	0.0	0.0	0.0	0.0	0.0	0.0	0.0	0.0	0.0	0.0	0.0	0.0	0.0	0.0	0.0	0.0	0.0	0.0	0.0	0.0	0.0	0.0	0.0	0.0	0.0
6.0	8.24	9.92	11.48	12.24	0.0	0.0	0.0	0.0	0.0	0.0	0.0	0.0	0.0	0.0	0.0	0.0	0.0	0.0	0.0	0.0	0.0	0.0	0.0	0.0	0.0	0.0	0.0	0.0	0.0	0.0	0.0	0.0	0.0	0.0	0.0	0.0	0.0	0.0	0.0	0.0
5.76	8.0	9.44	9.72	12.28	12.2	0.0	0.0	0.0	0.0	0.0	0.0	0.0	0.0	0.0	0.0	0.0	0.0	0.0	0.0	0.0	0.0	0.0	0.0	0.0	0.0	0.0	0.0	0.0	0.0	0.0	0.0	0.0	0.0	0.0	0.0	0.0	0.0	0.0	0.0	0.0
6.0	8.04	9.4	9.64	11.6	12.6	12.36	0.0	0.0	0.0	0.0	0.0	0.0	0.0	0.0	0.0	0.0	0.0	0.0	0.0	0.0	0.0	0.0	0.0	0.0	0.0	0.0	0.0	0.0	0.0	0.0	0.0	0.0	0.0	0.0	0.0	0.0	0.0	0.0	0.0	0.0
5.52	7.96	8.16	9.76	10.08	11.52	12.84	14.84	0.0	0.0	0.0	0.0	0.0	0.0	0.0	0.0	0.0	0.0	0.0	0.0	0.0	0.0	0.0	0.0	0.0	0.0	0.0	0.0	0.0	0.0	0.0	0.0	0.0	0.0	0.0	0.0	0.0	0.0	0.0	0.0	0.0
6.0	7.96	8.68	9.24	9.52	10.6	11.68	13.04	13.36	0.0	0.0	0.0	0.0	0.0	0.0	0.0	0.0	0.0	0.0	0.0	0.0	0.0	0.0	0.0	0.0	0.0	0.0	0.0	0.0	0.0	0.0	0.0	0.0	0.0	0.0	0.0	0.0	0.0	0.0	0.0	0.0
6.0	7.96	8.24	8.56	9.68	10.2	11.04	12.48	13.36	14.64	0.0	0.0	0.0	0.0	0.0	0.0	0.0	0.0	0.0	0.0	0.0	0.0	0.0	0.0	0.0	0.0	0.0	0.0	0.0	0.0	0.0	0.0	0.0	0.0	0.0	0.0	0.0	0.0	0.0	0.0	0.0
6.0	8.0	7.64	8.48	9.28	9.64	10.68	12.12	12.88	13.8	14.72	0.0	0.0	0.0	0.0	0.0	0.0	0.0	0.0	0.0	0.0	0.0	0.0	0.0	0.0	0.0	0.0	0.0	0.0	0.0	0.0	0.0	0.0	0.0	0.0	0.0	0.0	0.0	0.0	0.0	0.0
6.0	8.12	8.12	8.56	9.56	10.08	10.84	11.08	12.16	13.76	15.12	16.6	0.0	0.0	0.0	0.0	0.0	0.0	0.0	0.0	0.0	0.0	0.0	0.0	0.0	0.0	0.0	0.0	0.0	0.0	0.0	0.0	0.0	0.0	0.0	0.0	0.0	0.0	0.0	0.0	0.0
6.0	7.76	8.12	7.92	9.4	9.96	10.24	10.64	12.48	13.56	14.76	16.32	20.0	0.0	0.0	0.0	0.0	0.0	0.0	0.0	0.0	0.0	0.0	0.0	0.0	0.0	0.0	0.0	0.0	0.0	0.0	0.0	0.0	0.0	0.0	0.0	0.0	0.0	0.0	0.0	0.0
6.0	8.28	7.76	8.44	8.72	9.92	10.32	10.44	11.0	13.04	14.56	15.32	18.56	24.28	0.0	0.0	0.0	0.0	0.0	0.0	0.0	0.0	0.0	0.0	0.0	0.0	0.0	0.0	0.0	0.0	0.0	0.0	0.0	0.0	0.0	0.0	0.0	0.0	0.0	0.0	0.0
6.0	8.4	8.0	8.16	8.92	10.4	10.44	10.52	11.68	12.8	13.8	15.4	17.64	21.44	19.4	0.0	0.0	0.0	0.0	0.0	0.0	0.0	0.0	0.0	0.0	0.0	0.0	0.0	0.0	0.0	0.0	0.0	0.0	0.0	0.0	0.0	0.0	0.0	0.0	0.0	0.0
6.0	8.4	7.68	8.4	8.28	9.2	10.0	10.32	11.2	11.72	12.6	13.88	16.88	19.4	20.68	18.24	0.0	0.0	0.0	0.0	0.0	0.0	0.0	0.0	0.0	0.0	0.0	0.0	0.0	0.0	0.0	0.0	0.0	0.0	0.0	0.0	0.0	0.0	0.0	0.0	0.0
6.0	8.0	8.04	8.2	9.16	11.92	10.24	10.32	10.92	11.28	12.4	14.24	15.96	18.92	19.32	17.08	15.12	0.0	0.0	0.0	0.0	0.0	0.0	0.0	0.0	0.0	0.0	0.0	0.0	0.0	0.0	0.0	0.0	0.0	0.0	0.0	0.0	0.0	0.0	0.0	0.0
6.0	8.28	7.88	8.52	9.52	9.52	10.56	10.16	10.6	11.76	12.52	13.6	15.8	17.92	17.72	16.8	14.48	13.76	0.0	0.0	0.0	0.0	0.0	0.0	0.0	0.0	0.0	0.0	0.0	0.0	0.0	0.0	0.0	0.0	0.0	0.0	0.0	0.0	0.0	0.0	0.0
5.76	8.12	7.8	7.84	9.84	9.36	9.52	10.0	10.92	11.36	12.44	14.0	15.56	16.52	16.8	15.24	14.4	14.28	12.48	0.0	0.0	0.0	0.0	0.0	0.0	0.0	0.0	0.0	0.0	0.0	0.0	0.0	0.0	0.0	0.0	0.0	0.0	0.0	0.0	0.0	0.0
5.52	8.52	7.6	8.24	11.0	9.6	9.4	10.2	11.12	11.44	12.28	14.8	15.36	15.96	16.16	15.24	14.52	12.92	12.04	11.64	0.0	0.0	0.0	0.0	0.0	0.0	0.0	0.0	0.0	0.0	0.0	0.0	0.0	0.0	0.0	0.0	0.0	0.0	0.0	0.0	0.0
6.0	8.36	8.44	8.4	9.32	8.76	9.76	10.72	10.96	11.68	12.36	14.72	14.44	15.52	14.04	14.12	13.92	12.96	12.64	11.88	12.0	0.0	0.0	0.0	0.0	0.0	0.0	0.0	0.0	0.0	0.0	0.0	0.0	0.0	0.0	0.0	0.0	0.0	0.0	0.0	0.0
5.76	8.32	8.24	8.76	9.92	9.04	9.72	10.8	11.28	11.44	12.6	14.0	14.52	13.68	13.84	13.72	13.04	12.68	12.8	11.72	11.32	10.68	0.0	0.0	0.0	0.0	0.0	0.0	0.0	0.0	0.0	0.0	0.0	0.0	0.0	0.0	0.0	0.0	0.0	0.0	0.0
5.76	8.36	8.28	9.0	9.28	9.52	9.8	10.72	11.32	13.08	13.16	13.92	14.56	12.64	12.88	12.88	12.56	12.44	11.72	12.28	11.76	10.56	10.24	0.0	0.0	0.0	0.0	0.0	0.0	0.0	0.0	0.0	0.0	0.0	0.0	0.0	0.0	0.0	0.0	0.0	0.0
6.0	8.16	8.4	10.04	9.92	9.6	10.68	11.4	11.6	13.2	13.72	13.72	13.28	12.64	12.84	11.44	11.68	12.04	11.96	11.84	11.24	11.28	10.92	10.36	0.0	0.0	0.0	0.0	0.0	0.0	0.0	0.0	0.0	0.0	0.0	0.0	0.0	0.0	0.0	0.0	0.0
6.0	8.16	8.44	11.0	9.72	9.48	10.92	11.96	11.24	13.2	13.24	12.24	12.36	12.08	10.88	11.4	11.64	11.36	11.56	11.24	11.44	11.28	10.24	10.32	10.04	0.0	0.0	0.0	0.0	0.0	0.0	0.0	0.0	0.0	0.0	0.0	0.0	0.0	0.0	0.0	0.0
6.0	8.72	8.44	10.08	9.52	9.76	11.28	12.48	13.92	12.8	13.36	11.88	12.28	10.72	11.0	11.44	10.88	11.4	11.08	11.24	11.2	11.16	10.44	10.24	10.08	10.04	0.0	0.0	0.0	0.0	0.0	0.0	0.0	0.0	0.0	0.0	0.0	0.0	0.0	0.0	0.0
6.0	8.68	8.76	9.64	10.08	11.44	13.16	13.12	12.8	13.04	11.68	11.32	10.24	10.2	10.6	10.6	10.8	10.64	10.92	10.64	11.28	11.44	11.28	10.56	10.32	10.12	10.0	0.0	0.0	0.0	0.0	0.0	0.0	0.0	0.0	0.0	0.0	0.0	0.0	0.0	0.0
5.76	8.24	8.36	9.8	10.04	11.04	13.12	14.04	12.44	10.24	10.8	10.2	10.36	9.76	9.96	10.28	10.64	10.52	10.24	10.88	10.8	10.64	11.16	10.68	10.32	10.0	10.04	10.12	0.0	0.0	0.0	0.0	0.0	0.0	0.0	0.0	0.0	0.0	0.0	0.0	0.0
6.0	8.68	9.4	10.44	10.36	14.0	12.24	12.6	12.2	10.04	10.6	9.04	10.2	10.04	10.08	10.32	10.24	10.28	10.32	10.4	10.24	10.96	10.68	10.52	10.32	10.12	9.8	9.88	10.6	0.0	0.0	0.0	0.0	0.0	0.0	0.0	0.0	0.0	0.0	0.0	0.0
6.0	8.32	11.08	10.44	12.16	14.68	14.36	12.56	9.28	9.64	9.16	9.48	9.84	9.68	9.72	9.96	10.32	10.4	9.72	9.92	10.44	10.24	10.96	10.76	10.52	10.28	10.24	10.48	10.24	9.92	0.0	0.0	0.0	0.0	0.0	0.0	0.0	0.0	0.0	0.0	0.0
5.76	8.76	13.32	11.44	13.44	16.24	12.44	9.8	9.44	8.36	9.04	8.84	9.16	9.52	10.56	9.96	9.92	10.12	9.68	9.48	10.32	10.0	10.52	10.48	10.24	10.36	10.04	10.2	9.96	9.88	10.08	0.0	0.0	0.0	0.0	0.0	0.0	0.0	0.0	0.0	0.0
5.76	8.32	24.36	10.92	18.4	14.32	12.04	9.16	8.12	8.2	8.56	8.68	9.28	9.72	9.72	10.04	9.64	9.64	9.64	9.52	9.4	10.4	10.52	10.68	10.36	10.16	10.36	9.8	9.64	10.0	9.96	10.04	0.0	0.0	0.0	0.0	0.0	0.0	0.0	0.0	0.0
6.0	9.36	20.4	15.12	14.04	11.48	8.52	7.8	7.92	8.2	8.96	8.8	9.28	9.68	9.72	10.16	9.28	9.68	10.04	9.64	9.36	9.72	10.04	10.56	10.4	10.2	9.88	10.0	10.36	10.24	9.92	9.84	9.56	0.0	0.0	0.0	0.0	0.0	0.0	0.0	0.0
5.76	8.84	10.48	19.76	14.12	8.56	8.12	8.04	8.08	8.04	8.08	9.48	8.76	9.28	9.48	9.72	9.72	9.36	9.48	9.36	9.96	9.12	9.96	10.32	10.36	10.6	10.36	10.12	10.0	10.2	9.72	9.88	10.08	10.0	0.0	0.0	0.0	0.0	0.0	0.0	0.0
5.76	10.76	11.6	26.36	10.52	8.0	7.76	8.08	8.4	7.8	8.6	8.4	8.44	10.0	9.48	9.52	9.76	9.24	9.6	9.36	9.12	9.4	9.68	10.08	10.24	10.2	10.32	10.12	9.84	10.12	9.76	10.16	9.88	9.84	10.2	0.0	0.0	0.0	0.0	0.0	0.0
5.76	17.56	17.76	11.44	7.92	7.28	7.28	7.6	8.08	7.96	8.32	8.48	8.68	9.36	9.6	9.68	8.76	9.36	8.8	9.36	9.8	9.56	9.52	9.32	9.56	10.52	10.12	10.2	9.8	9.72	9.96	10.52	10.16	10.08	9.76	9.76	0.0	0.0	0.0	0.0	0.0
5.76	21.0	11.72	7.6	6.92	7.56	7.4	8.2	8.44	9.04	8.76	8.84	8.88	9.2	9.8	9.16	9.4	9.64	9.32	9.52	9.36	9.64	9.24	9.24	9.32	10.0	10.04	10.12	10.0	9.88	10.12	10.08	10.08	10.0	9.84	9.6	9.56	0.0	0.0	0.0	0.0
6.0	23.04	7.44	7.8	8.36	7.36	7.48	7.76	8.0	8.4	8.08	8.76	8.76	8.92	9.2	9.16	8.96	9.0	9.48	9.32	9.68	9.08	9.4	9.72	9.36	10.0	9.64	9.44	10.04	10.08	10.04	9.84	10.12	9.96	9.88	9.92	9.72	10.08	0.0	0.0	0.0
6.0	29.56	8.0	7.6	8.2	7.96	7.88	7.8	7.96	8.12	8.08	8.92	8.76	8.92	9.16	9.4	9.04	9.12	9.16	9.12	9.24	9.48	9.4	9.4	9.56	9.52	10.2	9.84	10.04	10.08	10.56	9.76	10.08	9.92	9.96	9.84	9.72	10.08	10.16	0.0	0.0
6.0	7.04	8.28	7.44	8.16	7.92	8.08	7.92	7.88	8.56	8.48	8.92	8.68	8.56	8.8	8.96	9.28	9.2	9.2	9.08	9.6	9.36	9.36	9.28	9.6	9.2	9.4	9.88	9.72	10.0	9.76	9.8	9.84	10.0	9.56	10.04	9.88	9.96	10.08	10.16	0.0
6.0	8.32	8.36	8.0	7.76	8.0	8.44	8.84	8.6	8.04	8.84	8.48	8.68	8.72	8.72	9.08	8.92	9.32	9.28	8.96	8.64	9.36	9.4	9.12	9.56	9.52	9.48	9.44	9.8	9.48	9.8	9.92	9.68	9.84	10.16	10.12	10.0	9.96	10.2	10.0	10.08
