5.04	10.0	9.84	9.76	9.92	9.72	9.72	9.72	9.68	9.68	9.24	9.72	9.56	9.88	9.6	10.0	9.6	9.76	10.12	9.52	9.68	10.08	9.68	9.96	9.68	9.72	9.6	9.6	9.48	9.4	9.72	10.12	10.04	9.84	9.84	9.44	9.64	9.64	9.64	9.96	9.76
6.0	8.16	9.68	9.28	9.72	9.8	9.76	9.6	9.6	9.68	9.76	9.64	9.76	9.52	9.8	9.56	9.64	9.88	9.76	9.64	9.96	9.88	9.68	9.68	9.96	9.68	9.52	9.52	9.56	9.68	9.72	9.88	9.76	9.84	9.56	10.0	9.76	9.48	9.44	9.68	9.72
5.52	7.04	8.36	9.6	9.68	9.96	9.72	9.6	9.8	10.08	9.76	9.56	9.64	9.64	9.76	9.68	9.76	9.72	10.0	9.84	9.72	9.52	9.52	9.48	9.56	9.68	9.64	9.68	9.88	9.64	9.88	9.72	9.64	9.68	9.6	9.84	9.48	9.6	9.6	9.76	9.72
5.04	6.56	7.8	8.16	9.64	9.72	9.6	9.76	9.56	9.76	9.24	9.24	9.32	9.8	9.4	9.68	9.6	10.04	9.56	9.6	9.88	9.8	9.48	9.4	9.8	9.72	9.64	9.44	9.52	9.44	9.64	9.72	9.6	9.52	9.68	9.72	9.64	9.92	9.64	9.56	9.6
5.28	6.24	6.72	8.0	8.32	10.04	9.56	10.08	9.6	9.6	9.68	9.68	9.56	9.68	10.04	9.84	9.84	9.96	9.8	9.68	9.52	9.72	9.52	9.68	9.64	9.24	10.28	9.84	9.92	9.6	9.76	10.0	9.64	9.76	9.6	9.56	9.36	10.0	9.68	9.48	9.8
5.76	6.2	6.92	7.0	8.08	8.24	9.76	9.92	9.64	10.08	9.48	9.68	9.56	9.68	9.8	9.48	9.6	9.56	9.72	9.24	9.76	9.68	9.44	10.16	9.52	9.8	9.56	9.64	9.72	9.6	9.64	9.76	9.48	9.6	9.6	9.56	9.56	9.68	9.48	9.8	9.6
5.04	6.12	6.8	6.84	7.6	8.44	8.36	9.76	9.44	9.72	9.6	9.68	9.48	9.64	9.76	9.64	9.56	9.68	9.72	9.76	9.88	9.88	9.76	9.72	9.64	10.0	9.92	9.72	9.64	9.48	9.56	9.68	9.44	10.12	9.8	9.44	9.48	9.48	9.64	9.72	9.68
5.28	6.2	6.24	6.72	7.04	8.08	8.28	9.04	9.6	9.8	9.8	9.72	9.6	9.56	9.68	10.04	9.64	9.68	9.76	9.36	9.56	9.32	9.84	9.76	9.52	9.64	9.24	9.72	10.0	9.84	9.48	9.68	10.08	9.72	10.08	9.72	9.88	9.56	9.68	9.36	9.4
5.28	6.12	6.36	6.52	7.4	7.36	8.0	8.52	8.4	9.64	9.88	9.4	9.84	9.72	9.52	9.88	9.72	10.0	9.72	9.56	9.64	9.76	9.84	9.76	10.2	9.6	9.72	9.4	9.56	9.52	9.48	9.96	9.76	9.72	9.64	10.0	9.72	9.52	9.64	9.88	9.8
5.52	6.12	6.32	6.4	6.84	7.32	7.12	8.36	8.16	8.68	9.56	9.8	9.6	9.76	9.6	9.88	9.8	9.88	9.72	9.8	9.84	9.6	9.6	9.68	9.92	9.6	9.84	9.68	9.84	9.52	9.96	9.6	9.56	9.72	9.6	9.64	9.8	9.64	9.72	9.28	9.76
5.52	6.08	6.28	6.16	6.76	7.2	7.2	8.28	8.32	8.64	8.84	9.48	9.56	9.68	9.68	9.48	9.56	9.52	9.72	9.68	9.52	9.44	9.48	9.44	9.52	9.56	9.44	9.76	9.68	9.72	9.56	9.72	9.6	9.56	9.72	9.48	9.48	9.92	9.8	9.44	9.72
5.76	6.04	6.08	6.44	7.16	6.8	7.36	7.28	8.08	8.52	8.88	8.88	9.36	10.04	9.44	9.48	9.68	9.84	9.56	9.56	9.72	9.88	9.52	9.56	9.76	9.72	9.76	9.76	9.76	9.52	9.6	10.0	9.4	9.52	9.6	9.76	9.72	10.0	9.24	9.48	9.76
5.52	6.2	5.96	6.28	6.84	6.8	7.08	7.08	8.48	7.88	8.48	8.92	8.84	9.36	9.64	9.28	10.04	9.64	9.84	9.8	9.8	9.52	9.52	9.72	9.64	9.64	9.6	9.36	9.88	9.44	9.6	9.4	10.04	9.76	9.76	9.72	9.92	10.28	10.08	9.96	9.56
5.28	6.12	6.08	6.24	6.36	6.72	7.08	7.28	7.56	7.96	8.48	8.48	8.88	9.32	9.88	9.72	9.56	9.52	9.72	9.68	9.72	9.8	9.44	9.48	9.36	9.56	9.92	10.12	9.88	9.72	9.52	9.48	9.44	10.0	9.88	9.96	9.52	9.72	9.76	9.92	9.6
5.76	6.12	6.04	6.4	6.48	6.6	6.68	7.16	7.48	7.84	8.12	8.12	8.84	8.76	9.36	9.96	9.44	10.4	10.0	9.56	9.84	10.0	9.64	9.64	9.76	9.68	9.48	9.88	9.68	9.96	9.64	10.24	9.72	10.0	9.76	9.6	9.64	9.88	9.76	9.6	9.52
5.76	6.12	6.16	6.28	6.6	6.72	6.88	7.08	7.4	7.72	7.68	8.56	8.68	8.76	8.68	9.2	9.24	9.6	9.76	9.72	9.6	9.68	10.12	9.6	9.52	9.6	9.32	9.96	9.4	9.72	9.8	9.8	9.72	9.6	9.56	9.56	9.8	9.84	9.8	9.8	9.56
4.8	6.12	6.12	6.16	6.56	6.52	6.92	7.28	6.88	7.44	7.8	8.36	8.16	9.04	8.72	8.88	9.48	9.68	9.96	9.24	9.92	9.36	9.56	9.88	9.76	9.4	9.84	9.6	9.44	9.96	10.12	9.72	9.64	9.52	9.68	9.52	9.76	9.48	9.56	9.68	9.48
5.28	6.16	6.32	6.12	6.4	6.24	6.68	6.8	7.48	7.52	7.64	7.8	8.28	8.92	8.96	9.04	9.64	9.72	9.44	9.84	9.6	9.68	9.92	9.64	9.72	9.64	9.96	9.84	9.76	9.88	9.68	9.36	9.76	9.64	9.6	9.76	9.72	9.56	9.52	9.76	10.04
5.52	6.16	6.2	6.08	6.28	6.4	6.52	7.16	7.16	7.2	7.28	7.44	7.84	8.32	8.8	8.96	9.4	9.12	9.56	9.68	9.44	9.76	9.56	9.8	9.44	9.8	9.84	9.56	10.08	9.76	9.72	9.96	9.36	9.84	9.92	9.64	9.6	9.28	9.64	9.44	9.96
5.52	6.04	6.16	6.2	6.36	6.16	6.48	6.96	7.12	7.16	7.88	8.28	7.56	8.36	8.24	8.52	8.8	9.68	9.08	9.8	9.4	9.64	9.88	9.96	9.64	9.88	9.72	9.72	9.48	9.44	9.44	9.52	9.68	9.76	9.64	9.72	9.76	10.04	9.76	9.64	9.68
6.0	5.92	6.12	6.36	6.36	6.4	6.92	6.96	7.12	7.12	7.36	7.72	7.68	8.16	8.48	8.32	9.04	8.92	8.96	9.56	9.0	9.32	9.8	9.76	9.84	9.72	9.56	9.68	10.12	9.56	9.88	9.88	9.64	10.04	9.8	9.88	9.72	9.68	9.6	9.4	9.64
4.8	6.0	6.08	5.92	6.28	6.48	6.44	6.56	6.92	6.96	7.04	7.44	7.84	7.6	8.2	8.52	9.12	8.76	9.6	9.36	9.56	9.68	9.56	9.64	9.68	9.72	10.08	9.36	9.96	9.68	9.56	9.92	9.84	9.56	9.6	10.0	9.64	9.44	9.48	9.48	9.36
6.0	5.84	6.24	6.08	6.4	6.48	6.64	6.44	7.08	7.12	7.44	7.32	7.8	7.68	8.16	8.56	8.76	8.72	8.84	9.4	9.56	9.4	9.88	10.0	9.88	9.84	9.76	9.52	9.64	10.12	9.72	9.84	9.56	9.36	9.72	9.48	9.32	9.72	9.76	9.56	9.8
5.52	6.12	6.08	6.4	6.48	6.36	6.56	6.6	6.36	6.96	7.32	7.56	8.12	7.88	7.84	8.36	8.56	8.84	8.48	8.84	9.64	9.56	9.6	9.44	9.72	9.68	9.8	9.84	9.52	9.96	9.92	9.6	9.52	9.72	9.56	9.8	9.76	9.8	9.64	9.68	9.68
5.28	5.8	6.08	6.4	6.44	6.68	6.56	6.84	7.24	7.04	7.28	7.72	7.4	7.64	8.08	8.24	8.64	8.92	8.76	9.12	9.04	9.64	9.44	9.84	9.56	9.6	9.56	9.76	9.44	9.64	9.44	9.52	9.44	9.36	9.76	9.64	9.6	9.52	9.68	9.76	9.76
6.0	6.04	6.32	6.8	6.28	6.64	6.24	6.8	6.6	7.16	6.96	7.76	7.48	7.76	7.68	8.04	8.56	8.44	8.36	8.92	8.96	9.36	9.32	9.64	9.36	9.64	10.08	9.84	9.6	9.36	9.68	9.68	9.8	9.44	9.88	9.64	9.92	9.68	9.48	9.8	9.84
5.28	5.64	6.16	6.72	6.48	6.48	6.84	6.4	6.92	7.0	7.04	7.2	7.36	7.6	8.12	8.08	8.48	8.4	8.88	8.48	8.84	9.72	9.44	9.6	9.64	9.68	9.44	9.68	9.56	9.56	9.56	10.32	9.72	9.68	9.56	9.6	9.88	9.72	9.68	9.36	9.56
5.52	6.04	6.2	6.64	6.24	6.36	6.68	6.52	6.52	6.68	6.96	7.4	7.36	7.56	7.8	8.12	8.36	8.24	8.84	9.48	8.96	9.28	9.16	9.84	9.64	9.52	9.08	10.08	9.68	9.72	9.92	9.52	9.56	9.6	9.64	9.52	9.84	9.76	9.76	9.68	9.4
5.52	5.92	6.68	6.12	7.08	6.96	6.2	6.6	6.92	6.92	6.84	7.12	7.56	7.68	8.04	8.16	8.32	8.68	8.72	8.68	8.72	9.36	9.32	9.64	9.6	9.52	9.88	9.68	9.44	10.0	9.76	9.68	9.68	10.0	9.96	9.72	9.8	9.88	9.64	9.52	9.48
5.76	5.64	6.52	6.4	6.44	6.28	6.24	6.6	6.76	6.88	7.12	7.2	7.44	8.0	8.08	8.32	8.2	8.24	8.64	8.88	9.04	8.92	9.2	9.72	9.76	9.48	9.56	9.76	9.6	9.64	9.92	9.64	9.44	10.08	9.72	9.64	9.64	9.8	10.0	9.56	9.6
6.0	5.76	6.6	6.44	6.84	6.56	6.6	6.52	6.56	6.6	7.04	7.04	7.84	7.6	7.96	8.24	8.32	8.8	8.72	9.0	9.2	8.68	9.32	9.04	9.32	9.76	9.56	9.48	9.64	9.8	9.76	9.56	9.76	10.12	9.84	9.96	9.92	9.64	9.48	9.4	10.0
5.52	5.52	6.76	6.48	6.68	6.32	6.92	6.4	6.6	7.12	6.88	7.28	7.4	7.64	8.0	8.0	8.44	8.72	8.76	8.84	9.08	9.12	9.2	9.64	9.64	9.52	9.6	9.72	9.68	9.88	9.4	9.36	9.64	9.8	9.96	9.64	9.96	9.52	9.8	9.68	9.6
5.04	5.84	6.48	6.36	6.56	6.2	6.56	6.56	7.08	6.68	6.92	7.28	7.44	7.76	8.08	8.16	8.96	8.56	8.8	8.96	8.84	9.2	8.8	9.2	9.48	9.64	9.8	9.52	9.88	9.6	9.28	10.0	9.76	9.72	9.88	9.64	10.0	9.68	9.64	9.56	9.52
5.52	6.08	6.68	6.36	6.36	6.52	6.32	6.64	7.0	6.68	6.92	7.16	7.2	7.84	8.12	8.32	9.24	8.76	9.04	8.8	9.04	9.2	9.0	9.16	9.48	9.52	9.96	9.48	9.6	9.64	9.56	9.6	9.76	9.76	9.88	9.84	9.6	9.56	9.64	9.32	9.4
5.28	6.32	6.6	6.28	6.24	6.8	6.6	6.72	6.72	6.64	7.52	7.72	7.48	7.64	8.2	8.48	9.08	9.56	9.24	9.36	9.16	9.64	9.56	8.76	9.6	9.8	9.44	9.76	9.48	9.72	10.24	9.84	9.4	9.28	9.64	9.88	9.68	9.84	9.84	9.96	9.76
5.76	6.56	6.0	6.48	6.8	7.2	6.56	6.6	7.56	7.0	7.4	8.2	7.32	8.0	8.24	8.92	10.0	9.6	9.24	9.08	9.08	9.4	9.24	9.2	8.92	9.56	9.84	10.08	9.8	9.76	9.88	9.4	9.4	9.56	9.44	10.12	9.64	10.04	9.72	9.52	9.64
5.52	6.32	5.8	7.64	7.24	7.44	8.0	7.4	6.8	8.48	7.56	8.0	10.36	7.84	9.04	9.52	9.92	9.64	10.2	9.28	9.16	9.28	9.72	9.64	9.8	9.24	9.76	9.56	9.84	9.96	9.48	9.64	9.92	9.28	9.56	9.4	9.84	9.72	10.04	9.76	9.92
5.52	6.76	7.88	8.64	7.36	7.96	8.68	8.24	8.16	9.64	8.4	10.08	10.12	8.2	9.2	10.92	10.28	10.32	9.72	9.2	9.44	9.76	9.6	9.44	9.6	8.96	9.48	9.96	9.4	10.2	9.92	10.0	9.8	9.64	9.32	9.44	9.6	9.52	9.44	9.48	9.68
5.52	6.68	9.72	8.36	9.48	9.72	9.08	9.32	8.64	10.4	8.4	10.0	10.4	7.44	10.48	10.68	10.08	9.76	10.2	9.88	9.16	9.44	9.76	9.56	9.8	9.56	9.64	9.72	9.8	9.56	9.72	9.68	9.8	9.8	10.04	9.84	9.56	9.92	9.88	9.44	9.8
5.28	8.32	9.16	10.36	9.68	9.64	9.8	10.56	8.6	10.72	8.48	10.8	10.28	10.4	11.04	10.88	10.12	10.84	10.4	10.04	9.4	9.76	9.52	9.56	9.28	9.28	9.4	9.68	9.52	9.48	9.44	9.4	9.72	10.12	9.6	9.72	9.52	9.68	9.72	9.8	9.44
5.04	7.84	9.44	9.48	9.28	11.24	10.92	10.48	10.64	10.72	10.64	10.4	10.48	9.76	11.04	10.84	10.84	10.48	9.96	9.64	9.88	9.48	9.8	9.48	9.6	9.28	9.2	9.76	9.8	9.88	9.36	9.56	9.92	9.8	9.64	9.44	9.72	9.76	10.04	9.2	9.84
