16.8	66.56	65.24799999999999	64.496	64.928	63.536	65.424	64.336	65.616	64.39999999999999	64.01599999999999	65.50399999999999	64.496	65.696	65.61600000000001	65.744	63.599999999999994	65.6	64.288	66.496	64.47999999999999	65.872	65.552	63.69599999999999	65.04	65.136	64.64	65.168	64.672	64.208	65.45599999999999	64.88	64.992	63.856	64.448	66.24	65.472	63.84	64.91199999999999	64.224	64.11200000000001
13.84	59.135999999999996	64.44800000000001	64.33600000000001	65.312	64.06400000000001	63.712	65.44	65.31200000000001	63.92	64.67200000000001	63.2	64.224	63.808	64.0	64.432	63.712	65.824	64.256	65.19999999999999	65.34400000000001	64.592	64.848	64.176	64.416	65.648	64.24000000000001	64.208	64.0	64.944	63.888	64.928	64.512	64.608	65.36	64.72	65.664	62.656	64.49600000000001	64.28800000000001	64.864
15.968	53.536	59.583999999999996	65.376	64.848	64.27199999999999	65.088	64.944	64.47999999999999	63.983999999999995	64.432	63.904	64.91199999999999	66.432	64.384	65.232	63.504000000000005	64.944	66.224	65.696	64.336	64.8	64.096	64.512	64.47999999999999	65.744	64.512	65.216	64.70400000000001	65.632	65.72800000000001	65.664	64.576	65.344	65.296	64.52799999999999	64.976	65.312	65.904	65.392	64.75200000000001
14.751999999999999	50.751999999999995	57.552	58.864000000000004	65.152	64.656	65.248	63.99999999999999	65.248	65.44	65.536	64.11200000000001	65.536	64.208	64.928	64.57600000000001	65.104	63.68000000000001	65.68	63.888	64.30399999999999	64.656	65.44	64.224	64.464	64.992	64.72	64.528	66.208	65.75999999999999	63.36	64.048	64.224	64.08	64.176	65.968	64.896	65.376	64.8	66.384	63.952000000000005
15.648	40.480000000000004	52.848	58.496	59.376	64.8	66.864	65.344	65.664	64.912	64.752	66.63999999999999	64.496	64.208	63.215999999999994	65.07199999999999	65.232	64.816	65.92	64.288	64.448	65.456	64.384	64.048	64.752	65.056	64.528	64.704	64.256	64.976	65.776	65.75999999999999	63.792	66.112	63.824000000000005	66.0	65.872	64.976	65.92	64.67200000000001	65.376
14.527999999999999	37.136	50.944	54.70400000000001	59.663999999999994	59.856	64.736	65.152	66.352	65.088	63.98399999999999	64.944	65.584	65.168	64.496	66.32000000000001	65.648	64.32000000000001	65.03999999999999	66.256	64.464	64.592	66.4	65.408	65.37599999999999	64.73599999999999	65.872	64.70400000000001	64.352	64.352	64.672	64.336	64.73599999999999	64.432	64.59200000000001	63.93599999999999	64.24	65.36	63.424	64.432	63.952
15.055999999999997	37.68	53.68000000000001	53.2	57.504	60.24000000000001	59.888000000000005	64.784	64.192	64.44800000000001	64.88	65.744	64.944	65.184	63.48799999999999	64.464	65.344	65.648	63.856	65.184	66.208	65.264	65.67999999999999	65.488	64.72	64.544	64.736	65.008	65.152	64.768	63.712	63.712	66.67200000000001	64.096	66.352	64.784	64.336	65.728	65.19999999999999	63.47200000000001	64.384
14.495999999999999	36.70399999999999	43.968	52.752	53.968	56.56	60.111999999999995	61.040000000000006	66.75200000000001	65.76	64.736	64.336	64.816	64.592	65.648	64.912	64.832	64.928	64.848	64.272	65.312	65.584	65.392	65.568	65.64800000000001	64.672	63.728	65.408	64.01599999999999	64.944	63.855999999999995	64.0	65.248	63.55199999999999	63.2	64.256	64.44800000000001	62.64	65.248	64.96000000000001	64.688
15.168	34.24	41.327999999999996	51.775999999999996	53.2	53.92	59.135999999999996	58.512	60.16	64.208	65.328	64.464	63.232	65.856	63.936	64.88	64.52799999999999	64.70400000000001	64.144	63.647999999999996	65.76	65.344	63.968	64.608	64.35199999999999	64.44800000000001	64.592	65.168	65.152	65.36	63.104	65.616	64.528	63.88799999999999	65.76	65.008	65.568	64.816	64.288	64.688	65.584
15.344	31.728	40.464000000000006	44.896	53.44	53.616	55.263999999999996	59.984	60.832	60.224000000000004	65.648	64.48	64.848	63.616	65.456	64.44800000000001	64.576	64.592	64.432	65.19999999999999	64.88	64.24	64.512	64.464	64.672	66.736	64.89599999999999	64.56	64.656	64.72	65.67999999999999	64.224	66.432	65.104	65.168	65.024	64.928	65.184	64.576	64.416	63.50399999999999
15.087999999999997	32.128	37.440000000000005	43.184	52.128	52.736000000000004	53.744	58.32	60.495999999999995	59.760000000000005	61.36	64.896	66.24	65.136	64.736	63.408	65.264	64.73599999999999	65.03999999999999	66.304	64.56	63.824	65.424	63.888000000000005	67.52	64.22399999999999	64.752	65.312	65.504	64.52799999999999	63.983999999999995	65.04	63.92	64.55999999999999	65.616	66.39999999999999	63.792	65.056	65.776	65.056	65.80799999999999
15.872	29.712	38.304	44.592	50.432	53.93600000000001	54.4	54.16	57.888	59.488	60.96	60.864	64.096	65.648	63.519999999999996	64.09599999999999	65.712	63.84	64.88	65.28	64.49600000000001	64.97599999999998	65.472	66.176	64.416	64.048	65.6	65.36	64.8	65.104	64.70400000000001	65.408	65.63199999999999	62.816	64.576	64.944	65.968	64.416	65.392	64.496	65.18400000000001
13.328000000000001	30.832	36.656	40.08	51.968	54.704	54.0	54.896	58.608	58.544	60.367999999999995	61.872	62.048	63.888000000000005	66.32	64.0	64.64	65.056	64.08	65.584	64.01599999999999	65.568	64.048	66.112	65.024	63.664	64.128	64.048	64.976	65.504	64.224	66.06400000000001	65.616	66.03200000000001	64.848	64.128	65.744	64.656	65.36	65.184	65.04
15.104000000000003	27.983999999999995	36.160000000000004	39.68	45.2	52.048	53.632	53.92	56.16	58.736	60.256	60.239999999999995	61.408	68.432	64.73599999999999	65.152	64.496	65.36000000000001	64.752	64.208	64.784	63.839999999999996	65.392	65.232	65.456	65.28	66.56	64.384	63.808	63.472	64.096	64.832	64.432	65.536	64.464	65.536	64.48	63.61599999999999	64.576	64.19200000000001	65.552
14.656	28.896	34.992000000000004	40.38400000000001	45.088	52.57600000000001	53.456	54.352000000000004	55.248000000000005	55.775999999999996	58.687999999999995	60.704	61.28	60.431999999999995	479.104	64.384	64.832	64.464	64.528	65.088	64.57600000000001	64.06400000000001	64.57600000000001	64.448	64.528	64.70400000000001	65.488	65.472	64.368	65.504	65.42399999999999	67.344	63.471999999999994	63.92	64.576	65.664	65.55199999999999	64.83200000000001	64.496	64.864	64.56
14.64	27.28	35.504000000000005	37.408	45.16799999999999	46.928	51.2	54.19200000000001	55.536	55.2	56.048	59.872	59.760000000000005	183.536	430.12799999999993	472.976	64.62400000000001	63.263999999999996	64.56	65.264	64.57600000000001	63.647999999999996	64.512	65.6	65.424	64.32	64.48	64.592	63.535999999999994	64.56	63.968	64.75200000000001	65.264	65.072	64.304	63.888000000000005	65.21600000000001	64.22399999999999	64.512	64.80000000000001	65.712
14.783999999999999	27.023999999999997	33.488	39.839999999999996	44.176	46.72	51.199999999999996	52.864	54.97599999999999	55.712	56.512	58.72	59.12	190.8	335.936	239.568	66.336	64.52799999999999	64.48	64.33600000000001	64.39999999999999	65.504	65.472	64.22399999999999	66.44800000000001	63.15200000000001	65.44	63.855999999999995	64.784	65.76	64.192	65.536	65.68	65.264	65.6	64.36800000000001	65.616	65.68	65.312	64.16	66.016
15.536000000000001	27.375999999999998	33.568	37.6	43.26400000000001	46.464	52.928	53.024	53.312	56.416	56.495999999999995	56.352000000000004	101.92	162.336	292.368	285.18399999999997	67.152	66.208	64.656	64.272	64.27199999999999	64.65599999999999	64.99199999999999	63.712	66.4	64.768	63.968	65.072	64.592	64.86399999999999	64.816	64.864	64.384	65.072	65.10399999999998	64.4	65.36	65.392	65.00800000000001	65.104	65.2
14.176000000000002	26.384	31.631999999999998	36.24	42.416	45.568	47.664	51.312	53.61600000000001	53.80799999999999	55.15200000000001	57.791999999999994	110.304	165.66400000000002	247.504	76.64	68.448	66.112	64.784	65.90400000000001	64.992	66.608	66.352	65.872	64.72	65.56799999999998	65.328	65.63199999999999	65.11999999999999	63.471999999999994	64.72	65.2	65.152	64.544	64.096	65.568	64.896	64.864	65.80799999999999	63.44	63.471999999999994
15.807999999999998	25.152	32.096000000000004	35.44	42.896	45.936	48.52799999999999	52.784000000000006	52.592	54.16	56.448	85.45599999999999	106.96	153.328	273.88800000000003	78.592	69.6	66.03200000000001	66.752	65.296	64.08	65.696	65.408	64.944	65.648	64.128	64.256	64.304	66.016	64.608	64.224	65.04	65.29599999999999	64.72	64.208	65.744	63.632000000000005	63.80800000000001	63.568	65.392	64.49600000000001
16.368	24.736	30.752	36.51200000000001	41.344	44.256	46.83200000000001	52.976	52.464	54.35199999999999	54.831999999999994	112.68800000000002	136.04799999999997	170.624	104.78399999999999	74.256	71.76	66.976	65.168	66.41600000000001	64.896	64.43199999999999	64.96	66.512	65.712	64.352	64.88	64.816	65.92	64.656	63.824	65.024	66.08	65.408	64.56	64.96000000000001	65.936	65.23200000000001	64.992	64.288	65.152
13.904	25.776	32.096000000000004	36.144000000000005	41.056000000000004	43.584	46.304	48.048	52.111999999999995	53.024	86.128	123.504	149.92	122.592	87.632	74.22399999999999	68.928	67.776	66.224	65.136	65.55199999999999	66.752	64.83200000000001	64.064	65.12	65.664	65.84	64.96000000000001	64.32	64.72	65.168	65.36	65.968	65.168	64.272	63.760000000000005	64.896	64.88000000000001	65.36	64.448	66.032
13.936	25.247999999999998	31.968	36.160000000000004	40.592	43.536	47.2	47.28	55.488	104.112	90.08000000000001	171.984	193.584	99.808	91.536	74.976	70.24000000000001	68.416	66.4	64.992	65.056	66.01599999999999	65.456	66.096	64.928	64.656	64.608	65.024	65.344	64.192	65.104	66.464	65.44	65.232	65.088	63.488	65.584	65.152	65.184	64.448	65.328
14.672	24.432000000000002	30.496000000000002	37.344	41.504000000000005	43.903999999999996	45.519999999999996	47.536	51.968	85.77599999999998	101.536	173.92	133.93599999999998	114.08000000000001	88.128	74.0	70.576	69.392	67.008	65.424	65.712	66.54400000000001	65.424	64.30399999999999	64.576	65.456	64.992	64.176	65.6	63.61600000000001	65.968	64.256	63.408	64.4	64.62400000000001	64.64	65.32799999999999	63.744	65.92	64.06400000000001	65.04
14.896	23.296	31.568	37.552	42.144	43.28	43.488	46.848	52.64	131.072	143.568	122.47999999999999	137.952	102.288	76.944	72.96	70.35199999999999	69.26400000000001	67.05600000000001	66.27199999999999	66.384	66.544	65.792	64.64	64.864	63.776	66.128	64.72	65.728	65.00800000000001	64.528	64.944	64.368	64.544	64.256	65.632	64.57600000000001	64.448	64.704	63.792	65.36
15.216000000000001	23.808	29.744	37.392	39.168	42.336	45.29600000000001	48.016000000000005	298.06399999999996	109.536	223.53600000000003	140.16	132.736	79.472	74.16000000000001	74.52799999999999	70.8	67.84	68.032	67.328	66.048	65.696	63.36	65.00800000000001	65.84	65.376	64.24	65.152	65.36	64.24000000000001	65.03999999999999	65.088	63.824000000000005	64.96000000000001	66.064	64.176	65.264	65.776	65.44	64.736	65.84
13.407999999999998	24.896	31.472	39.536	39.68	42.864000000000004	44.304	275.632	298.128	232.67199999999997	132.144	131.552	82.86399999999999	79.152	74.128	72.84800000000001	70.544	69.088	66.32	65.744	65.71199999999999	65.744	64.528	63.952	65.232	65.056	64.976	66.192	64.144	63.568	65.2	65.392	63.504	64.32	65.344	65.216	64.72	63.279999999999994	64.592	64.88	66.688
14.176000000000002	22.928000000000004	29.872	38.048	39.184000000000005	42.32000000000001	44.751999999999995	297.712	389.488	122.96	120.60799999999999	87.76	79.616	75.58399999999999	74.19200000000001	73.184	69.856	69.792	67.45599999999999	68.352	66.576	65.296	65.16799999999999	65.6	64.512	65.376	65.232	65.6	65.072	64.848	65.152	63.647999999999996	64.48	63.584	65.63199999999999	64.912	64.896	65.6	64.88	65.312	65.77600000000001
14.399999999999999	24.224	28.880000000000003	34.896	40.304	42.896	47.888	380.576	360.06399999999996	106.048	106.016	88.08000000000001	81.536	75.744	74.88	71.664	69.808	68.704	69.44	67.504	66.83200000000001	67.904	67.104	65.184	65.264	65.00800000000001	64.144	65.69600000000001	64.88	64.544	64.864	64.688	64.72	65.328	64.304	63.504	64.83200000000001	65.136	64.72	63.616	64.048
13.536000000000001	24.432	32.224	37.152	42.431999999999995	45.104	419.37600000000003	419.04	105.152	94.784	90.608	86.55999999999999	78.72000000000001	76.272	72.848	72.208	70.83200000000001	67.888	69.55199999999999	68.432	68.256	66.96000000000001	65.42399999999999	65.84	65.52	65.664	65.792	66.864	64.384	65.648	64.44800000000001	64.624	64.52799999999999	65.936	64.44800000000001	64.624	65.184	64.57600000000001	64.52799999999999	64.464	65.248
15.712	21.44	32.976	36.928000000000004	39.456	47.952000000000005	449.04	109.296	102.99199999999999	82.832	80.496	84.816	79.68	74.128	73.29599999999999	72.032	70.20800000000001	68.83200000000001	68.80000000000001	68.048	66.96	66.11200000000001	67.696	64.416	65.776	64.208	65.52	64.416	65.264	66.64	66.72	64.384	64.736	64.976	64.752	64.22399999999999	64.27199999999999	65.26400000000001	64.96	65.696	65.824
15.472000000000001	22.224000000000004	38.080000000000005	35.504000000000005	50.879999999999995	492.4	342.672	95.696	90.35199999999999	83.24800000000002	76.176	83.47200000000001	78.432	74.896	74.464	70.55999999999999	70.736	67.568	69.12	69.552	68.96000000000001	66.32000000000001	66.096	66.448	65.936	64.544	65.552	65.568	62.848	65.28	65.664	64.52799999999999	66.08000000000001	64.064	66.384	63.92	66.192	63.647999999999996	65.008	63.488	65.12
14.32	22.400000000000002	32.879999999999995	36.576	496.32	223.42399999999998	91.50399999999999	83.744	76.864	82.528	76.01599999999999	83.488	79.76	75.392	72.784	72.32	70.512	69.60000000000001	69.36	69.184	68.72	68.032	66.88	64.88000000000001	65.13600000000001	65.24799999999999	64.384	65.744	65.04	65.984	64.08	63.936	66.01599999999999	64.64	64.912	64.992	66.032	64.432	65.152	65.104	64.57600000000001
15.632	23.296000000000003	32.879999999999995	38.303999999999995	488.65599999999995	90.784	79.344	83.232	74.43199999999999	81.52000000000001	77.53599999999999	82.08	78.144	74.816	73.376	72.11200000000001	71.552	70.128	69.08800000000001	68.976	68.432	68.048	66.52799999999999	68.352	65.024	66.336	66.4	65.792	64.944	65.232	64.72	65.232	65.536	65.392	64.88	65.344	64.512	63.37599999999999	63.728	64.8	63.984
15.616	21.887999999999998	30.928	76.57600000000001	129.312	83.072	79.85600000000001	80.84799999999998	74.16	80.112	73.872	71.888	78.496	75.024	72.928	71.264	70.432	70.64	68.72	68.64	67.67999999999999	68.70400000000001	67.92	66.49600000000001	65.99999999999999	65.312	65.68	65.872	64.72	65.456	65.47200000000001	64.94399999999999	64.464	65.42399999999999	66.064	65.28	64.256	65.232	65.44	65.952	66.224
13.856	27.648	30.927999999999997	352.288	78.928	71.83999999999999	78.064	71.76	73.91999999999999	77.664	73.904	72.0	78.11200000000001	75.408	72.304	71.024	69.72800000000001	70.192	68.752	68.096	68.624	69.824	68.27199999999999	67.44000000000001	66.0	65.968	66.08	66.44800000000001	64.352	65.44	65.312	65.52000000000001	64.83200000000001	65.232	65.12	64.55999999999999	64.944	64.624	64.384	66.88	65.75999999999999
15.392	37.008	397.552	65.536	66.976	69.968	68.928	69.872	70.496	71.024	73.696	71.488	69.024	75.03999999999999	72.608	71.488	71.00800000000001	69.80799999999999	68.96000000000001	68.336	69.008	69.232	69.344	67.904	67.376	65.264	65.584	66.144	64.8	66.112	65.712	63.42400000000001	65.76	65.232	65.152	64.78399999999999	65.08800000000001	65.232	64.68799999999999	65.2	63.712
15.312	33.008	57.855999999999995	62.431999999999995	67.856	68.32	68.224	68.128	72.44800000000001	68.272	74.80000000000001	71.312	69.24799999999999	75.552	71.6	70.912	70.624	71.088	70.17599999999999	70.56	69.328	67.93599999999999	69.136	68.49600000000001	67.77600000000001	67.616	64.704	65.536	66.84799999999998	65.71199999999999	66.544	64.944	64.84799999999998	65.6	65.312	64.224	64.128	66.112	65.392	64.88	63.664
14.751999999999999	380.49600000000004	55.775999999999996	62.63999999999999	65.26400000000001	69.024	67.408	67.488	70.59200000000001	66.73599999999999	72.704	69.584	68.352	74.848	71.488	71.712	70.48	72.384	70.24000000000001	70.768	67.152	67.888	67.632	67.968	68.384	67.392	65.648	66.384	64.32	65.008	65.44	64.896	64.688	65.968	65.472	66.208	64.72	64.672	64.256	65.904	64.672
14.672	41.056	52.736000000000004	56.672	62.496	64.672	66.32	66.416	70.176	67.584	72.688	69.68	69.104	67.90400000000001	72.656	71.344	69.472	70.512	70.752	70.06400000000001	68.48	68.544	68.768	67.504	67.616	66.928	67.504	65.75999999999999	66.928	65.184	64.976	65.968	64.72	65.52000000000001	65.648	63.647999999999996	65.008	64.91199999999999	66.272	65.184	66.208
13.904	38.992000000000004	50.848	54.848	60.336000000000006	63.424	63.792	66.48	65.808	66.8	66.256	69.72800000000001	68.288	68.736	70.52799999999999	70.768	70.496	70.848	69.264	70.0	69.67999999999999	68.256	68.832	67.648	67.824	67.69600000000001	67.872	65.872	65.87199999999999	66.352	65.216	64.256	64.896	65.536	65.296	65.04	65.024	64.064	66.39999999999999	66.032	65.344
