0.0	0.0	0.0	0.0	0.0	0.0	0.0	0.0	0.0	0.0	0.0	0.0	0.0	0.0	0.0	0.0	0.0	0.0	0.0	0.0	0.0	0.4459149241447449	0.42625030875205994	0.41355980187654495	0.4540323242545128	0.4414942264556885	0.45424579828977585	0.43492408096790314	0.43279755860567093	0.44423050433397293	0.45122747868299484	0.44620461761951447	0.42978689074516296	0.43976401537656784	0.43345310539007187	0.42481741309165955	0.43602170050144196	0.41762226819992065	0.44468019902706146	0.4450460523366928	0.447972908616066
0.0	0.0	0.0	0.0	0.0	0.0	0.0	0.0	0.0	0.0	0.0	0.0	0.0	0.0	0.0	0.0	0.0	0.0	0.0	0.0	0.0	0.40527474880218506	0.42717256397008896	0.43557197600603104	0.4459073320031166	0.4398479163646698	0.43743935227394104	0.44404757767915726	0.4317000284790993	0.4283692389726639	0.444413460791111	0.44898659735918045	0.43917715549468994	0.4232320487499237	0.4446878507733345	0.4365399330854416	0.45108263194561005	0.4383691996335983	0.43993934988975525	0.4224850684404373	0.4384835585951805
0.0	0.0	0.0	0.0	0.0	0.0	0.0	0.0	0.0	0.0	0.0	0.0	0.0	0.0	0.0	0.0	0.0	0.0	0.0	0.0	0.0	0.42075488716363907	0.43084634095430374	0.45191342383623123	0.42428384721279144	0.4534454345703125	0.41836921870708466	0.42566341906785965	0.4281710386276245	0.451105497777462	0.4118448346853256	0.46137990802526474	0.4420734643936157	0.44939056038856506	0.4377366080880165	0.4481862932443619	0.44638754427433014	0.44101401418447495	0.4423707500100136	0.44782809168100357	0.4478737935423851
0.0	0.0	0.0	0.0	0.0	0.0	0.0	0.0	0.0	0.0	0.0	0.0	0.0	0.0	0.0	0.0	0.0	0.0	0.0	0.0	0.0	0.4237045794725418	0.47118937969207764	0.4634302407503128	0.4316847547888756	0.44068627059459686	0.4304119199514389	0.41914668679237366	0.4087884649634361	0.43873508274555206	0.46524426341056824	0.45692869275808334	0.4224240928888321	0.427698478102684	0.43714968860149384	0.43471066653728485	0.44996223598718643	0.42385701835155487	0.4559454321861267	0.44287382811307907	0.4387274608016014
0.0	0.0	0.0	0.0	0.0	0.0	0.0	0.0	0.0	0.0	0.0	0.0	0.0	0.0	0.0	0.0	0.0	0.0	0.0	0.0	0.0	0.43643325567245483	0.4253432974219322	0.4441237971186638	0.45616646856069565	0.44301099330186844	0.42564817517995834	0.4265323206782341	0.440998800098896	0.43782807141542435	0.410892091691494	0.41255370527505875	0.4441390708088875	0.42785853892564774	0.44275184720754623	0.44179145246744156	0.4521421119570732	0.4413798972964287	0.44516803324222565	0.4188494011759758	0.4153433069586754
0.0	0.0	0.0	0.0	0.0	0.0	0.0	0.0	0.0	0.0	0.0	0.0	0.0	0.0	0.0	0.0	0.0	0.0	0.0	0.0	0.0	0.4581558257341385	0.4241771399974823	0.4330948442220688	0.4553433284163475	0.4622335657477379	0.4450765699148178	0.4426070302724838	0.42628079652786255	0.4365323409438133	0.46089210361242294	0.4507319927215576	0.43771371245384216	0.43886465579271317	0.44021371006965637	0.4206177219748497	0.43051859736442566	0.40079301595687866	0.43823203444480896	0.42483262717723846	0.4468829408288002
0.0	0.0	0.0	0.0	0.0	0.0	0.0	0.0	0.0	0.0	0.0	0.0	0.0	0.0	0.0	0.0	0.0	0.0	0.0	0.0	0.0	0.43125033378601074	0.44466495513916016	0.4298097565770149	0.46212685853242874	0.4238875061273575	0.4440247118473053	0.43196676671504974	0.4433539807796478	0.4485902562737465	0.4408615753054619	0.45332351326942444	0.42038141191005707	0.44367410242557526	0.4575384184718132	0.4305948466062546	0.4362274333834648	0.435564324259758	0.44846830517053604	0.44034331291913986	0.42793478816747665
0.0	0.0	0.0	0.0	0.0	0.0	0.0	0.0	0.0	0.0	0.0	0.0	0.0	0.0	0.0	0.0	0.0	0.0	0.0	0.0	0.0	0.4312731698155403	0.4188798889517784	0.4534302204847336	0.44957348704338074	0.43307194858789444	0.43188292533159256	0.4438951089978218	0.4250993952155113	0.4554728716611862	0.4523097947239876	0.43950486928224564	0.4555262252688408	0.443231999874115	0.4678661823272705	0.42134177684783936	0.44214971363544464	0.4522716850042343	0.45869695395231247	0.4280567094683647	0.42168476432561874
0.0	0.0	0.0	0.0	0.0	0.0	0.0	0.0	0.0	0.0	0.0	0.0	0.0	0.0	0.0	0.0	0.0	0.0	0.0	0.0	0.0	0.46532807499170303	0.43199725449085236	0.4084225818514824	0.43060246855020523	0.45080821216106415	0.4430795907974243	0.4521954357624054	0.42600640654563904	0.4563494250178337	0.4134606868028641	0.45426860451698303	0.42964210361242294	0.42451250553131104	0.425655797123909	0.4397182837128639	0.41848354786634445	0.43922285735607147	0.4459759294986725	0.4510444924235344	0.4392609968781471
0.0	0.0	0.0	0.0	0.0	0.0	0.0	0.0	0.0	0.0	0.0	0.0	0.0	0.0	0.0	0.0	0.0	0.0	0.0	0.0	0.0	0.4226375073194504	0.42899423837661743	0.42590735107660294	0.43924572318792343	0.4393905699253082	0.43320152163505554	0.4157015383243561	0.416669525206089	0.4304347559809685	0.4312121942639351	0.4183920845389366	0.41496220976114273	0.45128845423460007	0.4289332628250122	0.43686767667531967	0.4350689575076103	0.42975640296936035	0.4291771650314331	0.4179195240139961	0.4225384220480919
0.0	0.0	0.0	0.0	0.0	0.0	0.0	0.0	0.0	0.0	0.0	0.0	0.0	0.0	0.0	0.0	0.0	0.0	0.0	0.0	0.0	0.44490882754325867	0.4189789742231369	0.44499266892671585	0.40810246020555496	0.4291314333677292	0.44799571484327316	0.4401298984885216	0.43911615014076233	0.4408920630812645	0.43820157647132874	0.42863597720861435	0.4358997195959091	0.43794240057468414	0.4303661584854126	0.4532930254936218	0.43782807141542435	0.42738597840070724	0.4360140487551689	0.44914665818214417	0.4315475896000862
0.0	0.0	0.0	0.0	0.0	0.0	0.0	0.0	0.0	0.0	0.0	0.0	0.0	0.0	0.0	0.0	0.0	0.0	0.0	0.0	0.0	0.4135826379060745	0.45129601657390594	0.4422793462872505	0.43050335347652435	0.42345305532217026	0.44586922228336334	0.4293372258543968	0.44070154428482056	0.4530033618211746	0.4074164852499962	0.4502442479133606	0.4267914667725563	0.41723354905843735	0.41801098734140396	0.45025184005498886	0.42171528190374374	0.4580339044332504	0.42936768382787704	0.42103689908981323	0.43525947630405426
0.0	0.0	0.0	0.0	0.0	0.0	0.0	0.0	0.0	0.0	0.0	0.0	0.0	0.0	0.0	0.0	0.0	0.0	0.0	0.0	0.0	0.4428432807326317	0.46680673211812973	0.4156481847167015	0.4443295896053314	0.4314027428627014	0.4507167786359787	0.4529728442430496	0.44077011197805405	0.4432167559862137	0.4001832604408264	0.4645811840891838	0.44420766830444336	0.4497259557247162	0.44719547033309937	0.4540780857205391	0.41169239580631256	0.43280524015426636	0.4582168012857437	0.45634183287620544	0.41480977088212967
0.0	0.0	0.0	0.0	0.0	0.0	0.0	0.0	0.0	0.0	0.0	0.0	0.0	0.0	0.0	0.0	0.0	0.0	0.0	0.0	0.0	0.4239485114812851	0.43217258900403976	0.4399469420313835	0.4356253296136856	0.43896371126174927	0.4173097684979439	0.4310521334409714	0.4466847702860832	0.4324546307325363	0.4257853999733925	0.45472589135169983	0.4276832342147827	0.42625030875205994	0.45148662477731705	0.4644439294934273	0.4439561143517494	0.4310597851872444	0.45137229561805725	0.44621220976114273	0.43748508393764496
0.0	0.0	0.0	0.0	0.0	0.0	0.0	0.0	0.0	0.0	0.0	0.0	0.0	0.0	0.0	0.0	0.0	0.0	0.0	0.0	0.0	0.43267563730478287	0.44756894558668137	0.43976401537656784	0.43670764565467834	0.41706589609384537	0.43461161106824875	0.4133692532777786	0.4473326653242111	0.4206710457801819	0.44190581142902374	0.4326832592487335	0.45015275478363037	0.4348326474428177	0.40810246020555496	0.4521421119570732	0.4326679855585098	0.4349621906876564	0.4259987846016884	0.44538144767284393	0.42217259854078293
0.0	0.0	0.0	0.0	0.0	0.0	0.0	0.0	0.0	0.0	0.0	0.0	0.0	0.0	0.0	0.0	0.0	0.0	0.0	0.0	0.0	0.4016162157058716	0.414825014770031	0.4259682968258858	0.4008235037326813	0.4504423886537552	0.45551101118326187	0.4080948382616043	0.46253082156181335	0.43446679413318634	0.4362808167934418	0.4244896396994591	0.43870459496974945	0.43752316385507584	0.4392457827925682	0.41911619901657104	0.44391800463199615	0.4479423612356186	0.4359835609793663	0.4269668310880661	0.4402594715356827
0.0	0.0	0.0	0.0	0.0	0.0	0.0	0.0	0.0	0.0	0.0	0.0	0.0	0.0	0.0	0.0	0.0	0.0	0.0	0.0	0.0	0.4539180248975754	0.43871986865997314	0.43808721750974655	0.4162808358669281	0.43779758363962173	0.4429881274700165	0.420602448284626	0.46516042202711105	0.43577776849269867	0.44199730455875397	0.4493524804711342	0.4395734667778015	0.43662380427122116	0.45244698971509933	0.44315581023693085	0.4279804900288582	0.44380367547273636	0.44768327474594116	0.4251679927110672	0.4341771602630615
0.0	0.0	0.0	0.0	0.0	0.0	0.0	0.0	0.0	0.0	0.0	0.0	0.0	0.0	0.0	0.0	0.0	0.0	0.0	0.0	0.0	0.4312199056148529	0.4395124912261963	0.43242408335208893	0.4251832365989685	0.4356634393334389	0.4469515383243561	0.4415552318096161	0.43478691577911377	0.40950489789247513	0.4662274941802025	0.45361314713954926	0.43397895991802216	0.44653236120939255	0.4507168084383011	0.43899422883987427	0.44322437793016434	0.4199393391609192	0.44789671897888184	0.42296525090932846	0.4343981668353081
0.0	0.0	0.0	0.0	0.0	0.0	0.0	0.0	0.0	0.0	0.0	0.0	0.0	0.0	0.0	0.0	0.0	0.0	0.0	0.0	0.0	0.4173097684979439	0.43532807379961014	0.4295734763145447	0.4015018567442894	0.4212198257446289	0.42038141191005707	0.41729452461004257	0.44008413702249527	0.42978692054748535	0.43544240295886993	0.4597640261054039	0.4229957386851311	0.4346039891242981	0.434649720788002	0.4354652687907219	0.43074731528759	0.4314256086945534	0.43237075954675674	0.4423859938979149	0.43589968979358673
0.0	0.0	0.0	0.0	0.0	0.0	0.0	0.0	0.0	0.0	0.0	0.0	0.0	0.0	0.0	0.0	0.0	0.0	0.0	0.0	0.0	0.4378509074449539	0.4434225484728813	0.43967255204916	0.42858265340328217	0.4449012354016304	0.4272107034921646	0.44284331053495407	0.45473357290029526	0.4370353892445564	0.44109026342630386	0.433902770280838	0.4353204220533371	0.3977137506008148	0.4345734715461731	0.42048049718141556	0.4307548776268959	0.430168017745018	0.4331100881099701	0.430343322455883	0.4399469420313835
0.0	0.0	0.0	0.0	0.0	0.0	0.0	0.0	0.0	0.0	0.0	0.0	0.0	0.0	0.0	0.0	0.0	0.0	0.0	0.0	0.0	0.43525947630405426	0.4203890338540077	0.42730213701725006	0.4584835395216942	0.4243219569325447	0.4339713677763939	0.44245459139347076	0.4610597565770149	0.42957350611686707	0.46260710060596466	0.42418476194143295	0.42023659497499466	0.4345201179385185	0.42849116027355194	0.46041954308748245	0.41791190207004547	0.4366619139909744	0.42804908752441406	0.4499317482113838	0.44196681678295135
0.0	0.0	0.0	0.0	0.0	0.0	0.0	0.0	0.0	0.0	0.0	0.0	0.0	0.0	0.0	0.0	0.0	0.0	0.0	0.0	0.0	0.44445154070854187	0.42954301834106445	0.4389560893177986	0.4365704208612442	0.42385704815387726	0.4203738197684288	0.43237072974443436	0.4328356981277466	0.4205033630132675	0.43100640177726746	0.4411436468362808	0.45528994500637054	0.43363600224256516	0.4564332664012909	0.4247792735695839	0.41926098614931107	0.4313417971134186	0.4264179915189743	0.4394896849989891	0.42737073451280594
0.0	0.0	0.0	0.0	0.0	0.0	0.0	0.0	0.0	0.0	0.0	0.0	0.0	0.0	0.0	0.0	0.0	0.0	0.0	0.0	0.0	0.43134938925504684	0.4313417971134186	0.4118677005171776	0.4207015335559845	0.43734026700258255	0.4240323230624199	0.43709633499383926	0.43818630278110504	0.41720306128263474	0.4450612962245941	0.4315475597977638	0.4454881250858307	0.44279754906892776	0.43805672973394394	0.4398859962821007	0.4357929825782776	0.4440933093428612	0.45211921632289886	0.43396374583244324	0.4462883993983269
0.0	0.0	0.0	0.0	0.0	0.0	0.0	0.0	0.0	0.0	0.0	0.0	0.0	0.0	0.0	0.0	0.0	0.0	0.0	0.0	0.0	0.42280521988868713	0.4226832389831543	0.4556253105401993	0.4287351220846176	0.44339968264102936	0.44355977326631546	0.4404805079102516	0.4422564208507538	0.43514514714479446	0.43871983885765076	0.4497411698102951	0.4343600869178772	0.45554912090301514	0.42892561107873917	0.42740122228860855	0.4347335621714592	0.4189484864473343	0.4354499951004982	0.4275689050555229	0.44016797840595245
0.0	0.0	0.0	0.0	0.0	0.0	0.0	0.0	0.0	0.0	0.0	0.0	0.0	0.0	0.0	0.0	0.0	0.0	0.0	0.0	0.0	0.4323021322488785	0.42705826461315155	0.4393676742911339	0.43902474641799927	0.43558721989393234	0.45205821096897125	0.43884941190481186	0.41871220618486404	0.4334530457854271	0.4642000272870064	0.4321954548358917	0.42811768501996994	0.4314485341310501	0.437233529984951	0.4425612688064575	0.42883414775133133	0.4365324005484581	0.42863597720861435	0.4407701715826988	0.43726401776075363
0.0	0.0	0.0	0.0	0.0	0.0	0.0	0.0	0.0	0.0	0.0	0.0	0.0	0.0	0.0	0.0	0.0	0.0	0.0	0.0	0.0	0.43567103147506714	0.4309835657477379	0.4231710433959961	0.4311588704586029	0.4188646450638771	0.44898659735918045	0.4629881978034973	0.40873508155345917	0.4348326176404953	0.4184606820344925	0.4219972640275955	0.4306405782699585	0.44151706248521805	0.4308006092905998	0.44094544649124146	0.4117991030216217	0.43422289192676544	0.45155519247055054	0.43929148465394974	0.4451146498322487
0.0	0.0	0.0	0.0	0.0	0.0	0.0	0.0	0.0	0.0	0.0	0.0	0.0	0.0	0.0	0.0	0.0	0.0	0.0	0.0	0.0	0.4483311399817467	0.45586924254894257	0.4171801954507828	0.425312839448452	0.4140933081507683	0.4451755955815315	0.45010705292224884	0.4209301918745041	0.4420125186443329	0.429017074406147	0.43548810482025146	0.4553585723042488	0.4349927082657814	0.45054150372743607	0.4335292652249336	0.42007653415203094	0.4331253319978714	0.45213446021080017	0.41836921870708466	0.4347030445933342
0.0	0.0	0.0	0.0	0.0	0.0	0.0	0.0	0.0	0.0	0.0	0.0	0.0	0.0	0.0	0.0	0.0	0.0	0.0	0.0	0.0	0.42616646736860275	0.4250384196639061	0.4333387464284897	0.43089207261800766	0.42394085973501205	0.45413143932819366	0.43079298734664917	0.44599879533052444	0.4221649467945099	0.42858265340328217	0.4303814023733139	0.43818630278110504	0.4445735216140747	0.44921528548002243	0.4392000213265419	0.4149317517876625	0.40516801178455353	0.4477594643831253	0.44749272614717484	0.44622742384672165
0.0	0.0	0.0	0.0	0.0	0.0	0.0	0.0	0.0	0.0	0.0	0.0	0.0	0.0	0.0	0.0	0.0	0.0	0.0	0.0	0.0	0.4153433069586754	0.4361283481121063	0.41601403802633286	0.42631128430366516	0.41841500997543335	0.4412960261106491	0.46020615845918655	0.4437808394432068	0.4373174011707306	0.4507167488336563	0.4391390457749367	0.4293753355741501	0.44338446855545044	0.4592229276895523	0.4561055228114128	0.45951250195503235	0.4210597649216652	0.41817867010831833	0.4392152950167656	0.4275536611676216
0.0	0.0	0.0	0.0	0.0	0.0	0.0	0.0	0.0	0.0	0.0	0.0	0.0	0.0	0.0	0.0	0.0	0.0	0.0	0.0	0.0	0.4338037148118019	0.4223097637295723	0.43426865339279175	0.44437532126903534	0.43407048285007477	0.4278280511498451	0.4475918114185333	0.4400308132171631	0.45875033736228943	0.42809484899044037	0.4218829348683357	0.4473707750439644	0.4643296003341675	0.43620456755161285	0.4368295967578888	0.45243174582719803	0.41838449239730835	0.4499850422143936	0.4348478615283966	0.44806434214115143
0.0	0.0	0.0	0.0	0.0	0.0	0.0	0.0	0.0	0.0	0.0	0.0	0.0	0.0	0.0	0.0	0.0	0.0	0.0	0.0	0.0	0.43876560032367706	0.4646649956703186	0.44749272614717484	0.4445430040359497	0.4411664828658104	0.4139942228794098	0.4373021572828293	0.4361283481121063	0.458430215716362	0.4303509145975113	0.4262046068906784	0.44753845781087875	0.4206481799483299	0.43820154666900635	0.416867695748806	0.4079805091023445	0.45091497898101807	0.4189789742231369	0.4332396611571312	0.43554145842790604
0.0	0.0	0.0	0.0	0.0	0.0	0.0	0.0	0.0	0.0	0.0	0.0	0.0	0.0	0.0	0.0	0.0	0.0	0.0	0.0	0.0	0.4380643516778946	0.462164968252182	0.4368601143360138	0.42666954547166824	0.44677623361349106	0.44352928549051285	0.44355980306863785	0.4331939294934273	0.4369058161973953	0.42131128907203674	0.4510216861963272	0.4308387190103531	0.43295761942863464	0.44801098853349686	0.451478973031044	0.4319210350513458	0.44032803922891617	0.4150918126106262	0.4452442526817322	0.45006129145622253
0.0	0.0	0.0	0.0	0.0	0.0	0.0	0.0	0.0	0.0	0.0	0.0	0.0	0.0	0.0	0.0	0.0	0.0	0.0	0.0	0.0	0.4209606796503067	0.4316009134054184	0.4463798925280571	0.44016803801059723	0.43478691577911377	0.40818630158901215	0.43461158126592636	0.4349621906876564	0.4503204673528671	0.4300765246152878	0.43745462596416473	0.43006131052970886	0.4334378018975258	0.4423021227121353	0.4128356873989105	0.4234302490949631	0.43764517456293106	0.42330826818943024	0.4227975979447365	0.4523936063051224
0.0	0.0	0.0	0.0	0.0	0.0	0.0	0.0	0.0	0.0	0.0	0.0	0.0	0.0	0.0	0.0	0.0	0.0	0.0	0.0	0.0	0.4439256265759468	0.45154760032892227	0.4118295907974243	0.4096725806593895	0.44330062717199326	0.4340323135256767	0.45851408690214157	0.4375917613506317	0.42676863074302673	0.4247792735695839	0.419108547270298	0.45775189250707626	0.4398631304502487	0.42744695395231247	0.4331253319978714	0.46110548824071884	0.4263417720794678	0.42195918411016464	0.43919239938259125	0.4496573284268379
0.0	0.0	0.0	0.0	0.0	0.0	0.0	0.0	0.0	0.0	0.0	0.0	0.0	0.0	0.0	0.0	0.0	0.0	0.0	0.0	0.0	0.4393448382616043	0.4363570064306259	0.4378509670495987	0.42655518651008606	0.43466493487358093	0.43451249599456787	0.4248631149530411	0.4455414488911629	0.4338036850094795	0.4286589026451111	0.4445887356996536	0.43362075835466385	0.44200489670038223	0.4168296158313751	0.43420005589723587	0.4438799247145653	0.4244057983160019	0.4155186116695404	0.440251849591732	0.4363037124276161
0.0	0.0	0.0	0.0	0.0	0.0	0.0	0.0	0.0	0.0	0.0	0.0	0.0	0.0	0.0	0.0	0.0	0.0	0.0	0.0	0.0	0.4495963528752327	0.43831587582826614	0.4156176969408989	0.4330948442220688	0.42016037553548813	0.41131892055273056	0.45259180665016174	0.41400184482336044	0.44778236001729965	0.4614332318305969	0.443064346909523	0.445015624165535	0.43336158245801926	0.44872745126485825	0.42816341668367386	0.4456176981329918	0.4457091614603996	0.44111309945583344	0.4444972723722458	0.4278509169816971
0.0	0.0	0.0	0.0	0.0	0.0	0.0	0.0	0.0	0.0	0.0	0.0	0.0	0.0	0.0	0.0	0.0	0.0	0.0	0.0	0.0	0.4528585448861122	0.43484026938676834	0.45540430396795273	0.41858263313770294	0.4514790028333664	0.43834636360406876	0.4127747118473053	0.43518325686454773	0.4457091614603996	0.4265780821442604	0.4383082836866379	0.42808719724416733	0.4272182956337929	0.4365246891975403	0.42437534034252167	0.44284331053495407	0.4304118901491165	0.42660854011774063	0.43045762181282043	0.42649421095848083
0.0	0.0	0.0	0.0	0.0	0.0	0.0	0.0	0.0	0.0	0.0	0.0	0.0	0.0	0.0	0.0	0.0	0.0	0.0	0.0	0.0	0.41835397481918335	0.4558768644928932	0.4450918138027191	0.44041191041469574	0.4374774321913719	0.4358844757080078	0.4458082467317581	0.4242762252688408	0.4434378519654274	0.4365856945514679	0.43605975061655045	0.4413493797183037	0.4680262431502342	0.447546049952507	0.43495459854602814	0.430739663541317	0.4339332580566406	0.44381891936063766	0.4223097935318947	0.45535095036029816
0.0	0.0	0.0	0.0	0.0	0.0	0.0	0.0	0.0	0.0	0.0	0.0	0.0	0.0	0.0	0.0	0.0	0.0	0.0	0.0	0.0	0.43807197362184525	0.4330262467265129	0.4265323504805565	0.4289560988545418	0.43867410719394684	0.419680193066597	0.46090734750032425	0.4414561167359352	0.4379195049405098	0.44174575060606003	0.4398784041404724	0.45395613461732864	0.43413905054330826	0.4425612986087799	0.42692866176366806	0.4389713928103447	0.43551862239837646	0.43206585198640823	0.4393829181790352	0.43300335109233856
0.0	0.0	0.0	0.0	0.0	0.0	0.0	0.0	0.0	0.0	0.0	0.0	0.0	0.0	0.0	0.0	0.0	0.0	0.0	0.0	0.0	0.4326908513903618	0.4402899295091629	0.4205186069011688	0.4455186128616333	0.4419438913464546	0.44394849240779877	0.4477899521589279	0.44479452818632126	0.43121984601020813	0.43183722347021103	0.41503842920064926	0.41900184005498886	0.4313112795352936	0.4133234918117523	0.43182963132858276	0.43310246616601944	0.4279424101114273	0.44479455798864365	0.45490890741348267	0.4405795633792877
0.0	0.0	0.0	0.0	0.0	0.0	0.0	0.0	0.0	0.0	0.0	0.0	0.0	0.0	0.0	0.0	0.0	0.0	0.0	0.0	0.0	0.43331585079431534	0.4188646450638771	0.4284835383296013	0.41815580427646637	0.43788139522075653	0.4433082491159439	0.4199317470192909	0.42420003563165665	0.4435826390981674	0.42899420857429504	0.44572437554597855	0.4418981894850731	0.4224088490009308	0.435564324259758	0.4644515812397003	0.4329957291483879	0.45632655918598175	0.40952014178037643	0.43144088238477707	0.42234790325164795
