1.0	0.0	0.0	0.0	0.0	0.0
2.0	0.013600000000000006	0.011600000000000001	0.0152	0.012000000000000004	0.027600000000000017
3.0	0.03280000000000001	0.025600000000000005	0.03120000000000001	0.027600000000000006	0.027600000000000017
4.0	0.05160000000000003	0.022800000000000008	0.032000000000000015	0.025600000000000008	0.027200000000000016
5.0	0.07040000000000002	0.022800000000000008	0.03240000000000001	0.023600000000000003	0.026000000000000013
6.0	0.0892	0.021600000000000005	0.032000000000000015	0.018000000000000002	0.023600000000000013
7.0	0.1056	0.022000000000000006	0.030400000000000014	0.0176	0.023200000000000012
8.0	0.122	0.022000000000000006	0.026800000000000015	0.0164	0.021600000000000005
9.0	0.1368	0.021200000000000007	0.025200000000000014	0.0152	0.02120000000000001
10.0	0.1512	0.018000000000000006	0.02240000000000001	0.0136	0.018800000000000004
11.0	0.16400000000000003	0.018000000000000006	0.02240000000000001	0.013199999999999998	0.018000000000000002
12.0	0.17680000000000004	0.017200000000000007	0.02200000000000001	0.011999999999999997	0.016
13.0	0.18640000000000004	0.017200000000000007	0.02200000000000001	0.011999999999999997	0.0152
14.0	0.196	0.016400000000000005	0.02040000000000001	0.011600000000000001	0.013600000000000001
15.0	0.20319999999999994	0.016400000000000005	0.02040000000000001	0.011600000000000001	0.013600000000000001
16.0	0.2104	0.015600000000000004	0.02040000000000001	0.011199999999999998	0.013600000000000001
17.0	0.21759999999999993	0.015600000000000004	0.02040000000000001	0.011199999999999998	0.013600000000000001
18.0	0.2248	0.014800000000000004	0.01960000000000001	0.011199999999999998	0.013600000000000001
19.0	0.22959999999999997	0.014800000000000004	0.01960000000000001	0.011199999999999998	0.013600000000000001
20.0	0.23360000000000003	0.014800000000000004	0.01960000000000001	0.011199999999999998	0.0132
21.0	0.2352	0.014800000000000004	0.01960000000000001	0.010799999999999999	0.0132
22.0	0.23680000000000004	0.014800000000000004	0.018400000000000007	0.009999999999999998	0.0132
23.0	0.2384	0.014800000000000004	0.018000000000000006	0.009999999999999998	0.0132
24.0	0.24000000000000005	0.014800000000000004	0.017200000000000007	0.009999999999999998	0.0128
25.0	0.2416	0.014800000000000004	0.017200000000000007	0.009999999999999998	0.0128
26.0	0.2432	0.014800000000000004	0.017200000000000007	0.009999999999999998	0.0128
27.0	0.24400000000000002	0.014800000000000004	0.017200000000000007	0.009999999999999998	0.0128
28.0	0.24480000000000002	0.014800000000000004	0.017200000000000007	0.009999999999999998	0.0128
29.0	0.24480000000000002	0.014800000000000004	0.017200000000000007	0.0096	0.0128
30.0	0.24480000000000002	0.014800000000000004	0.017200000000000007	0.008799999999999999	0.0128
31.0	0.24480000000000002	0.014800000000000004	0.017200000000000007	0.008799999999999999	0.0128
32.0	0.24480000000000002	0.014800000000000004	0.017200000000000007	0.008799999999999999	0.0128
33.0	0.24480000000000002	0.014800000000000004	0.017200000000000007	0.008799999999999999	0.0128
34.0	0.24480000000000002	0.014800000000000004	0.017200000000000007	0.008799999999999999	0.0128
35.0	0.24480000000000002	0.014800000000000004	0.017200000000000007	0.008799999999999999	0.0128
36.0	0.24480000000000002	0.014800000000000004	0.017200000000000007	0.008799999999999999	0.0128
37.0	0.24480000000000002	0.014800000000000004	0.017200000000000007	0.008799999999999999	0.0128
38.0	0.24480000000000002	0.014800000000000004	0.017200000000000007	0.008799999999999999	0.0128
39.0	0.24480000000000002	0.014800000000000004	0.016800000000000006	0.008799999999999999	0.0128
40.0	0.24480000000000002	0.014800000000000004	0.016800000000000006	0.008799999999999999	0.0128
41.0	0.24480000000000002	0.014800000000000004	0.016800000000000006	0.008799999999999999	0.0128
42.0	0.24480000000000002	0.014800000000000004	0.016000000000000004	0.008799999999999999	0.0128
43.0	0.24480000000000002	0.014800000000000004	0.016000000000000004	0.008799999999999999	0.0128
44.0	0.24480000000000002	0.014800000000000004	0.016000000000000004	0.008799999999999999	0.0128
45.0	0.24480000000000002	0.014800000000000004	0.016000000000000004	0.008799999999999999	0.0128
46.0	0.24480000000000002	0.014800000000000004	0.016000000000000004	0.008799999999999999	0.0128
47.0	0.24480000000000002	0.014800000000000004	0.016000000000000004	0.008799999999999999	0.0128
48.0	0.24480000000000002	0.014800000000000004	0.015600000000000004	0.008799999999999999	0.0128
49.0	0.24480000000000002	0.014800000000000004	0.015600000000000004	0.008799999999999999	0.0128
50.0	0.24480000000000002	0.014800000000000004	0.015600000000000004	0.008799999999999999	0.0128
51.0	0.24480000000000002	0.014800000000000004	0.015600000000000004	0.008799999999999999	0.0128
52.0	0.24480000000000002	0.014800000000000004	0.015600000000000004	0.008799999999999999	0.0128
53.0	0.24480000000000002	0.014800000000000004	0.015600000000000004	0.008799999999999999	0.0128
54.0	0.24480000000000002	0.014800000000000004	0.015600000000000004	0.008799999999999999	0.0128
55.0	0.24480000000000002	0.014800000000000004	0.015600000000000004	0.008799999999999999	0.0128
56.0	0.24480000000000002	0.014800000000000004	0.015600000000000004	0.008799999999999999	0.0128
57.0	0.24480000000000002	0.014800000000000004	0.015600000000000004	0.008799999999999999	0.0128
58.0	0.24480000000000002	0.014800000000000004	0.015600000000000004	0.008799999999999999	0.0128
59.0	0.24480000000000002	0.014800000000000004	0.015600000000000004	0.008799999999999999	0.0128
60.0	0.24480000000000002	0.014800000000000004	0.015600000000000004	0.008799999999999999	0.0128
61.0	0.24480000000000002	0.014800000000000004	0.015600000000000004	0.008799999999999999	0.0128
62.0	0.24480000000000002	0.014800000000000004	0.015600000000000004	0.008799999999999999	0.0128
63.0	0.24480000000000002	0.014800000000000004	0.015600000000000004	0.008799999999999999	0.0128
64.0	0.24480000000000002	0.014800000000000004	0.015600000000000004	0.008799999999999999	0.0128
65.0	0.24480000000000002	0.014800000000000004	0.015600000000000004	0.008799999999999999	0.0128
66.0	0.24480000000000002	0.014800000000000004	0.015600000000000004	0.008799999999999999	0.0128
67.0	0.24480000000000002	0.014800000000000004	0.015600000000000004	0.008799999999999999	0.0128
68.0	0.24480000000000002	0.014800000000000004	0.015600000000000004	0.008799999999999999	0.0128
69.0	0.24480000000000002	0.014800000000000004	0.015600000000000004	0.008799999999999999	0.0128
70.0	0.24480000000000002	0.014800000000000004	0.015600000000000004	0.008799999999999999	0.0128
71.0	0.24480000000000002	0.014800000000000004	0.015600000000000004	0.008799999999999999	0.0128
72.0	0.24480000000000002	0.014800000000000004	0.015600000000000004	0.008799999999999999	0.0128
73.0	0.24480000000000002	0.014800000000000004	0.015600000000000004	0.008799999999999999	0.0128
74.0	0.24480000000000002	0.014800000000000004	0.015600000000000004	0.008799999999999999	0.0128
75.0	0.24480000000000002	0.014800000000000004	0.015600000000000004	0.008799999999999999	0.0128
76.0	0.24480000000000002	0.014800000000000004	0.015600000000000004	0.008799999999999999	0.0128
77.0	0.24480000000000002	0.014800000000000004	0.015600000000000004	0.008799999999999999	0.0128
78.0	0.24480000000000002	0.014800000000000004	0.015600000000000004	0.008799999999999999	0.0128
79.0	0.24480000000000002	0.014800000000000004	0.015600000000000004	0.008799999999999999	0.0128
80.0	0.24480000000000002	0.014800000000000004	0.015600000000000004	0.008799999999999999	0.0128
81.0	0.24480000000000002	0.014800000000000004	0.015600000000000004	0.008799999999999999	0.0128
82.0	0.24480000000000002	0.014800000000000004	0.015600000000000004	0.008799999999999999	0.0128
83.0	0.24480000000000002	0.014800000000000004	0.015600000000000004	0.008799999999999999	0.0128
84.0	0.24480000000000002	0.014800000000000004	0.015600000000000004	0.008799999999999999	0.0128
85.0	0.24480000000000002	0.014800000000000004	0.015600000000000004	0.008799999999999999	0.0128
86.0	0.24480000000000002	0.014800000000000004	0.015600000000000004	0.008799999999999999	0.0128
87.0	0.24480000000000002	0.014800000000000004	0.015600000000000004	0.008799999999999999	0.0128
88.0	0.24480000000000002	0.014800000000000004	0.015600000000000004	0.008799999999999999	0.0128
89.0	0.24480000000000002	0.014800000000000004	0.015600000000000004	0.008799999999999999	0.0128
90.0	0.24480000000000002	0.014800000000000004	0.015600000000000004	0.008799999999999999	0.0128
91.0	0.24480000000000002	0.014800000000000004	0.015600000000000004	0.008799999999999999	0.0128
92.0	0.24480000000000002	0.014800000000000004	0.015600000000000004	0.008799999999999999	0.0128
93.0	0.24480000000000002	0.014800000000000004	0.015600000000000004	0.008799999999999999	0.0128
94.0	0.24480000000000002	0.014800000000000004	0.015600000000000004	0.008799999999999999	0.0128
95.0	0.24480000000000002	0.014800000000000004	0.015600000000000004	0.008799999999999999	0.0128
96.0	0.24480000000000002	0.014800000000000004	0.015600000000000004	0.008799999999999999	0.0128
97.0	0.24480000000000002	0.014800000000000004	0.015600000000000004	0.008799999999999999	0.0128
98.0	0.24480000000000002	0.014800000000000004	0.015600000000000004	0.008799999999999999	0.0128
99.0	0.24480000000000002	0.014800000000000004	0.015600000000000004	0.008799999999999999	0.0128
100.0	0.24480000000000002	0.014800000000000004	0.015600000000000004	0.008799999999999999	0.0128
101.0	0.24480000000000002	0.014800000000000004	0.015600000000000004	0.008799999999999999	0.0128
102.0	0.24480000000000002	0.014800000000000004	0.015600000000000004	0.008799999999999999	0.0128
103.0	0.24480000000000002	0.014800000000000004	0.015600000000000004	0.008799999999999999	0.0128
104.0	0.24480000000000002	0.014800000000000004	0.015600000000000004	0.008799999999999999	0.0128
105.0	0.24480000000000002	0.014800000000000004	0.015600000000000004	0.008799999999999999	0.0128
106.0	0.24480000000000002	0.014800000000000004	0.015600000000000004	0.008799999999999999	0.0128
107.0	0.24480000000000002	0.014800000000000004	0.015600000000000004	0.008799999999999999	0.0128
108.0	0.24480000000000002	0.014800000000000004	0.015600000000000004	0.008799999999999999	0.0128
109.0	0.24480000000000002	0.014800000000000004	0.015600000000000004	0.008799999999999999	0.0128
110.0	0.24480000000000002	0.014800000000000004	0.015600000000000004	0.008799999999999999	0.0128
111.0	0.24480000000000002	0.014800000000000004	0.015600000000000004	0.008799999999999999	0.0128
112.0	0.24480000000000002	0.014800000000000004	0.015600000000000004	0.008799999999999999	0.0128
113.0	0.24480000000000002	0.014800000000000004	0.015600000000000004	0.008799999999999999	0.0128
114.0	0.24480000000000002	0.014800000000000004	0.015600000000000004	0.008799999999999999	0.0128
115.0	0.24480000000000002	0.014800000000000004	0.015600000000000004	0.008799999999999999	0.0128
116.0	0.24480000000000002	0.014800000000000004	0.015600000000000004	0.008799999999999999	0.0128
117.0	0.24480000000000002	0.014800000000000004	0.015600000000000004	0.008799999999999999	0.0128
118.0	0.24480000000000002	0.014800000000000004	0.015600000000000004	0.008799999999999999	0.0128
119.0	0.24480000000000002	0.014800000000000004	0.015600000000000004	0.008799999999999999	0.0128
120.0	0.24480000000000002	0.014800000000000004	0.015600000000000004	0.008799999999999999	0.0128
121.0	0.24480000000000002	0.014800000000000004	0.015600000000000004	0.008799999999999999	0.0128
122.0	0.24480000000000002	0.014800000000000004	0.015600000000000004	0.008799999999999999	0.0128
123.0	0.24480000000000002	0.014800000000000004	0.015600000000000004	0.008799999999999999	0.0128
124.0	0.24480000000000002	0.014800000000000004	0.015600000000000004	0.008799999999999999	0.0128
125.0	0.24480000000000002	0.014800000000000004	0.015600000000000004	0.008799999999999999	0.0128
126.0	0.24480000000000002	0.014800000000000004	0.015600000000000004	0.008799999999999999	0.0128
127.0	0.24480000000000002	0.014800000000000004	0.015600000000000004	0.008799999999999999	0.0128
128.0	0.24480000000000002	0.014800000000000004	0.015600000000000004	0.008799999999999999	0.0128
129.0	0.24480000000000002	0.014800000000000004	0.015600000000000004	0.008799999999999999	0.0128
130.0	0.24480000000000002	0.014800000000000004	0.015600000000000004	0.008799999999999999	0.0128
131.0	0.24480000000000002	0.014800000000000004	0.015600000000000004	0.008799999999999999	0.0128
132.0	0.24480000000000002	0.014800000000000004	0.015600000000000004	0.008799999999999999	0.0128
133.0	0.24480000000000002	0.014800000000000004	0.015600000000000004	0.008799999999999999	0.0128
134.0	0.24480000000000002	0.014800000000000004	0.015600000000000004	0.008799999999999999	0.0128
135.0	0.24480000000000002	0.014800000000000004	0.015600000000000004	0.008799999999999999	0.0128
136.0	0.24480000000000002	0.014800000000000004	0.015600000000000004	0.008799999999999999	0.0128
137.0	0.24480000000000002	0.014800000000000004	0.015600000000000004	0.008799999999999999	0.0128
138.0	0.24480000000000002	0.014800000000000004	0.015600000000000004	0.008799999999999999	0.0128
139.0	0.24480000000000002	0.014800000000000004	0.015600000000000004	0.008799999999999999	0.0128
140.0	0.24480000000000002	0.014800000000000004	0.015600000000000004	0.008799999999999999	0.0128
141.0	0.24480000000000002	0.014800000000000004	0.015600000000000004	0.008799999999999999	0.0128
142.0	0.24480000000000002	0.014800000000000004	0.015600000000000004	0.008799999999999999	0.0128
143.0	0.24480000000000002	0.014800000000000004	0.015600000000000004	0.008799999999999999	0.0128
144.0	0.24480000000000002	0.014800000000000004	0.015600000000000004	0.008799999999999999	0.0128
145.0	0.24480000000000002	0.014800000000000004	0.015600000000000004	0.008799999999999999	0.0128
146.0	0.24480000000000002	0.014800000000000004	0.015600000000000004	0.008799999999999999	0.0128
147.0	0.24480000000000002	0.014800000000000004	0.015600000000000004	0.008799999999999999	0.0128
148.0	0.24480000000000002	0.014800000000000004	0.015600000000000004	0.008799999999999999	0.0128
149.0	0.24480000000000002	0.014800000000000004	0.015600000000000004	0.008799999999999999	0.0128
150.0	0.24480000000000002	0.014800000000000004	0.015600000000000004	0.008799999999999999	0.0128
151.0	0.24480000000000002	0.014800000000000004	0.015600000000000004	0.008799999999999999	0.0128
152.0	0.24480000000000002	0.014800000000000004	0.015600000000000004	0.008799999999999999	0.0128
153.0	0.24480000000000002	0.014800000000000004	0.015600000000000004	0.008799999999999999	0.0128
154.0	0.24480000000000002	0.014800000000000004	0.015600000000000004	0.008799999999999999	0.0128
155.0	0.24480000000000002	0.014800000000000004	0.015600000000000004	0.008799999999999999	0.0128
156.0	0.24480000000000002	0.014800000000000004	0.015600000000000004	0.008799999999999999	0.0128
157.0	0.24480000000000002	0.014800000000000004	0.015600000000000004	0.008799999999999999	0.0128
158.0	0.24480000000000002	0.014800000000000004	0.015600000000000004	0.008799999999999999	0.0128
159.0	0.24480000000000002	0.014800000000000004	0.015600000000000004	0.008799999999999999	0.0128
160.0	0.24480000000000002	0.014800000000000004	0.015600000000000004	0.008799999999999999	0.0128
161.0	0.24480000000000002	0.014800000000000004	0.015600000000000004	0.008799999999999999	0.0128
162.0	0.24480000000000002	0.014800000000000004	0.015600000000000004	0.008799999999999999	0.0128
163.0	0.24480000000000002	0.014800000000000004	0.015600000000000004	0.008799999999999999	0.0128
164.0	0.24480000000000002	0.014800000000000004	0.015600000000000004	0.008799999999999999	0.0128
165.0	0.24480000000000002	0.014800000000000004	0.015600000000000004	0.008799999999999999	0.0128
166.0	0.24480000000000002	0.014800000000000004	0.015600000000000004	0.008799999999999999	0.0128
167.0	0.24480000000000002	0.014800000000000004	0.015600000000000004	0.008799999999999999	0.0128
168.0	0.24480000000000002	0.014800000000000004	0.015600000000000004	0.008799999999999999	0.0128
169.0	0.24480000000000002	0.014800000000000004	0.015600000000000004	0.008799999999999999	0.0128
170.0	0.24480000000000002	0.014800000000000004	0.015600000000000004	0.008799999999999999	0.0128
171.0	0.24480000000000002	0.014800000000000004	0.015600000000000004	0.008799999999999999	0.0128
172.0	0.24480000000000002	0.014800000000000004	0.015600000000000004	0.008799999999999999	0.0128
173.0	0.24480000000000002	0.014800000000000004	0.015600000000000004	0.008799999999999999	0.0128
174.0	0.24480000000000002	0.014800000000000004	0.015600000000000004	0.008799999999999999	0.0128
175.0	0.24480000000000002	0.014800000000000004	0.015600000000000004	0.008799999999999999	0.0128
176.0	0.24480000000000002	0.014800000000000004	0.015600000000000004	0.008799999999999999	0.0128
177.0	0.24480000000000002	0.014800000000000004	0.015600000000000004	0.008799999999999999	0.0128
178.0	0.24480000000000002	0.014800000000000004	0.015600000000000004	0.008799999999999999	0.0128
179.0	0.24480000000000002	0.014800000000000004	0.015600000000000004	0.008799999999999999	0.0128
180.0	0.24480000000000002	0.014800000000000004	0.015600000000000004	0.008799999999999999	0.0128
181.0	0.24480000000000002	0.014800000000000004	0.015600000000000004	0.008799999999999999	0.0128
182.0	0.24480000000000002	0.014800000000000004	0.015600000000000004	0.008799999999999999	0.0128
183.0	0.24480000000000002	0.014800000000000004	0.015600000000000004	0.008799999999999999	0.0128
184.0	0.24480000000000002	0.014800000000000004	0.015600000000000004	0.008799999999999999	0.0128
185.0	0.24480000000000002	0.014800000000000004	0.015600000000000004	0.008799999999999999	0.0128
186.0	0.24480000000000002	0.014800000000000004	0.015600000000000004	0.008799999999999999	0.0128
187.0	0.24480000000000002	0.014800000000000004	0.015600000000000004	0.008799999999999999	0.0128
188.0	0.24480000000000002	0.014800000000000004	0.015600000000000004	0.008799999999999999	0.0128
189.0	0.24480000000000002	0.014800000000000004	0.015600000000000004	0.008799999999999999	0.0128
190.0	0.24480000000000002	0.014800000000000004	0.015600000000000004	0.008799999999999999	0.0128
191.0	0.24480000000000002	0.014800000000000004	0.015600000000000004	0.008799999999999999	0.0128
192.0	0.24480000000000002	0.014800000000000004	0.015600000000000004	0.008799999999999999	0.0128
193.0	0.24480000000000002	0.014800000000000004	0.015600000000000004	0.008799999999999999	0.0128
194.0	0.24480000000000002	0.014800000000000004	0.015600000000000004	0.008799999999999999	0.0128
195.0	0.24480000000000002	0.014800000000000004	0.015600000000000004	0.008799999999999999	0.0128
196.0	0.24480000000000002	0.014800000000000004	0.015600000000000004	0.008799999999999999	0.0128
197.0	0.24480000000000002	0.014800000000000004	0.015600000000000004	0.008799999999999999	0.0128
198.0	0.24480000000000002	0.014800000000000004	0.015600000000000004	0.008799999999999999	0.0128
199.0	0.24480000000000002	0.014800000000000004	0.015600000000000004	0.008799999999999999	0.0128
200.0	0.24480000000000002	0.014800000000000004	0.015600000000000004	0.008799999999999999	0.0128
201.0	0.24480000000000002	0.014800000000000004	0.015600000000000004	0.008799999999999999	0.0128
202.0	0.24480000000000002	0.014800000000000004	0.015600000000000004	0.008799999999999999	0.0128
203.0	0.24480000000000002	0.014800000000000004	0.015600000000000004	0.008799999999999999	0.0128
204.0	0.24480000000000002	0.014800000000000004	0.015600000000000004	0.008799999999999999	0.0128
205.0	0.24480000000000002	0.014800000000000004	0.015600000000000004	0.008799999999999999	0.0128
206.0	0.24480000000000002	0.014800000000000004	0.015600000000000004	0.008799999999999999	0.0128
207.0	0.24480000000000002	0.014800000000000004	0.015600000000000004	0.008799999999999999	0.0128
208.0	0.24480000000000002	0.014800000000000004	0.015600000000000004	0.008799999999999999	0.0128
209.0	0.24480000000000002	0.014800000000000004	0.015600000000000004	0.008799999999999999	0.0128
210.0	0.24480000000000002	0.014800000000000004	0.015600000000000004	0.008799999999999999	0.0128
211.0	0.24480000000000002	0.014800000000000004	0.015600000000000004	0.008799999999999999	0.0128
212.0	0.24480000000000002	0.014800000000000004	0.015600000000000004	0.008799999999999999	0.0128
213.0	0.24480000000000002	0.014800000000000004	0.015600000000000004	0.008799999999999999	0.0128
214.0	0.24480000000000002	0.014800000000000004	0.015600000000000004	0.008799999999999999	0.0128
215.0	0.24480000000000002	0.014800000000000004	0.015600000000000004	0.008799999999999999	0.0128
216.0	0.24480000000000002	0.014800000000000004	0.015600000000000004	0.008799999999999999	0.0128
217.0	0.24480000000000002	0.014800000000000004	0.015600000000000004	0.008799999999999999	0.0128
218.0	0.24480000000000002	0.014800000000000004	0.015600000000000004	0.008799999999999999	0.0128
219.0	0.24480000000000002	0.014800000000000004	0.015600000000000004	0.008799999999999999	0.0128
220.0	0.24480000000000002	0.014800000000000004	0.015600000000000004	0.008799999999999999	0.0128
221.0	0.24480000000000002	0.014800000000000004	0.015600000000000004	0.008799999999999999	0.0128
222.0	0.24480000000000002	0.014800000000000004	0.015600000000000004	0.008799999999999999	0.0128
223.0	0.24480000000000002	0.014800000000000004	0.015600000000000004	0.008799999999999999	0.0128
224.0	0.24480000000000002	0.014800000000000004	0.015600000000000004	0.008799999999999999	0.0128
225.0	0.24480000000000002	0.014800000000000004	0.015600000000000004	0.008799999999999999	0.0128
226.0	0.24480000000000002	0.014800000000000004	0.015600000000000004	0.008799999999999999	0.0128
227.0	0.24480000000000002	0.014800000000000004	0.015600000000000004	0.008799999999999999	0.0128
228.0	0.24480000000000002	0.014800000000000004	0.015600000000000004	0.008799999999999999	0.0128
229.0	0.24480000000000002	0.014800000000000004	0.015600000000000004	0.008799999999999999	0.0128
230.0	0.24480000000000002	0.014800000000000004	0.015600000000000004	0.008799999999999999	0.0128
231.0	0.24480000000000002	0.014800000000000004	0.015600000000000004	0.008799999999999999	0.0128
232.0	0.24480000000000002	0.014800000000000004	0.015600000000000004	0.008799999999999999	0.0128
233.0	0.24480000000000002	0.014800000000000004	0.015600000000000004	0.008799999999999999	0.0128
234.0	0.24480000000000002	0.014800000000000004	0.015600000000000004	0.008799999999999999	0.0128
235.0	0.24480000000000002	0.014800000000000004	0.015600000000000004	0.008799999999999999	0.0128
236.0	0.24480000000000002	0.014800000000000004	0.015600000000000004	0.008799999999999999	0.0128
237.0	0.24480000000000002	0.014800000000000004	0.015600000000000004	0.008799999999999999	0.0128
238.0	0.24480000000000002	0.014800000000000004	0.015600000000000004	0.008799999999999999	0.0128
239.0	0.24480000000000002	0.014800000000000004	0.015600000000000004	0.008799999999999999	0.0128
240.0	0.24480000000000002	0.014800000000000004	0.015600000000000004	0.008799999999999999	0.0128
241.0	0.24480000000000002	0.014800000000000004	0.015600000000000004	0.008799999999999999	0.0128
242.0	0.24480000000000002	0.014800000000000004	0.015600000000000004	0.008799999999999999	0.0128
243.0	0.24480000000000002	0.014800000000000004	0.015600000000000004	0.008799999999999999	0.0128
244.0	0.24480000000000002	0.014800000000000004	0.015600000000000004	0.008799999999999999	0.0128
245.0	0.24480000000000002	0.014800000000000004	0.015600000000000004	0.008799999999999999	0.0128
246.0	0.24480000000000002	0.014800000000000004	0.015600000000000004	0.008799999999999999	0.0128
247.0	0.24480000000000002	0.014800000000000004	0.015600000000000004	0.008799999999999999	0.0128
248.0	0.24480000000000002	0.014800000000000004	0.015600000000000004	0.008799999999999999	0.0128
249.0	0.24480000000000002	0.014800000000000004	0.015600000000000004	0.008799999999999999	0.0128
250.0	0.24480000000000002	0.014800000000000004	0.015600000000000004	0.008799999999999999	0.0128
251.0	0.24480000000000002	0.014800000000000004	0.015600000000000004	0.008799999999999999	0.0128
252.0	0.24480000000000002	0.014800000000000004	0.015600000000000004	0.008799999999999999	0.0128
253.0	0.24480000000000002	0.014800000000000004	0.015600000000000004	0.008799999999999999	0.0128
254.0	0.24480000000000002	0.014800000000000004	0.015600000000000004	0.008799999999999999	0.0128
255.0	0.24480000000000002	0.014800000000000004	0.015600000000000004	0.008799999999999999	0.0128
256.0	0.24480000000000002	0.014800000000000004	0.015600000000000004	0.008799999999999999	0.0128
257.0	0.24480000000000002	0.014800000000000004	0.015600000000000004	0.008799999999999999	0.0128
258.0	0.24480000000000002	0.014800000000000004	0.015600000000000004	0.008799999999999999	0.0128
259.0	0.24480000000000002	0.014800000000000004	0.015600000000000004	0.008799999999999999	0.0128
260.0	0.24480000000000002	0.014800000000000004	0.015600000000000004	0.008799999999999999	0.0128
261.0	0.24480000000000002	0.014800000000000004	0.015600000000000004	0.008799999999999999	0.0128
262.0	0.24480000000000002	0.014800000000000004	0.015600000000000004	0.008799999999999999	0.0128
263.0	0.24480000000000002	0.014800000000000004	0.015600000000000004	0.008799999999999999	0.0128
264.0	0.24480000000000002	0.014800000000000004	0.015600000000000004	0.008799999999999999	0.0128
265.0	0.24480000000000002	0.014800000000000004	0.015600000000000004	0.008799999999999999	0.0128
266.0	0.24480000000000002	0.014800000000000004	0.015600000000000004	0.008799999999999999	0.0128
267.0	0.24480000000000002	0.014800000000000004	0.015600000000000004	0.008799999999999999	0.0128
268.0	0.24480000000000002	0.014800000000000004	0.015600000000000004	0.008799999999999999	0.0128
269.0	0.24480000000000002	0.014800000000000004	0.015600000000000004	0.008799999999999999	0.0128
270.0	0.24480000000000002	0.014800000000000004	0.015600000000000004	0.008799999999999999	0.0128
271.0	0.24480000000000002	0.014800000000000004	0.015600000000000004	0.008799999999999999	0.0128
272.0	0.24480000000000002	0.014800000000000004	0.015600000000000004	0.008799999999999999	0.0128
273.0	0.24480000000000002	0.014800000000000004	0.015600000000000004	0.008799999999999999	0.0128
274.0	0.24480000000000002	0.014800000000000004	0.015600000000000004	0.008799999999999999	0.0128
275.0	0.24480000000000002	0.014800000000000004	0.015600000000000004	0.008799999999999999	0.0128
276.0	0.24480000000000002	0.014800000000000004	0.015600000000000004	0.008799999999999999	0.0128
277.0	0.24480000000000002	0.014800000000000004	0.015600000000000004	0.008799999999999999	0.0128
278.0	0.24480000000000002	0.014800000000000004	0.015600000000000004	0.008799999999999999	0.0128
279.0	0.24480000000000002	0.014800000000000004	0.015600000000000004	0.008799999999999999	0.0128
280.0	0.24480000000000002	0.014800000000000004	0.015600000000000004	0.008799999999999999	0.0128
281.0	0.24480000000000002	0.014800000000000004	0.015600000000000004	0.008799999999999999	0.0128
282.0	0.24480000000000002	0.014800000000000004	0.015600000000000004	0.008799999999999999	0.0128
283.0	0.24480000000000002	0.014800000000000004	0.015600000000000004	0.008799999999999999	0.0128
284.0	0.24480000000000002	0.014800000000000004	0.015600000000000004	0.008799999999999999	0.0128
285.0	0.24480000000000002	0.014800000000000004	0.015600000000000004	0.008799999999999999	0.0128
286.0	0.24480000000000002	0.014800000000000004	0.015600000000000004	0.008799999999999999	0.0128
287.0	0.24480000000000002	0.014800000000000004	0.015600000000000004	0.008799999999999999	0.0128
288.0	0.24480000000000002	0.014800000000000004	0.015600000000000004	0.008799999999999999	0.0128
289.0	0.24480000000000002	0.014800000000000004	0.015600000000000004	0.008799999999999999	0.0128
290.0	0.24480000000000002	0.014800000000000004	0.015600000000000004	0.008799999999999999	0.0128
291.0	0.24480000000000002	0.014800000000000004	0.015600000000000004	0.008799999999999999	0.0128
292.0	0.24480000000000002	0.014800000000000004	0.015600000000000004	0.008799999999999999	0.0128
293.0	0.24480000000000002	0.014800000000000004	0.015600000000000004	0.008799999999999999	0.0128
294.0	0.24480000000000002	0.014800000000000004	0.015600000000000004	0.008799999999999999	0.0128
295.0	0.24480000000000002	0.014800000000000004	0.015600000000000004	0.008799999999999999	0.0128
296.0	0.24480000000000002	0.014800000000000004	0.015600000000000004	0.008799999999999999	0.0128
297.0	0.24480000000000002	0.014800000000000004	0.015600000000000004	0.008799999999999999	0.0128
298.0	0.24480000000000002	0.014800000000000004	0.015600000000000004	0.008799999999999999	0.0128
299.0	0.24480000000000002	0.014800000000000004	0.015600000000000004	0.008799999999999999	0.0128
300.0	0.24480000000000002	0.014800000000000004	0.015600000000000004	0.008799999999999999	0.0128
301.0	0.24480000000000002	0.014800000000000004	0.015600000000000004	0.008799999999999999	0.0128
302.0	0.24480000000000002	0.014800000000000004	0.015600000000000004	0.008799999999999999	0.0128
303.0	0.24480000000000002	0.014800000000000004	0.015600000000000004	0.008799999999999999	0.0128
304.0	0.24480000000000002	0.014800000000000004	0.015600000000000004	0.008799999999999999	0.0128
305.0	0.24480000000000002	0.014800000000000004	0.015600000000000004	0.008799999999999999	0.0128
306.0	0.24480000000000002	0.014800000000000004	0.015600000000000004	0.008799999999999999	0.0128
307.0	0.24480000000000002	0.014800000000000004	0.015600000000000004	0.008799999999999999	0.0128
308.0	0.24480000000000002	0.014800000000000004	0.015600000000000004	0.008799999999999999	0.0128
309.0	0.24480000000000002	0.014800000000000004	0.015600000000000004	0.008799999999999999	0.0128
310.0	0.24480000000000002	0.014800000000000004	0.015600000000000004	0.008799999999999999	0.0128
311.0	0.24480000000000002	0.014800000000000004	0.015600000000000004	0.008799999999999999	0.0128
312.0	0.24480000000000002	0.014800000000000004	0.015600000000000004	0.008799999999999999	0.0128
313.0	0.24480000000000002	0.014800000000000004	0.015600000000000004	0.008799999999999999	0.0128
314.0	0.24480000000000002	0.014800000000000004	0.015600000000000004	0.008799999999999999	0.0128
315.0	0.24480000000000002	0.014800000000000004	0.015600000000000004	0.008799999999999999	0.0128
316.0	0.24480000000000002	0.014800000000000004	0.015600000000000004	0.008799999999999999	0.0128
317.0	0.24480000000000002	0.014800000000000004	0.015600000000000004	0.008799999999999999	0.0128
318.0	0.24480000000000002	0.014800000000000004	0.015600000000000004	0.008799999999999999	0.0128
319.0	0.24480000000000002	0.014800000000000004	0.015600000000000004	0.008799999999999999	0.0128
320.0	0.24480000000000002	0.014800000000000004	0.015600000000000004	0.008799999999999999	0.0128
321.0	0.24480000000000002	0.014800000000000004	0.015600000000000004	0.008799999999999999	0.0128
322.0	0.24480000000000002	0.014800000000000004	0.015600000000000004	0.008799999999999999	0.0128
323.0	0.24480000000000002	0.014800000000000004	0.015600000000000004	0.008799999999999999	0.0128
324.0	0.24480000000000002	0.014800000000000004	0.015600000000000004	0.008799999999999999	0.0128
325.0	0.24480000000000002	0.014800000000000004	0.015600000000000004	0.008799999999999999	0.0128
326.0	0.24480000000000002	0.014800000000000004	0.015600000000000004	0.008799999999999999	0.0128
327.0	0.24480000000000002	0.014800000000000004	0.015600000000000004	0.008799999999999999	0.0128
328.0	0.24480000000000002	0.014800000000000004	0.015600000000000004	0.008799999999999999	0.0128
329.0	0.24480000000000002	0.014800000000000004	0.015600000000000004	0.008799999999999999	0.0128
330.0	0.24480000000000002	0.014800000000000004	0.015600000000000004	0.008799999999999999	0.0128
331.0	0.24480000000000002	0.014800000000000004	0.015600000000000004	0.008799999999999999	0.0128
332.0	0.24480000000000002	0.014800000000000004	0.015600000000000004	0.008799999999999999	0.0128
333.0	0.24480000000000002	0.014800000000000004	0.015600000000000004	0.008799999999999999	0.0128
334.0	0.24480000000000002	0.014800000000000004	0.015600000000000004	0.008799999999999999	0.0128
335.0	0.24480000000000002	0.014800000000000004	0.015600000000000004	0.008799999999999999	0.0128
336.0	0.24480000000000002	0.014800000000000004	0.015600000000000004	0.008799999999999999	0.0128
337.0	0.24480000000000002	0.014800000000000004	0.015600000000000004	0.008799999999999999	0.0128
338.0	0.24480000000000002	0.014800000000000004	0.015600000000000004	0.008799999999999999	0.0128
339.0	0.24480000000000002	0.014800000000000004	0.015600000000000004	0.008799999999999999	0.0128
340.0	0.24480000000000002	0.014800000000000004	0.015600000000000004	0.008799999999999999	0.0128
341.0	0.24480000000000002	0.014800000000000004	0.015600000000000004	0.008799999999999999	0.0128
342.0	0.24480000000000002	0.014800000000000004	0.015600000000000004	0.008799999999999999	0.0128
343.0	0.24480000000000002	0.014800000000000004	0.015600000000000004	0.008799999999999999	0.0128
344.0	0.24480000000000002	0.014800000000000004	0.015600000000000004	0.008799999999999999	0.0128
345.0	0.24480000000000002	0.014800000000000004	0.015600000000000004	0.008799999999999999	0.0128
346.0	0.24480000000000002	0.014800000000000004	0.015600000000000004	0.008799999999999999	0.0128
347.0	0.24480000000000002	0.014800000000000004	0.015600000000000004	0.008799999999999999	0.0128
348.0	0.24480000000000002	0.014800000000000004	0.015600000000000004	0.008799999999999999	0.0128
349.0	0.24480000000000002	0.014800000000000004	0.015600000000000004	0.008799999999999999	0.0128
350.0	0.24480000000000002	0.014800000000000004	0.015600000000000004	0.008799999999999999	0.0128
351.0	0.24480000000000002	0.014800000000000004	0.015600000000000004	0.008799999999999999	0.0128
352.0	0.24480000000000002	0.014800000000000004	0.015600000000000004	0.008799999999999999	0.0128
353.0	0.24480000000000002	0.014800000000000004	0.015600000000000004	0.008799999999999999	0.0128
354.0	0.24480000000000002	0.014800000000000004	0.015600000000000004	0.008799999999999999	0.0128
355.0	0.24480000000000002	0.014800000000000004	0.015600000000000004	0.008799999999999999	0.0128
356.0	0.24480000000000002	0.014800000000000004	0.015600000000000004	0.008799999999999999	0.0128
357.0	0.24480000000000002	0.014800000000000004	0.015600000000000004	0.008799999999999999	0.0128
358.0	0.24480000000000002	0.014800000000000004	0.015600000000000004	0.008799999999999999	0.0128
359.0	0.24480000000000002	0.014800000000000004	0.015600000000000004	0.008799999999999999	0.0128
360.0	0.24480000000000002	0.014800000000000004	0.015600000000000004	0.008799999999999999	0.0128
361.0	0.24480000000000002	0.014800000000000004	0.015600000000000004	0.008799999999999999	0.0128
362.0	0.24480000000000002	0.014800000000000004	0.015600000000000004	0.008799999999999999	0.0128
363.0	0.24480000000000002	0.014800000000000004	0.015600000000000004	0.008799999999999999	0.0128
364.0	0.24480000000000002	0.014800000000000004	0.015600000000000004	0.008799999999999999	0.0128
365.0	0.24480000000000002	0.014800000000000004	0.015600000000000004	0.008799999999999999	0.0128
366.0	0.24480000000000002	0.014800000000000004	0.015600000000000004	0.008799999999999999	0.0128
367.0	0.24480000000000002	0.014800000000000004	0.015600000000000004	0.008799999999999999	0.0128
368.0	0.24480000000000002	0.014800000000000004	0.015600000000000004	0.008799999999999999	0.0128
369.0	0.24480000000000002	0.014800000000000004	0.015600000000000004	0.008799999999999999	0.0128
370.0	0.24480000000000002	0.014800000000000004	0.015600000000000004	0.008799999999999999	0.0128
371.0	0.24480000000000002	0.014800000000000004	0.015600000000000004	0.008799999999999999	0.0128
372.0	0.24480000000000002	0.014800000000000004	0.015600000000000004	0.008799999999999999	0.0128
373.0	0.24480000000000002	0.014800000000000004	0.015600000000000004	0.008799999999999999	0.0128
374.0	0.24480000000000002	0.014800000000000004	0.015600000000000004	0.008799999999999999	0.0128
375.0	0.24480000000000002	0.014800000000000004	0.015600000000000004	0.008799999999999999	0.0128
376.0	0.24480000000000002	0.014800000000000004	0.015600000000000004	0.008799999999999999	0.0128
377.0	0.24480000000000002	0.014800000000000004	0.015600000000000004	0.008799999999999999	0.0128
378.0	0.24480000000000002	0.014800000000000004	0.015600000000000004	0.008799999999999999	0.0128
379.0	0.24480000000000002	0.014800000000000004	0.015600000000000004	0.008799999999999999	0.0128
380.0	0.24480000000000002	0.014800000000000004	0.015600000000000004	0.008799999999999999	0.0128
381.0	0.24480000000000002	0.014800000000000004	0.015600000000000004	0.008799999999999999	0.0128
382.0	0.24480000000000002	0.014800000000000004	0.015600000000000004	0.008799999999999999	0.0128
383.0	0.24480000000000002	0.014800000000000004	0.015600000000000004	0.008799999999999999	0.0128
384.0	0.24480000000000002	0.014800000000000004	0.015600000000000004	0.008799999999999999	0.0128
385.0	0.24480000000000002	0.014800000000000004	0.015600000000000004	0.008799999999999999	0.0128
386.0	0.24480000000000002	0.014800000000000004	0.015600000000000004	0.008799999999999999	0.0128
387.0	0.24480000000000002	0.014800000000000004	0.015600000000000004	0.008799999999999999	0.0128
388.0	0.24480000000000002	0.014800000000000004	0.015600000000000004	0.008799999999999999	0.0128
389.0	0.24480000000000002	0.014800000000000004	0.015600000000000004	0.008799999999999999	0.0128
390.0	0.24480000000000002	0.014800000000000004	0.015600000000000004	0.008799999999999999	0.0128
391.0	0.24480000000000002	0.014800000000000004	0.015600000000000004	0.008799999999999999	0.0128
392.0	0.24480000000000002	0.014800000000000004	0.015600000000000004	0.008799999999999999	0.0128
393.0	0.24480000000000002	0.014800000000000004	0.015600000000000004	0.008799999999999999	0.0128
394.0	0.24480000000000002	0.014800000000000004	0.015600000000000004	0.008799999999999999	0.0128
395.0	0.24480000000000002	0.014800000000000004	0.015600000000000004	0.008799999999999999	0.0128
396.0	0.24480000000000002	0.014800000000000004	0.015600000000000004	0.008799999999999999	0.0128
397.0	0.24480000000000002	0.014800000000000004	0.015600000000000004	0.008799999999999999	0.0128
398.0	0.24480000000000002	0.014800000000000004	0.015600000000000004	0.008799999999999999	0.0128
399.0	0.24480000000000002	0.014800000000000004	0.015600000000000004	0.008799999999999999	0.0128
400.0	0.24480000000000002	0.014800000000000004	0.015600000000000004	0.008799999999999999	0.0128
401.0	0.24480000000000002	0.014800000000000004	0.015600000000000004	0.008799999999999999	0.0128
402.0	0.24480000000000002	0.014800000000000004	0.015600000000000004	0.008799999999999999	0.0128
403.0	0.24480000000000002	0.014800000000000004	0.015600000000000004	0.008799999999999999	0.0128
404.0	0.24480000000000002	0.014800000000000004	0.015600000000000004	0.008799999999999999	0.0128
405.0	0.24480000000000002	0.014800000000000004	0.015600000000000004	0.008799999999999999	0.0128
406.0	0.24480000000000002	0.014800000000000004	0.015600000000000004	0.008799999999999999	0.0128
407.0	0.24480000000000002	0.014800000000000004	0.015600000000000004	0.008799999999999999	0.0128
408.0	0.24480000000000002	0.014800000000000004	0.015600000000000004	0.008799999999999999	0.0128
409.0	0.24480000000000002	0.014800000000000004	0.015600000000000004	0.008799999999999999	0.0128
410.0	0.24480000000000002	0.014800000000000004	0.015600000000000004	0.008799999999999999	0.0128
411.0	0.24480000000000002	0.014800000000000004	0.015600000000000004	0.008799999999999999	0.0128
412.0	0.24480000000000002	0.014800000000000004	0.015600000000000004	0.008799999999999999	0.0128
413.0	0.24480000000000002	0.014800000000000004	0.015600000000000004	0.008799999999999999	0.0128
414.0	0.24480000000000002	0.014800000000000004	0.015600000000000004	0.008799999999999999	0.0128
415.0	0.24480000000000002	0.014800000000000004	0.015600000000000004	0.008799999999999999	0.0128
416.0	0.24480000000000002	0.014800000000000004	0.015600000000000004	0.008799999999999999	0.0128
417.0	0.24480000000000002	0.014800000000000004	0.015600000000000004	0.008799999999999999	0.0128
418.0	0.24480000000000002	0.014800000000000004	0.015600000000000004	0.008799999999999999	0.0128
419.0	0.24480000000000002	0.014800000000000004	0.015600000000000004	0.008799999999999999	0.0128
420.0	0.24480000000000002	0.014800000000000004	0.015600000000000004	0.008799999999999999	0.0128
421.0	0.24480000000000002	0.014800000000000004	0.015600000000000004	0.008799999999999999	0.0128
422.0	0.24480000000000002	0.014800000000000004	0.015600000000000004	0.008799999999999999	0.0128
423.0	0.24480000000000002	0.014800000000000004	0.015600000000000004	0.008799999999999999	0.0128
424.0	0.24480000000000002	0.014800000000000004	0.015600000000000004	0.008799999999999999	0.0128
425.0	0.24480000000000002	0.014800000000000004	0.015600000000000004	0.008799999999999999	0.0128
426.0	0.24480000000000002	0.014800000000000004	0.015600000000000004	0.008799999999999999	0.0128
427.0	0.24480000000000002	0.014800000000000004	0.015600000000000004	0.008799999999999999	0.0128
428.0	0.24480000000000002	0.014800000000000004	0.015600000000000004	0.008799999999999999	0.0128
429.0	0.24480000000000002	0.014800000000000004	0.015600000000000004	0.008799999999999999	0.0128
430.0	0.24480000000000002	0.014800000000000004	0.015600000000000004	0.008799999999999999	0.0128
431.0	0.24480000000000002	0.014800000000000004	0.015600000000000004	0.008799999999999999	0.0128
432.0	0.24480000000000002	0.014800000000000004	0.015600000000000004	0.008799999999999999	0.0128
433.0	0.24480000000000002	0.014800000000000004	0.015600000000000004	0.008799999999999999	0.0128
434.0	0.24480000000000002	0.014800000000000004	0.015600000000000004	0.008799999999999999	0.0128
435.0	0.24480000000000002	0.014800000000000004	0.015600000000000004	0.008799999999999999	0.0128
436.0	0.24480000000000002	0.014800000000000004	0.015600000000000004	0.008799999999999999	0.0128
437.0	0.24480000000000002	0.014800000000000004	0.015600000000000004	0.008799999999999999	0.0128
438.0	0.24480000000000002	0.014800000000000004	0.015600000000000004	0.008799999999999999	0.0128
439.0	0.24480000000000002	0.014800000000000004	0.015600000000000004	0.008799999999999999	0.0128
440.0	0.24480000000000002	0.014800000000000004	0.015600000000000004	0.008799999999999999	0.0128
441.0	0.24480000000000002	0.014800000000000004	0.015600000000000004	0.008799999999999999	0.0128
442.0	0.24480000000000002	0.014800000000000004	0.015600000000000004	0.008799999999999999	0.0128
443.0	0.24480000000000002	0.014800000000000004	0.015600000000000004	0.008799999999999999	0.0128
444.0	0.24480000000000002	0.014800000000000004	0.015600000000000004	0.008799999999999999	0.0128
445.0	0.24480000000000002	0.014800000000000004	0.015600000000000004	0.008799999999999999	0.0128
446.0	0.24480000000000002	0.014800000000000004	0.015600000000000004	0.008799999999999999	0.0128
447.0	0.24480000000000002	0.014800000000000004	0.015600000000000004	0.008799999999999999	0.0128
448.0	0.24480000000000002	0.014800000000000004	0.015600000000000004	0.008799999999999999	0.0128
449.0	0.24480000000000002	0.014800000000000004	0.015600000000000004	0.008799999999999999	0.0128
450.0	0.24480000000000002	0.014800000000000004	0.015600000000000004	0.008799999999999999	0.0128
451.0	0.24480000000000002	0.014800000000000004	0.015600000000000004	0.008799999999999999	0.0128
452.0	0.24480000000000002	0.014800000000000004	0.015600000000000004	0.008799999999999999	0.0128
453.0	0.24480000000000002	0.014800000000000004	0.015600000000000004	0.008799999999999999	0.0128
454.0	0.24480000000000002	0.014800000000000004	0.015600000000000004	0.008799999999999999	0.0128
455.0	0.24480000000000002	0.014800000000000004	0.015600000000000004	0.008799999999999999	0.0128
456.0	0.24480000000000002	0.014800000000000004	0.015600000000000004	0.008799999999999999	0.0128
457.0	0.24480000000000002	0.014800000000000004	0.015600000000000004	0.008799999999999999	0.0128
458.0	0.24480000000000002	0.014800000000000004	0.015600000000000004	0.008799999999999999	0.0128
459.0	0.24480000000000002	0.014800000000000004	0.015600000000000004	0.008799999999999999	0.0128
460.0	0.24480000000000002	0.014800000000000004	0.015600000000000004	0.008799999999999999	0.0128
461.0	0.24480000000000002	0.014800000000000004	0.015600000000000004	0.008799999999999999	0.0128
462.0	0.24480000000000002	0.014800000000000004	0.015600000000000004	0.008799999999999999	0.0128
463.0	0.24480000000000002	0.014800000000000004	0.015600000000000004	0.008799999999999999	0.0128
464.0	0.24480000000000002	0.014800000000000004	0.015600000000000004	0.008799999999999999	0.0128
465.0	0.24480000000000002	0.014800000000000004	0.015600000000000004	0.008799999999999999	0.0128
466.0	0.24480000000000002	0.014800000000000004	0.015600000000000004	0.008799999999999999	0.0128
467.0	0.24480000000000002	0.014800000000000004	0.015600000000000004	0.008799999999999999	0.0128
468.0	0.24480000000000002	0.014800000000000004	0.015600000000000004	0.008799999999999999	0.0128
469.0	0.24480000000000002	0.014800000000000004	0.015600000000000004	0.008799999999999999	0.0128
470.0	0.24480000000000002	0.014800000000000004	0.015600000000000004	0.008799999999999999	0.0128
471.0	0.24480000000000002	0.014800000000000004	0.015600000000000004	0.008799999999999999	0.0128
472.0	0.24480000000000002	0.014800000000000004	0.015600000000000004	0.008799999999999999	0.0128
473.0	0.24480000000000002	0.014800000000000004	0.015600000000000004	0.008799999999999999	0.0128
474.0	0.24480000000000002	0.014800000000000004	0.015600000000000004	0.008799999999999999	0.0128
475.0	0.24480000000000002	0.014800000000000004	0.015600000000000004	0.008799999999999999	0.0128
476.0	0.24480000000000002	0.014800000000000004	0.015600000000000004	0.008799999999999999	0.0128
477.0	0.24480000000000002	0.014800000000000004	0.015600000000000004	0.008799999999999999	0.0128
478.0	0.24480000000000002	0.014800000000000004	0.015600000000000004	0.008799999999999999	0.0128
479.0	0.24480000000000002	0.014800000000000004	0.015600000000000004	0.008799999999999999	0.0128
480.0	0.24480000000000002	0.014800000000000004	0.015600000000000004	0.008799999999999999	0.0128
481.0	0.24480000000000002	0.014800000000000004	0.015600000000000004	0.008799999999999999	0.0128
482.0	0.24480000000000002	0.014800000000000004	0.015600000000000004	0.008799999999999999	0.0128
483.0	0.24480000000000002	0.014800000000000004	0.015600000000000004	0.008799999999999999	0.0128
484.0	0.24480000000000002	0.014800000000000004	0.015600000000000004	0.008799999999999999	0.0128
485.0	0.24480000000000002	0.014800000000000004	0.015600000000000004	0.008799999999999999	0.0128
486.0	0.24480000000000002	0.014800000000000004	0.015600000000000004	0.008799999999999999	0.0128
487.0	0.24480000000000002	0.014800000000000004	0.015600000000000004	0.008799999999999999	0.0128
488.0	0.24480000000000002	0.014800000000000004	0.015600000000000004	0.008799999999999999	0.0128
489.0	0.24480000000000002	0.014800000000000004	0.015600000000000004	0.008799999999999999	0.0128
490.0	0.24480000000000002	0.014800000000000004	0.015600000000000004	0.008799999999999999	0.0128
491.0	0.24480000000000002	0.014800000000000004	0.015600000000000004	0.008799999999999999	0.0128
492.0	0.24480000000000002	0.014800000000000004	0.015600000000000004	0.008799999999999999	0.0128
493.0	0.24480000000000002	0.014800000000000004	0.015600000000000004	0.008799999999999999	0.0128
494.0	0.24480000000000002	0.014800000000000004	0.015600000000000004	0.008799999999999999	0.0128
495.0	0.24480000000000002	0.014800000000000004	0.015600000000000004	0.008799999999999999	0.0128
496.0	0.24480000000000002	0.014800000000000004	0.015600000000000004	0.008799999999999999	0.0128
497.0	0.24480000000000002	0.014800000000000004	0.015600000000000004	0.008799999999999999	0.0128
498.0	0.24480000000000002	0.014800000000000004	0.015600000000000004	0.008799999999999999	0.0128
499.0	0.24480000000000002	0.014800000000000004	0.015600000000000004	0.008799999999999999	0.0128
500.0	0.24480000000000002	0.014800000000000004	0.015600000000000004	0.008799999999999999	0.0128
