1.0	0.18479999999999994	0.19399999999999995	0.1928	0.2804	0.22199999999999995	0.12879999999999994	0.15239999999999998	0.26360000000000006	0.22	0.15679999999999997	0.22279999999999991	0.26480000000000004	0.182	0.168	0.21359999999999996	0.1388	0.2528	0.28319999999999995	0.2428	0.1736	0.0	0.0	0.0032	0.0016	0.0004	0.0004	0.0008	0.0004	0.0	0.0004	0.0008	0.0012	0.0	0.0004	0.0012	0.0008	0.0004	0.0004	0.002	0.0
1.0	0.15079999999999996	0.2784	0.176	0.17999999999999997	0.17599999999999993	0.1644	0.2132	0.14279999999999998	0.20759999999999998	0.17800000000000002	0.154	0.22560000000000002	0.25359999999999994	0.2428	0.29359999999999997	0.2168	0.24320000000000003	0.20239999999999994	0.292	0.015200000000000005	0.0	0.0	0.0024	0.0016	0.0016	0.0	0.0	0.0012	0.0012	0.0	0.002	0.0	0.0004	0.0	0.0	0.0008	0.0004	0.0	0.0016	0.0
1.0	0.17600000000000002	0.2096	0.19319999999999993	0.20960000000000004	0.24559999999999996	0.2476	0.19	0.19159999999999996	0.26239999999999997	0.18519999999999995	0.20399999999999996	0.19999999999999996	0.18679999999999997	0.1972	0.2804	0.1624	0.18319999999999997	0.22399999999999998	0.29	0.014400000000000003	0.0	0.0016	0.0	0.0012	0.0008	0.0	0.0	0.0	0.0008	0.0	0.0	0.0	0.0	0.0008	0.0008	0.0036	0.0016	0.0012	0.0	0.0
1.0	0.17079999999999998	0.14879999999999996	0.1508	0.222	0.21799999999999994	0.2607999999999999	0.21160000000000004	0.17879999999999996	0.198	0.1592	0.21319999999999995	0.22880000000000003	0.22599999999999995	0.23679999999999993	0.20039999999999997	0.1644	0.14479999999999998	0.1716	0.017600000000000008	0.011200000000000002	0.0028000000000000004	0.0008	0.0	0.0004	0.0	0.0	0.0	0.0	0.0016	0.0004	0.0008	0.0	0.0004	0.0004	0.0008	0.0024	0.0012	0.0	0.0004	0.0
1.0	0.25040000000000007	0.2376	0.1616	0.26839999999999997	0.15960000000000002	0.18279999999999996	0.1508	0.258	0.1656	0.15919999999999995	0.25079999999999997	0.2024	0.20439999999999994	0.18319999999999997	0.25479999999999997	0.22239999999999996	0.23759999999999998	0.12919999999999998	0.015200000000000005	0.012800000000000002	0.0	0.0004	0.0	0.0004	0.0004	0.0004	0.0	0.0016	0.0	0.0004	0.0004	0.0004	0.0	0.0	0.0028000000000000004	0.0	0.0	0.0	0.0004	0.0004
1.0	0.19200000000000006	0.13759999999999997	0.21159999999999995	0.16	0.1448	0.20759999999999998	0.2804	0.2468	0.27040000000000003	0.29079999999999995	0.23759999999999998	0.18479999999999994	0.18520000000000003	0.2071999999999999	0.14639999999999997	0.1632	0.20639999999999994	0.016	0.009600000000000003	0.015600000000000004	0.0	0.0	0.0	0.0	0.0016	0.0	0.0008	0.0012	0.0016	0.0004	0.0004	0.0012	0.0008	0.0008	0.0	0.0	0.0004	0.0	0.0	0.0
1.0	0.20440000000000005	0.19720000000000001	0.17	0.19079999999999997	0.22639999999999996	0.20559999999999998	0.19839999999999997	0.23240000000000005	0.2532	0.18679999999999997	0.17800000000000002	0.17359999999999995	0.1888	0.2104	0.2416	0.20640000000000003	0.21119999999999994	0.015600000000000004	0.012800000000000002	0.016000000000000004	0.0012	0.0012	0.0004	0.0	0.0	0.0012	0.0004	0.0	0.0	0.0	0.0	0.0	0.0	0.0004	0.0004	0.0	0.0	0.0004	0.0	0.0
1.0	0.15999999999999998	0.12359999999999999	0.23000000000000004	0.1824	0.21280000000000002	0.15279999999999996	0.18039999999999995	0.21679999999999996	0.2596	0.1696	0.17319999999999997	0.18799999999999997	0.27159999999999995	0.20479999999999998	0.146	0.1664	0.014400000000000003	0.012400000000000001	0.015200000000000005	0.0164	0.0008	0.0004	0.0	0.0	0.0	0.0012	0.0012	0.0008	0.0	0.0004	0.0	0.0012	0.0	0.0	0.0004	0.0004	0.0	0.0	0.0	0.0
1.0	0.20199999999999999	0.21599999999999994	0.18560000000000001	0.16479999999999997	0.20679999999999996	0.304	0.2612	0.2504	0.22639999999999993	0.21159999999999995	0.1956	0.2404	0.29119999999999996	0.2404	0.2572	0.222	0.013600000000000003	0.014400000000000003	0.011200000000000002	0.0092	0.0	0.0004	0.0016	0.0024	0.0016	0.0	0.0004	0.002	0.0	0.0	0.0	0.0012	0.0	0.0	0.0	0.0	0.0	0.0	0.0	0.0
1.0	0.19159999999999994	0.19879999999999995	0.1404	0.1508	0.2256	0.18	0.15599999999999997	0.24159999999999995	0.13	0.2607999999999999	0.2816	0.22159999999999996	0.1888	0.23319999999999994	0.15360000000000001	0.012800000000000002	0.0104	0.013200000000000003	0.014400000000000003	0.008400000000000001	0.0	0.0	0.0	0.0004	0.0	0.0	0.0	0.0	0.0	0.0012	0.0004	0.0	0.0	0.0	0.0004	0.0004	0.0	0.0	0.0004	0.0008
1.0	0.19119999999999998	0.15559999999999996	0.18080000000000002	0.15679999999999997	0.1664	0.25720000000000004	0.24039999999999995	0.16559999999999994	0.2108	0.20919999999999994	0.22399999999999998	0.2788	0.1856	0.1876	0.26920000000000005	0.012800000000000002	0.014400000000000003	0.017600000000000008	0.015200000000000005	0.016800000000000006	0.0	0.0012	0.0	0.0012	0.0008	0.0004	0.0008	0.0008	0.0	0.0	0.0008	0.0	0.0	0.0	0.0004	0.0	0.0004	0.0	0.0	0.0
1.0	0.1764	0.2016	0.15079999999999996	0.20199999999999999	0.13320000000000004	0.23439999999999997	0.242	0.19	0.19639999999999996	0.17800000000000002	0.1928	0.17279999999999995	0.2352	0.1884	0.016400000000000005	0.012800000000000002	0.013199999999999998	0.011600000000000001	0.011600000000000001	0.017200000000000007	0.0	0.0028000000000000004	0.0004	0.0	0.0	0.0008	0.0008	0.0	0.0012	0.0	0.0	0.0	0.0	0.0	0.0	0.0	0.0	0.0	0.0	0.0
1.0	0.15519999999999998	0.18600000000000003	0.18600000000000003	0.19520000000000004	0.1716	0.20119999999999993	0.13959999999999997	0.20799999999999993	0.3275999999999999	0.13759999999999992	0.15480000000000002	0.21839999999999996	0.2339999999999999	0.18079999999999996	0.013200000000000003	0.013600000000000003	0.016400000000000005	0.015600000000000004	0.016400000000000005	0.013200000000000003	0.0012	0.0	0.0	0.0004	0.0	0.0004	0.0004	0.0004	0.0004	0.0	0.0	0.0	0.0	0.0004	0.0	0.0	0.0	0.0	0.0004	0.0
1.0	0.18960000000000002	0.1744	0.18960000000000005	0.1728	0.1636	0.132	0.27119999999999994	0.21399999999999994	0.29479999999999995	0.21239999999999987	0.2576	0.19759999999999997	0.2255999999999999	0.014800000000000004	0.0148	0.013600000000000003	0.014000000000000004	0.0096	0.015200000000000005	0.011600000000000001	0.0008	0.0	0.0	0.0	0.0012	0.0	0.0012	0.0	0.0	0.0004	0.0	0.0	0.0	0.0	0.0004	0.0	0.0	0.0004	0.0	0.0008
1.0	0.15719999999999998	0.17839999999999998	0.16079999999999997	0.22840000000000005	0.196	0.19080000000000003	0.15679999999999997	0.2744	0.18520000000000003	0.2584	0.17719999999999994	0.17919999999999994	0.15439999999999995	0.012800000000000002	0.012000000000000002	0.015600000000000004	0.013600000000000003	0.017200000000000007	0.012000000000000004	0.012000000000000002	0.0004	0.0028000000000000004	0.0008	0.002	0.0	0.0	0.0	0.0	0.0008	0.0004	0.0	0.0008	0.0	0.0	0.0	0.0	0.0004	0.0	0.0	0.0004
1.0	0.20200000000000004	0.25639999999999996	0.15119999999999997	0.19720000000000001	0.1568	0.1692	0.18040000000000003	0.23399999999999999	0.298	0.2048	0.21119999999999994	0.18999999999999997	0.018800000000000008	0.012800000000000002	0.014800000000000004	0.012400000000000001	0.013600000000000003	0.010400000000000003	0.012800000000000002	0.016400000000000005	0.0004	0.0	0.0004	0.0	0.0	0.0004	0.0	0.0	0.0004	0.0004	0.0	0.0	0.0	0.0004	0.0004	0.0008	0.0	0.0004	0.0	0.0
1.0	0.17239999999999994	0.1684	0.1392	0.1692	0.1748	0.14439999999999997	0.21799999999999997	0.21040000000000003	0.18119999999999997	0.21400000000000002	0.20400000000000001	0.22919999999999996	0.014800000000000004	0.014400000000000003	0.015600000000000004	0.012000000000000002	0.015600000000000004	0.017200000000000003	0.014000000000000004	0.018800000000000008	0.0024	0.0004	0.0008	0.002	0.0	0.0	0.0	0.0	0.0	0.0	0.0	0.0008	0.0	0.0	0.0	0.0	0.0	0.0004	0.0	0.0004
1.0	0.22519999999999998	0.204	0.17519999999999997	0.1732	0.2236	0.138	0.14479999999999998	0.23799999999999996	0.22279999999999997	0.16519999999999999	0.1992	0.016400000000000005	0.014400000000000003	0.014000000000000004	0.015600000000000004	0.012800000000000002	0.013200000000000003	0.017599999999999998	0.0164	0.012800000000000002	0.0	0.0	0.0004	0.0	0.0012	0.0	0.0	0.0004	0.0	0.0	0.0	0.0008	0.0004	0.0004	0.0	0.0	0.0	0.0	0.0	0.0
1.0	0.18839999999999996	0.16119999999999998	0.15879999999999994	0.17640000000000003	0.16760000000000003	0.1612	0.19160000000000005	0.21760000000000002	0.1972	0.1692	0.20639999999999997	0.0088	0.014800000000000004	0.014800000000000004	0.014400000000000003	0.014400000000000003	0.0148	0.015200000000000005	0.014800000000000004	0.016000000000000004	0.0004	0.0004	0.0008	0.0	0.0	0.0	0.0	0.0	0.0	0.0004	0.0	0.0008	0.0	0.0	0.0	0.0	0.0	0.0	0.0004	0.0
1.0	0.1708	0.0932	0.1804	0.20240000000000002	0.2124000000000001	0.21520000000000006	0.21919999999999998	0.17679999999999998	0.1924	0.1672	0.015600000000000004	0.012400000000000001	0.011200000000000002	0.012000000000000002	0.017200000000000007	0.0108	0.013600000000000003	0.014000000000000004	0.016400000000000005	0.010400000000000003	0.0	0.0004	0.0	0.0	0.0	0.0	0.0	0.0004	0.0008	0.0	0.0	0.0	0.0	0.0004	0.0	0.0004	0.0	0.0	0.0	0.0
1.0	0.20879999999999999	0.24760000000000004	0.20600000000000004	0.2432	0.20320000000000005	0.1888	0.1816	0.18119999999999997	0.1788	0.2064	0.015600000000000004	0.015600000000000004	0.015200000000000005	0.014000000000000002	0.015600000000000004	0.016000000000000004	0.0108	0.014400000000000003	0.016000000000000004	0.012400000000000001	0.0	0.0	0.0004	0.0012	0.0	0.0	0.0004	0.0	0.0	0.0	0.0	0.0	0.0	0.0004	0.0	0.0	0.0004	0.0	0.0	0.0
1.0	0.20400000000000001	0.1784	0.23639999999999997	0.18359999999999999	0.24960000000000004	0.18120000000000006	0.14800000000000002	0.14439999999999997	0.20200000000000004	0.016000000000000004	0.017200000000000003	0.016000000000000004	0.013200000000000003	0.018400000000000003	0.012800000000000002	0.015200000000000005	0.012800000000000002	0.010000000000000002	0.011200000000000002	0.0096	0.0	0.0	0.0	0.0	0.0004	0.0	0.0	0.0	0.0	0.0	0.0	0.0	0.0	0.0	0.0	0.0004	0.0	0.0	0.0	0.0
1.0	0.1316	0.17880000000000001	0.20360000000000003	0.20879999999999999	0.25359999999999994	0.18360000000000004	0.1596	0.16279999999999997	0.01920000000000001	0.02080000000000001	0.015600000000000004	0.015600000000000001	0.014400000000000003	0.011200000000000002	0.012800000000000002	0.017600000000000008	0.012800000000000002	0.005600000000000001	0.0064	0.008399999999999998	0.0004	0.0008	0.0	0.0	0.0	0.0	0.0004	0.0	0.0	0.0	0.0	0.0004	0.0	0.0004	0.0	0.0	0.0	0.0	0.0	0.0
1.0	0.22759999999999997	0.158	0.1744	0.19640000000000002	0.20160000000000003	0.174	0.17600000000000002	0.2052	0.018000000000000006	0.020000000000000007	0.018800000000000008	0.017200000000000003	0.012400000000000001	0.018000000000000006	0.017200000000000007	0.0136	0.013600000000000003	0.006	0.0096	0.007599999999999999	0.0	0.0	0.0	0.0008	0.0	0.0004	0.0	0.0	0.0	0.0	0.0	0.0004	0.0	0.0	0.0	0.0	0.0	0.0	0.0	0.0
1.0	0.18960000000000002	0.1588	0.1732	0.20400000000000007	0.18400000000000005	0.15999999999999998	0.21200000000000002	0.17519999999999997	0.018000000000000006	0.019200000000000005	0.01960000000000001	0.018400000000000007	0.0132	0.018800000000000008	0.012000000000000002	0.015200000000000005	0.0092	0.0068000000000000005	0.0088	0.0072	0.0	0.0	0.0	0.0	0.0	0.0	0.0	0.0004	0.0	0.0	0.0	0.0	0.0	0.0	0.0	0.0	0.0	0.0004	0.0	0.0
1.0	0.17240000000000003	0.18680000000000008	0.20199999999999999	0.18760000000000004	0.20600000000000002	0.1324	0.15959999999999996	0.016400000000000005	0.018800000000000008	0.01920000000000001	0.01960000000000001	0.017600000000000008	0.018400000000000007	0.0128	0.014000000000000004	0.005999999999999998	0.0052	0.007599999999999999	0.0104	0.010399999999999998	0.0	0.0	0.0	0.0004	0.0	0.0004	0.0	0.0	0.0	0.0	0.0	0.0	0.0	0.0	0.0	0.0004	0.0	0.0	0.0	0.0
1.0	0.182	0.19760000000000003	0.18159999999999996	0.21599999999999994	0.162	0.20919999999999997	0.18000000000000005	0.018800000000000008	0.014400000000000003	0.020000000000000007	0.02120000000000001	0.018400000000000007	0.020000000000000007	0.017600000000000008	0.0048	0.0124	0.007199999999999999	0.0068	0.0084	0.0044	0.0	0.0	0.0	0.0	0.0008	0.0	0.0004	0.0	0.0	0.0	0.0	0.0	0.0	0.0	0.0	0.0004	0.0	0.0	0.0	0.0
1.0	0.22440000000000004	0.1748	0.21720000000000003	0.16279999999999997	0.17319999999999997	0.21439999999999998	0.012800000000000002	0.012800000000000002	0.016000000000000004	0.018000000000000002	0.016400000000000005	0.015600000000000004	0.010399999999999998	0.008	0.0068000000000000005	0.0064	0.0052	0.008	0.0052	0.010799999999999999	0.0	0.0	0.0	0.0	0.0	0.0	0.0	0.0	0.0	0.0	0.0004	0.0	0.0	0.0	0.0	0.0	0.0	0.0	0.0	0.0004
1.0	0.1892	0.2376	0.18559999999999996	0.19440000000000007	0.17800000000000002	0.13319999999999999	0.015200000000000005	0.016400000000000005	0.018800000000000008	0.01920000000000001	0.01920000000000001	0.020000000000000007	0.013600000000000001	0.011199999999999998	0.0048000000000000004	0.007999999999999998	0.008799999999999999	0.0084	0.007599999999999999	0.0052	0.0004	0.0	0.0	0.0	0.0	0.0	0.0	0.0	0.0	0.0	0.0	0.0004	0.0	0.0	0.0	0.0004	0.0	0.0	0.0	0.0
1.0	0.1724	0.21400000000000002	0.19720000000000007	0.15639999999999998	0.18640000000000004	0.01920000000000001	0.020000000000000007	0.018400000000000007	0.017200000000000007	0.01960000000000001	0.018400000000000007	0.0096	0.011199999999999998	0.011199999999999998	0.0064	0.008	0.0096	0.0052	0.0068	0.006	0.0	0.0	0.0	0.0004	0.0	0.0004	0.0	0.0004	0.0	0.0	0.0004	0.0004	0.0	0.0	0.0	0.0004	0.0	0.0004	0.0	0.0
1.0	0.1664	0.13120000000000004	0.15519999999999998	0.16959999999999997	0.20560000000000003	0.02080000000000001	0.02240000000000001	0.016000000000000004	0.017200000000000007	0.018400000000000007	0.012	0.012	0.012	0.012	0.015200000000000002	0.0088	0.009599999999999997	0.007200000000000001	0.008	0.008399999999999998	0.0004	0.0	0.0004	0.0004	0.0	0.0	0.0	0.0	0.0	0.0	0.0	0.0	0.0004	0.0004	0.0004	0.0	0.0004	0.0	0.0	0.0
1.0	0.168	0.14039999999999997	0.2016	0.22760000000000002	0.015600000000000004	0.01960000000000001	0.016000000000000004	0.01920000000000001	0.012	0.015200000000000002	0.011199999999999998	0.0096	0.0128	0.010399999999999998	0.015200000000000002	0.0068	0.0088	0.0076	0.0072	0.0116	0.0	0.0	0.0	0.0	0.0	0.0	0.0	0.0	0.0004	0.0	0.0	0.0	0.0	0.0	0.0	0.0	0.0	0.0	0.0	0.0
1.0	0.1932	0.23759999999999995	0.18240000000000006	0.018800000000000008	0.017200000000000007	0.017200000000000003	0.02200000000000001	0.0128	0.014400000000000001	0.0096	0.016000000000000004	0.011199999999999998	0.008	0.008799999999999999	0.008799999999999999	0.010399999999999998	0.009999999999999998	0.0048000000000000004	0.007200000000000001	0.006	0.0	0.0004	0.0	0.0	0.0004	0.0004	0.0004	0.0	0.0	0.0	0.0	0.0004	0.0	0.0	0.0	0.0	0.0	0.0	0.0	0.0
1.0	0.15439999999999998	0.17520000000000002	0.27080000000000004	0.02160000000000001	0.01920000000000001	0.016	0.017200000000000007	0.011199999999999998	0.008	0.010399999999999998	0.015200000000000002	0.013600000000000001	0.008799999999999999	0.0096	0.010399999999999998	0.012	0.009999999999999998	0.005600000000000001	0.0072	0.008399999999999998	0.0008	0.0	0.0	0.0	0.0	0.0	0.0	0.0004	0.0004	0.0	0.0004	0.0	0.0	0.0	0.0	0.0004	0.0	0.0	0.0	0.0
1.0	0.17639999999999995	0.13040000000000002	0.17359999999999992	0.017200000000000003	0.018000000000000006	0.020000000000000007	0.0128	0.008799999999999999	0.012	0.011199999999999998	0.012	0.008799999999999999	0.008799999999999999	0.008799999999999999	0.013600000000000001	0.011199999999999998	0.0096	0.0048000000000000004	0.0063999999999999994	0.005600000000000001	0.0004	0.0	0.0	0.0004	0.0	0.0	0.0	0.0	0.0004	0.0	0.0004	0.0008	0.0	0.0004	0.0	0.0	0.0	0.0	0.0	0.0
1.0	0.1576	0.142	0.0176	0.020000000000000007	0.0152	0.0096	0.010399999999999998	0.0128	0.010399999999999998	0.016000000000000004	0.011199999999999998	0.011199999999999998	0.0128	0.008	0.0096	0.012	0.010399999999999998	0.0076	0.0076	0.0068000000000000005	0.0	0.0	0.0	0.0	0.0004	0.0	0.0004	0.0004	0.0	0.0	0.0004	0.0	0.0	0.0	0.0	0.0	0.0	0.0	0.0	0.0
1.0	0.2128	0.016400000000000005	0.018800000000000008	0.011199999999999998	0.0072	0.0128	0.0064	0.012	0.010399999999999998	0.012	0.012	0.012	0.0128	0.008	0.011199999999999998	0.0072	0.0128	0.0096	0.007599999999999999	0.008799999999999999	0.0008	0.0	0.0	0.0	0.0	0.0	0.0004	0.0	0.0	0.0	0.0	0.0	0.0	0.0	0.0	0.0004	0.0	0.0	0.0	0.0
1.0	0.16440000000000002	0.016000000000000004	0.011199999999999998	0.008799999999999999	0.010399999999999998	0.0072	0.0096	0.010399999999999998	0.012	0.014400000000000001	0.008799999999999999	0.015200000000000002	0.011199999999999998	0.011199999999999998	0.0096	0.0096	0.013600000000000001	0.016000000000000004	0.005600000000000001	0.0072	0.0	0.0	0.0	0.0	0.0	0.0	0.0	0.0	0.0	0.0	0.0008	0.0	0.0	0.0	0.0004	0.0	0.0	0.0	0.0	0.0
1.0	0.13759999999999997	0.015600000000000004	0.0072	0.013600000000000001	0.013600000000000001	0.011199999999999998	0.0128	0.011199999999999998	0.013600000000000001	0.0072	0.0128	0.011199999999999998	0.013600000000000001	0.010399999999999998	0.0096	0.011199999999999998	0.0128	0.010399999999999998	0.011199999999999998	0.007599999999999999	0.0	0.0	0.0004	0.0004	0.0008	0.0	0.0	0.0	0.0	0.0	0.0008	0.0	0.0	0.0	0.0004	0.0	0.0	0.0004	0.0	0.0004
1.0	0.017200000000000003	0.008	0.011199999999999998	0.0128	0.010399999999999998	0.013600000000000001	0.008799999999999999	0.0128	0.012	0.0096	0.014400000000000001	0.011199999999999998	0.010399999999999998	0.012	0.016000000000000004	0.012	0.0096	0.0128	0.010399999999999998	0.004	0.0	0.0	0.0	0.0	0.0	0.0	0.0	0.0012	0.0	0.0008	0.0	0.0	0.0004	0.0	0.0004	0.0	0.0	0.0	0.0	0.0
1.0	0.013600000000000001	0.0096	0.014400000000000001	0.012	0.008	0.010399999999999998	0.012	0.008	0.010399999999999998	0.013600000000000001	0.012	0.014400000000000001	0.014400000000000001	0.008799999999999999	0.008799999999999999	0.0128	0.012	0.011199999999999998	0.015200000000000002	0.0096	0.0	0.0	0.0	0.0	0.0	0.0	0.0004	0.0	0.0	0.0	0.0	0.0004	0.0	0.0	0.0	0.0	0.0	0.0	0.0	0.0
