0.0	0.0	0.0	0.0	0.0	0.0	0.0	0.0	0.0	0.0	0.0	0.0	0.0	0.0	0.0	0.0	0.0	0.0	0.0	0.0	0.0	0.440957635641098	0.43200032114982606	0.43682960271835325	0.43949423432350154	0.4427167862653732	0.43943171650171287	0.44421982169151303	0.44338293820619584	0.43611769527196886	0.4471817567944527	0.44050491005182263	0.4426131278276444	0.44113598912954327	0.4439195230603218	0.43890124112367623	0.4348234951496124	0.4283768549561501	0.4414454460144043	0.4487076640129089	0.45551709085702896
0.0	0.0	0.0	0.0	0.0	0.0	0.0	0.0	0.0	0.0	0.0	0.0	0.0	0.0	0.0	0.0	0.0	0.0	0.0	0.0	0.0	0.439754892885685	0.4464820384979248	0.43699270635843274	0.44387990683317186	0.4336817219853401	0.440443916618824	0.44997898042202	0.43990733176469804	0.44030216038227077	0.4348387211561203	0.43929605185985565	0.43161313235759735	0.4315262421965599	0.44472746104002003	0.43023507893085483	0.43581433594226837	0.4454911857843399	0.4481573358178139	0.44025946557521817	0.4465368986129761
0.0	0.0	0.0	0.0	0.0	0.0	0.0	0.0	0.0	0.0	0.0	0.0	0.0	0.0	0.0	0.0	0.0	0.0	0.0	0.0	0.0	0.4425917625427246	0.43735398650169377	0.43620153665542605	0.4286283850669861	0.43668632209300995	0.4306146457791328	0.4471055075526238	0.44113294035196304	0.44312532842159275	0.4389744117856025	0.43557501286268235	0.44429299831390373	0.44265582263469694	0.43559787869453437	0.4427122011780739	0.4350658729672432	0.44335701763629914	0.4341817274689675	0.4348295986652374	0.428061306476593
0.0	0.0	0.0	0.0	0.0	0.0	0.0	0.0	0.0	0.0	0.0	0.0	0.0	0.0	0.0	0.0	0.0	0.0	0.0	0.0	0.0	0.43547593951225283	0.4340887278318405	0.4346588730812073	0.43586160987615585	0.4395674049854279	0.441972890496254	0.4369820356369019	0.4322396561503411	0.4393860265612602	0.4368204563856125	0.4353112995624543	0.44233873188495637	0.4420933231711388	0.4409469649195671	0.4526985079050064	0.4506436318159103	0.44503539949655535	0.44039514213800435	0.4426344752311707	0.4250094801187515
0.0	0.0	0.0	0.0	0.0	0.0	0.0	0.0	0.0	0.0	0.0	0.0	0.0	0.0	0.0	0.0	0.0	0.0	0.0	0.0	0.0	0.44400338828563696	0.4381878390908241	0.44416037648916246	0.4523646667599678	0.433593325316906	0.44741038531064986	0.43546221405267715	0.4371085599064827	0.44282045066356657	0.42721526473760607	0.43554452508687974	0.42936159819364544	0.4386085465550422	0.4407747209072113	0.44278845041990283	0.44012991040945054	0.44528844207525253	0.438780814409256	0.4341649532318115	0.42837226390838623
0.0	0.0	0.0	0.0	0.0	0.0	0.0	0.0	0.0	0.0	0.0	0.0	0.0	0.0	0.0	0.0	0.0	0.0	0.0	0.0	0.0	0.4433585420250893	0.4395780697464943	0.44559331387281415	0.45028233975172044	0.4357305005192757	0.44882349371910096	0.4378646627068519	0.4358829692006111	0.4371192425489425	0.4437869131565094	0.4403494104743004	0.432892094552517	0.4469241231679917	0.4451984971761703	0.4396177157759666	0.4321802109479904	0.44929453581571577	0.4426405727863312	0.43702776134014126	0.43823049217462545
0.0	0.0	0.0	0.0	0.0	0.0	0.0	0.0	0.0	0.0	0.0	0.0	0.0	0.0	0.0	0.0	0.0	0.0	0.0	0.0	0.0	0.4440338581800461	0.44622592926025395	0.43502927571535105	0.45052779614925387	0.44265734106302257	0.44906283468008046	0.4427686333656311	0.44587380737066273	0.4466299042105675	0.442387542128563	0.42927015870809554	0.4519225642085075	0.4426207557320595	0.44183265864849086	0.43800643086433405	0.44293171912431717	0.44140124469995495	0.4277335450053215	0.43712076693773266	0.43278081417083736
0.0	0.0	0.0	0.0	0.0	0.0	0.0	0.0	0.0	0.0	0.0	0.0	0.0	0.0	0.0	0.0	0.0	0.0	0.0	0.0	0.0	0.43712837696075435	0.4430567428469658	0.4379774615168571	0.44479758292436594	0.42949879914522177	0.438786906003952	0.44388905316591265	0.4358570247888565	0.44570765495300296	0.4429637253284454	0.43091952949762347	0.43022134751081464	0.44042104482650757	0.43417258113622664	0.4269149601459503	0.43555823862552645	0.43984788060188296	0.4323524609208107	0.4309393584728241	0.43773662596941
0.0	0.0	0.0	0.0	0.0	0.0	0.0	0.0	0.0	0.0	0.0	0.0	0.0	0.0	0.0	0.0	0.0	0.0	0.0	0.0	0.0	0.44410093128681183	0.43699270635843274	0.4495323404669762	0.43414513021707535	0.4455018386244774	0.44653540998697283	0.4396222651004791	0.4423707440495491	0.4349134281277657	0.4441710531711579	0.44472440630197524	0.44416800439357756	0.4406375139951706	0.43243935108184817	0.4443524613976479	0.4362808108329773	0.42882045209407804	0.4296283662319183	0.4385887414216995	0.43524575084447864
0.0	0.0	0.0	0.0	0.0	0.0	0.0	0.0	0.0	0.0	0.0	0.0	0.0	0.0	0.0	0.0	0.0	0.0	0.0	0.0	0.0	0.43430216014385226	0.4507869124412537	0.4354850798845291	0.4399256303906441	0.4525765508413314	0.44411771148443224	0.44998509585857394	0.44645308107137677	0.43720916956663136	0.4431725606322289	0.4453113079071045	0.446741184592247	0.43821680247783656	0.45580063909292223	0.4283402755856514	0.44581129550933835	0.43621525615453716	0.43665581047534946	0.4242305114865303	0.4407228857278824
0.0	0.0	0.0	0.0	0.0	0.0	0.0	0.0	0.0	0.0	0.0	0.0	0.0	0.0	0.0	0.0	0.0	0.0	0.0	0.0	0.0	0.43738294392824173	0.43642715215682987	0.4244774505496025	0.43768477290868757	0.4427213594317436	0.43245305866003036	0.44559786915779115	0.4409073367714882	0.4377747118473053	0.4375338584184647	0.4427381277084351	0.4556451514363289	0.42824574559926987	0.42784330099821094	0.4430795788764954	0.42657197266817093	0.4344408616423607	0.4329942166805267	0.43843630850315096	0.4375323399901391
0.0	0.0	0.0	0.0	0.0	0.0	0.0	0.0	0.0	0.0	0.0	0.0	0.0	0.0	0.0	0.0	0.0	0.0	0.0	0.0	0.0	0.4461146548390389	0.4364210546016693	0.43979148417711256	0.4457777768373489	0.4427853897213936	0.4440612852573395	0.43335398435592654	0.44909027963876724	0.4318402662873268	0.43688295036554337	0.440858568251133	0.4329210638999939	0.43824422955513	0.44771069586277007	0.43659026771783827	0.42634789943695073	0.443806754052639	0.43699117600917814	0.42989361584186553	0.43208873569965356
0.0	0.0	0.0	0.0	0.0	0.0	0.0	0.0	0.0	0.0	0.0	0.0	0.0	0.0	0.0	0.0	0.0	0.0	0.0	0.0	0.0	0.4464561060070992	0.43281433880329134	0.43780977874994276	0.4418783724308014	0.4416984885931015	0.44238446354866034	0.4457792952656746	0.4408875077962875	0.43316649049520495	0.43867258280515664	0.4452122047543526	0.44318020045757295	0.44298051744699474	0.4400003135204315	0.43794087618589406	0.42406740188598635	0.42648964971303943	0.4413860008120537	0.428135983645916	0.4406558305025101
0.0	0.0	0.0	0.0	0.0	0.0	0.0	0.0	0.0	0.0	0.0	0.0	0.0	0.0	0.0	0.0	0.0	0.0	0.0	0.0	0.0	0.43221679031848914	0.44164208024740215	0.436195433139801	0.4328860089182854	0.4371939137578011	0.4401634469628334	0.4281802088022232	0.44490734487771993	0.44497594237327576	0.4414576530456543	0.4402716606855393	0.4336634293198585	0.4349972754716874	0.43291496634483334	0.4285445258021354	0.43980671018362044	0.4418204694986343	0.4341847643256188	0.43610704243183135	0.4303219690918922
0.0	0.0	0.0	0.0	0.0	0.0	0.0	0.0	0.0	0.0	0.0	0.0	0.0	0.0	0.0	0.0	0.0	0.0	0.0	0.0	0.0	0.4383570283651352	0.44284332841634744	0.4467274650931358	0.4465049222111701	0.4411664947867393	0.4466984778642654	0.449799108505249	0.4451344609260559	0.4467030867934227	0.4374408766627311	0.44173662215471265	0.4420719757676125	0.44564363062381745	0.42966953068971636	0.4267213448882103	0.4417182937264442	0.4332137525081634	0.442579597234726	0.43098660260438915	0.4412762388586998
0.0	0.0	0.0	0.0	0.0	0.0	0.0	0.0	0.0	0.0	0.0	0.0	0.0	0.0	0.0	0.0	0.0	0.0	0.0	0.0	0.0	0.4325140282511711	0.439703069627285	0.45012533366680146	0.43183415681123727	0.4443646505475044	0.43604300618171693	0.4404774591326714	0.44374729692935944	0.43314971625804904	0.43241191208362584	0.44400186389684676	0.43477775156497955	0.42867563515901563	0.43633264005184175	0.43137227892875674	0.44596069157123563	0.4278128191828728	0.4315948337316513	0.4282274529337883	0.4358936041593552
0.0	0.0	0.0	0.0	0.0	0.0	0.0	0.0	0.0	0.0	0.0	0.0	0.0	0.0	0.0	0.0	0.0	0.0	0.0	0.0	0.0	0.4377503216266632	0.4354286715388298	0.4350155562162399	0.43811160176992414	0.4345628127455712	0.4337122038006782	0.44245765209198	0.4423920914530754	0.4369896575808525	0.4308448165655136	0.4334835633635521	0.4453905820846557	0.4301725849509239	0.4325140461325645	0.431614650785923	0.4337899595499038	0.4235125124454498	0.44465734511613847	0.4254987969994545	0.4350048914551734
0.0	0.0	0.0	0.0	0.0	0.0	0.0	0.0	0.0	0.0	0.0	0.0	0.0	0.0	0.0	0.0	0.0	0.0	0.0	0.0	0.0	0.44286313951015477	0.4515292838215828	0.43687379807233817	0.4370262250304222	0.45074881464242933	0.42684177756309505	0.4461253255605697	0.4445658937096596	0.44255823194980615	0.4439530774950981	0.4337091729044914	0.4379134431481361	0.432116162776947	0.4394683137536049	0.43908872902393337	0.4409134522080422	0.4247792795300484	0.4441268637776375	0.42837073951959614	0.4349606782197952
0.0	0.0	0.0	0.0	0.0	0.0	0.0	0.0	0.0	0.0	0.0	0.0	0.0	0.0	0.0	0.0	0.0	0.0	0.0	0.0	0.0	0.43917257636785506	0.4354728847742081	0.44437532126903534	0.4385033756494522	0.4461268439888954	0.42463904768228533	0.4393920883536339	0.44472747296094894	0.43468933105468754	0.4266786858439445	0.4399668008089066	0.42841192781925197	0.43978385031223294	0.4290872260928154	0.4346588611602783	0.43172591924667353	0.4404957517981529	0.42536617517471315	0.42781130671501155	0.4328951433300972
0.0	0.0	0.0	0.0	0.0	0.0	0.0	0.0	0.0	0.0	0.0	0.0	0.0	0.0	0.0	0.0	0.0	0.0	0.0	0.0	0.0	0.4334180027246475	0.43779758363962173	0.44013902693986895	0.45044546127319335	0.44789361059665683	0.448119243979454	0.431831119954586	0.44340277314186105	0.43648965209722523	0.4372061148285866	0.4395597711205482	0.4302884384989739	0.4342320322990417	0.42828995883464815	0.44414818733930583	0.44395001679658885	0.43862379640340804	0.43570611625909805	0.44003232568502426	0.4390445157885551
0.0	0.0	0.0	0.0	0.0	0.0	0.0	0.0	0.0	0.0	0.0	0.0	0.0	0.0	0.0	0.0	0.0	0.0	0.0	0.0	0.0	0.4400978863239289	0.44209482967853553	0.4435231879353523	0.43532503098249437	0.432898186147213	0.44023508727550503	0.44714209288358686	0.4392747223377228	0.4338981851935386	0.4465460509061813	0.43246374130249027	0.4406695380806923	0.44894088357686995	0.43767104148864744	0.43276251554489137	0.44464514404535294	0.43171068131923673	0.4365689381957054	0.438239686191082	0.4409164711833
0.0	0.0	0.0	0.0	0.0	0.0	0.0	0.0	0.0	0.0	0.0	0.0	0.0	0.0	0.0	0.0	0.0	0.0	0.0	0.0	0.0	0.4445308148860932	0.43321982622146604	0.4398463800549507	0.438797576725483	0.4488844752311707	0.43348508775234224	0.4481009274721145	0.4436314254999161	0.4416253238916397	0.43928843587636945	0.4417076468467713	0.43415581881999965	0.4355795860290527	0.4309911876916886	0.4307335540652275	0.4317716509103775	0.4451207533478737	0.43161160200834275	0.436796048283577	0.4298326462507248
0.0	0.0	0.0	0.0	0.0	0.0	0.0	0.0	0.0	0.0	0.0	0.0	0.0	0.0	0.0	0.0	0.0	0.0	0.0	0.0	0.0	0.45022444278001783	0.44083111137151715	0.4420887321233749	0.4396542772650719	0.4370079383254051	0.43203691244125364	0.4404987946152687	0.4346542939543725	0.44237684160470964	0.44096373915672304	0.4389606863260269	0.4329180151224137	0.42904909849166867	0.4375033646821975	0.4304805174469948	0.4361146464943886	0.43540733605623244	0.4246741205453872	0.4336024776101112	0.43332958221435547
0.0	0.0	0.0	0.0	0.0	0.0	0.0	0.0	0.0	0.0	0.0	0.0	0.0	0.0	0.0	0.0	0.0	0.0	0.0	0.0	0.0	0.448812834918499	0.4458219841122627	0.45531739592552184	0.43828843086957925	0.4411283552646637	0.4406177029013633	0.44082806855440143	0.42773660570383076	0.4407061174511909	0.4282975688576699	0.4363585606217384	0.4459347829222679	0.44440428465604787	0.43628843277692797	0.43357196599245074	0.434135989844799	0.4511283695697784	0.44107044041156773	0.43933568000793455	0.44118476957082753
0.0	0.0	0.0	0.0	0.0	0.0	0.0	0.0	0.0	0.0	0.0	0.0	0.0	0.0	0.0	0.0	0.0	0.0	0.0	0.0	0.0	0.4361817255616188	0.443192395567894	0.4458555266261101	0.4345429956912994	0.4456482037901879	0.44327166974544524	0.4361054942011833	0.4379027783870697	0.43060551136732106	0.4357259273529052	0.438700045645237	0.430314365029335	0.43971830755472185	0.4376801937818527	0.43519695848226553	0.42925947010517124	0.4367320239543914	0.4241329446434975	0.42946221381425864	0.4487808048725128
0.0	0.0	0.0	0.0	0.0	0.0	0.0	0.0	0.0	0.0	0.0	0.0	0.0	0.0	0.0	0.0	0.0	0.0	0.0	0.0	0.0	0.43044087737798686	0.4359134152531624	0.4462091788649559	0.4464408680796623	0.43603843897581096	0.4353128299117089	0.4354027688503265	0.442657347023487	0.4392106980085373	0.4347122207283973	0.4383158817887306	0.42319087237119674	0.42020459473133087	0.4376908764243126	0.43515276312828066	0.4426024630665779	0.42901251912117	0.4388158693909645	0.4335231795907021	0.43480215966701513
0.0	0.0	0.0	0.0	0.0	0.0	0.0	0.0	0.0	0.0	0.0	0.0	0.0	0.0	0.0	0.0	0.0	0.0	0.0	0.0	0.0	0.4387305036187172	0.43022897541522986	0.4349622085690498	0.4351695254445076	0.43481587916612624	0.43666801154613494	0.44289820045232775	0.43299728333950044	0.44254452437162395	0.4255521506071091	0.43230062574148176	0.4440871998667717	0.4307945236563682	0.43606434762477875	0.4185933157801628	0.4335018560290336	0.4394942283630371	0.4354484885931015	0.43853236287832253	0.4425552070140839
0.0	0.0	0.0	0.0	0.0	0.0	0.0	0.0	0.0	0.0	0.0	0.0	0.0	0.0	0.0	0.0	0.0	0.0	0.0	0.0	0.0	0.4392274424433708	0.4487808167934418	0.43272592425346373	0.4368981942534447	0.4424728721380234	0.4582793071866036	0.4326344668865204	0.43102624267339706	0.43438295871019367	0.4332655817270279	0.42656130194664	0.4400277644395828	0.43635702431201934	0.44209940284490584	0.4421725794672966	0.4316527545452118	0.42644850313663485	0.42526708990335466	0.44342103600502014	0.43236160129308704
0.0	0.0	0.0	0.0	0.0	0.0	0.0	0.0	0.0	0.0	0.0	0.0	0.0	0.0	0.0	0.0	0.0	0.0	0.0	0.0	0.0	0.4367426946759224	0.4403250142931938	0.4343875259160995	0.44942715764045715	0.43738599866628647	0.441184763610363	0.42729603946208955	0.43248049765825275	0.4442853882908821	0.42777014225721355	0.4446817293763161	0.4396832585334778	0.42640275955200196	0.43248049765825275	0.42942562848329546	0.44717869013547895	0.427815867960453	0.42653233259916307	0.4449515283107758	0.4361039757728577
0.0	0.0	0.0	0.0	0.0	0.0	0.0	0.0	0.0	0.0	0.0	0.0	0.0	0.0	0.0	0.0	0.0	0.0	0.0	0.0	0.0	0.429887518286705	0.43778386414051057	0.4531512513756752	0.42044697850942614	0.4339378193020821	0.43729911446571346	0.44260551780462265	0.43452928215265274	0.4403433129191398	0.4411421045660972	0.42788904458284377	0.4325567230582238	0.43021373152732856	0.4295155733823776	0.4345430076122284	0.44489208906888955	0.4394759237766266	0.4385521441698074	0.43719087094068526	0.43064057230949404
0.0	0.0	0.0	0.0	0.0	0.0	0.0	0.0	0.0	0.0	0.0	0.0	0.0	0.0	0.0	0.0	0.0	0.0	0.0	0.0	0.0	0.4444332420825958	0.4493844568729401	0.423375329375267	0.43955672830343245	0.4311070173978806	0.43177928477525707	0.4365445360541344	0.4338280752301216	0.43844393044710156	0.4356862932443619	0.44046526998281477	0.43572289049625396	0.4357183232903481	0.4365277618169785	0.4307792916893959	0.4432487860321999	0.4402670934796333	0.43864513784646986	0.4369896695017815	0.43666343241930006
0.0	0.0	0.0	0.0	0.0	0.0	0.0	0.0	0.0	0.0	0.0	0.0	0.0	0.0	0.0	0.0	0.0	0.0	0.0	0.0	0.0	0.4349927082657814	0.44995763897895813	0.43852319270372386	0.435174098610878	0.4396070450544357	0.4336786851286888	0.4388021379709244	0.4431100726127624	0.42659786939620975	0.4388204604387283	0.43113601058721546	0.42868173271417614	0.43382652699947355	0.43607045114040377	0.42749728262424475	0.44246832877397535	0.4389484912157059	0.42699574679136276	0.42850946485996244	0.44169239699840546
0.0	0.0	0.0	0.0	0.0	0.0	0.0	0.0	0.0	0.0	0.0	0.0	0.0	0.0	0.0	0.0	0.0	0.0	0.0	0.0	0.0	0.440291477739811	0.4442792907357216	0.4324866130948066	0.4378372177481651	0.4289637327194214	0.4325353935360909	0.4269042894244194	0.4318936258554459	0.435640561580658	0.4319454371929169	0.44252776801586147	0.42927167117595677	0.43325184434652325	0.43573813438415526	0.44136160463094704	0.42861467152833943	0.43312227725982666	0.4339820265769958	0.4399027526378632	0.4191527605056763
0.0	0.0	0.0	0.0	0.0	0.0	0.0	0.0	0.0	0.0	0.0	0.0	0.0	0.0	0.0	0.0	0.0	0.0	0.0	0.0	0.0	0.4457350820302963	0.4432106882333755	0.44465885162353513	0.4270292893052101	0.4373661756515502	0.4374454319477081	0.44283570051193233	0.44544697850942616	0.4316314131021499	0.42634788155555725	0.43230369836092	0.4380750164389611	0.4376725897192955	0.43161618113517763	0.4287122145295143	0.4286329343914986	0.43733263909816744	0.4450613021850586	0.4221680015325546	0.4406466603279114
0.0	0.0	0.0	0.0	0.0	0.0	0.0	0.0	0.0	0.0	0.0	0.0	0.0	0.0	0.0	0.0	0.0	0.0	0.0	0.0	0.0	0.43554604351520537	0.4420018717646599	0.4456588745117187	0.43977473378181464	0.4287899702787399	0.43531282991170883	0.43578079938888553	0.43866952210664745	0.43494086116552355	0.441244226694107	0.438027772307396	0.4310399621725083	0.43807046711444864	0.429443921148777	0.42735856324434285	0.4343387514352799	0.4445216566324234	0.4275902643799782	0.44019849598407745	0.4382929980754852
0.0	0.0	0.0	0.0	0.0	0.0	0.0	0.0	0.0	0.0	0.0	0.0	0.0	0.0	0.0	0.0	0.0	0.0	0.0	0.0	0.0	0.4352427259087563	0.4439957424998283	0.43052777945995335	0.43878691792488095	0.4427274629473686	0.43110397458076477	0.43909942358732224	0.4279195383191109	0.44477928429841995	0.4207335576415062	0.44207957983016966	0.43660246282815934	0.43451555669307707	0.4421055063605309	0.43319087475538254	0.44027471542358393	0.448193921148777	0.43098507821559906	0.42771527022123335	0.4304454386234284
0.0	0.0	0.0	0.0	0.0	0.0	0.0	0.0	0.0	0.0	0.0	0.0	0.0	0.0	0.0	0.0	0.0	0.0	0.0	0.0	0.0	0.44462836980819703	0.43138599842786784	0.4421710550785064	0.43082198053598403	0.4383753269910812	0.43855063170194625	0.44255365878343583	0.4312853768467903	0.4321009486913681	0.4516665086150169	0.4334363073110581	0.43098814487457277	0.429939329624176	0.43764666914939876	0.44354299902915956	0.4313097789883614	0.42405672520399096	0.43523508608341216	0.43752167522907254	0.43876251578331
0.0	0.0	0.0	0.0	0.0	0.0	0.0	0.0	0.0	0.0	0.0	0.0	0.0	0.0	0.0	0.0	0.0	0.0	0.0	0.0	0.0	0.4351192325353622	0.43391647189855576	0.43827775418758397	0.43816190659999843	0.44293629825115205	0.440338733792305	0.43733263909816744	0.4372244194149971	0.4356070309877395	0.43412989825010295	0.43582196980714794	0.43938293009996415	0.43252928406000135	0.4418189212679863	0.43719698041677474	0.44691040366888046	0.4330826371908188	0.4346573308110237	0.42964207381010056	0.44069544672966
0.0	0.0	0.0	0.0	0.0	0.0	0.0	0.0	0.0	0.0	0.0	0.0	0.0	0.0	0.0	0.0	0.0	0.0	0.0	0.0	0.0	0.4432807922363281	0.42531892508268354	0.42484636455774305	0.438320454955101	0.42692714929580694	0.44067258089780814	0.4296115919947624	0.44930521249771116	0.4329500153660774	0.44347897469997405	0.4403113067150116	0.4321085587143898	0.42025185674428944	0.4423143655061722	0.4357137501239777	0.44468630850315094	0.437468321621418	0.43484941571950914	0.4349881291389465	0.43641342669725425
0.0	0.0	0.0	0.0	0.0	0.0	0.0	0.0	0.0	0.0	0.0	0.0	0.0	0.0	0.0	0.0	0.0	0.0	0.0	0.0	0.0	0.43523660451173785	0.43420155048370357	0.44825948774814606	0.43496982455253597	0.43701404780149455	0.4474500253796578	0.43912074714899063	0.4426253229379654	0.43876404613256453	0.43167868107557295	0.43514666557312015	0.43823355287313465	0.44931434690952304	0.4452625393867493	0.42959179282188414	0.4329972833395004	0.43705063909292224	0.4444469913840294	0.4375369191169739	0.43215885758399963
0.0	0.0	0.0	0.0	0.0	0.0	0.0	0.0	0.0	0.0	0.0	0.0	0.0	0.0	0.0	0.0	0.0	0.0	0.0	0.0	0.0	0.43453385531902317	0.44983570575714116	0.4326954364776611	0.4314667850732803	0.44875643253326414	0.4267960518598557	0.4248021453619003	0.4370719686150551	0.4402991116046906	0.4382533818483353	0.43368781358003616	0.431404273211956	0.4373890414834023	0.4442960649728775	0.44150489121675485	0.4376710653305054	0.4486802130937576	0.43673965185880664	0.4380277663469315	0.4318036809563637
