0.0	0.0	0.0	0.0	0.0	0.0	0.0	0.0	0.0	0.0	0.0	0.0	0.0	0.0	0.0	0.0	0.0	0.0	0.0	0.0	0.0	0.4516085162758827	0.43250033259391785	0.4363722801208496	0.457713782787323	0.45460397005081177	0.44471830874681473	0.4558615908026695	0.4551680237054825	0.44641800224781036	0.45627326518297195	0.42711926996707916	0.45647137612104416	0.45540424436330795	0.4594820439815521	0.4538036957383156	0.4173859879374504	0.44323205947875977	0.4593752771615982	0.44581589847803116	0.4575689360499382
0.0	0.0	0.0	0.0	0.0	0.0	0.0	0.0	0.0	0.0	0.0	0.0	0.0	0.0	0.0	0.0	0.0	0.0	0.0	0.0	0.0	0.4482472687959671	0.4469667822122574	0.45596832782030106	0.44189056754112244	0.44410858303308487	0.4468829110264778	0.4506710469722748	0.4524850696325302	0.439908891916275	0.43311768025159836	0.4345277398824692	0.44414666295051575	0.4450003206729889	0.4449469670653343	0.4369972497224808	0.43509938567876816	0.45580826699733734	0.4656939283013344	0.4483158364892006	0.45665427297353745
0.0	0.0	0.0	0.0	0.0	0.0	0.0	0.0	0.0	0.0	0.0	0.0	0.0	0.0	0.0	0.0	0.0	0.0	0.0	0.0	0.0	0.4561893343925476	0.45710399746894836	0.45579302310943604	0.4318524971604347	0.45658570528030396	0.43995459377765656	0.43817102909088135	0.45208872854709625	0.46741651743650436	0.4427061155438423	0.4265018329024315	0.4563189074397087	0.4753662049770355	0.4472564160823822	0.4550993964076042	0.4663722813129425	0.44632650911808014	0.44760702550411224	0.4454195275902748	0.4504042789340019
0.0	0.0	0.0	0.0	0.0	0.0	0.0	0.0	0.0	0.0	0.0	0.0	0.0	0.0	0.0	0.0	0.0	0.0	0.0	0.0	0.0	0.4443601071834564	0.43729450553655624	0.4380338340997696	0.46637993305921555	0.4283692389726639	0.42616646736860275	0.42602168023586273	0.4439103826880455	0.46262234449386597	0.455960676074028	0.4476299211382866	0.4581405222415924	0.471928708255291	0.46750035881996155	0.459352470934391	0.44848351925611496	0.47256138920783997	0.44047288596630096	0.46011466532945633	0.43917715549468994
0.0	0.0	0.0	0.0	0.0	0.0	0.0	0.0	0.0	0.0	0.0	0.0	0.0	0.0	0.0	0.0	0.0	0.0	0.0	0.0	0.0	0.4468982145190239	0.4662732258439064	0.4508691877126694	0.469832643866539	0.4513494297862053	0.4547944888472557	0.44578538089990616	0.446105532348156	0.4520201310515404	0.41868171840906143	0.43620459735393524	0.4442838579416275	0.4567914381623268	0.4489104077219963	0.44154760986566544	0.4419591650366783	0.45647134631872177	0.4398859664797783	0.44064056873321533	0.42504604160785675
0.0	0.0	0.0	0.0	0.0	0.0	0.0	0.0	0.0	0.0	0.0	0.0	0.0	0.0	0.0	0.0	0.0	0.0	0.0	0.0	0.0	0.46381890028715134	0.44006889313459396	0.45395610481500626	0.45679911971092224	0.44882653653621674	0.4672640785574913	0.4408082515001297	0.44534333795309067	0.44577016681432724	0.444931723177433	0.4623326510190964	0.46054911613464355	0.4500003457069397	0.4489789754152298	0.4578280821442604	0.44130370765924454	0.4446573331952095	0.45711924135684967	0.42987073212862015	0.44549571722745895
0.0	0.0	0.0	0.0	0.0	0.0	0.0	0.0	0.0	0.0	0.0	0.0	0.0	0.0	0.0	0.0	0.0	0.0	0.0	0.0	0.0	0.45205824077129364	0.4533006176352501	0.4354195073246956	0.45073967427015305	0.44144849479198456	0.44414666295051575	0.4554271697998047	0.46116649359464645	0.45827771723270416	0.47380373626947403	0.45674579590559006	0.46272896230220795	0.4753204733133316	0.456219881772995	0.457134485244751	0.46054908633232117	0.4537808299064636	0.4260902479290962	0.4304805174469948	0.42978689074516296
0.0	0.0	0.0	0.0	0.0	0.0	0.0	0.0	0.0	0.0	0.0	0.0	0.0	0.0	0.0	0.0	0.0	0.0	0.0	0.0	0.0	0.45695921033620834	0.4596497267484665	0.43682965636253357	0.45286619663238525	0.43110551685094833	0.44432955980300903	0.4467000439763069	0.4452289491891861	0.46797291934490204	0.4697716683149338	0.44778233021497726	0.42112836241722107	0.4425460249185562	0.4445735216140747	0.456738144159317	0.4146420881152153	0.45017562061548233	0.4290933236479759	0.4114256575703621	0.43805672973394394
0.0	0.0	0.0	0.0	0.0	0.0	0.0	0.0	0.0	0.0	0.0	0.0	0.0	0.0	0.0	0.0	0.0	0.0	0.0	0.0	0.0	0.45756131410598755	0.44890278577804565	0.4604805186390877	0.4391847476363182	0.45743171125650406	0.47982507199048996	0.44932958483695984	0.42599116265773773	0.43146371841430664	0.44224879890680313	0.4444286748766899	0.42356738448143005	0.4328356683254242	0.44432955980300903	0.4210902526974678	0.44741644710302353	0.4186512306332588	0.43238600343465805	0.4364256039261818	0.42582353949546814
0.0	0.0	0.0	0.0	0.0	0.0	0.0	0.0	0.0	0.0	0.0	0.0	0.0	0.0	0.0	0.0	0.0	0.0	0.0	0.0	0.0	0.4398021548986435	0.44213446974754333	0.4338265508413315	0.4343295991420746	0.477904312312603	0.46204301714897156	0.4533311352133751	0.43913139402866364	0.46077780425548553	0.4439484626054764	0.4314332604408264	0.47352931648492813	0.4396878257393837	0.4686741977930069	0.4398326724767685	0.42800335586071014	0.4300384148955345	0.4319591447710991	0.42099881917238235	0.4453890398144722
0.0	0.0	0.0	0.0	0.0	0.0	0.0	0.0	0.0	0.0	0.0	0.0	0.0	0.0	0.0	0.0	0.0	0.0	0.0	0.0	0.0	0.4527594596147537	0.4688570648431778	0.4565856456756592	0.42722591757774353	0.45041193068027496	0.43868932127952576	0.4760521501302719	0.4602975621819496	0.4379195347428322	0.4516237899661064	0.4670582562685013	0.461044542491436	0.43360551446676254	0.43518325686454773	0.44283565878868103	0.4288722574710846	0.44081587344408035	0.4451146498322487	0.4290018603205681	0.43258414417505264
0.0	0.0	0.0	0.0	0.0	0.0	0.0	0.0	0.0	0.0	0.0	0.0	0.0	0.0	0.0	0.0	0.0	0.0	0.0	0.0	0.0	0.4855567142367363	0.4317609742283821	0.4493524506688118	0.4576299116015434	0.46974118053913116	0.4634149372577667	0.45868173986673355	0.4776451960206032	0.42082348465919495	0.4339027404785156	0.4703509658575058	0.4432244077324867	0.4643448442220688	0.43722593784332275	0.439535416662693	0.4485902860760689	0.4273936301469803	0.4317000284790993	0.440625324845314	0.45549579709768295
0.0	0.0	0.0	0.0	0.0	0.0	0.0	0.0	0.0	0.0	0.0	0.0	0.0	0.0	0.0	0.0	0.0	0.0	0.0	0.0	0.0	0.456387534737587	0.4496954381465912	0.4643601179122925	0.4738494083285332	0.47192105650901794	0.4482320249080658	0.45733268558979034	0.44346068799495697	0.44078538566827774	0.43020612746477127	0.45411616563796997	0.4683768227696419	0.46881895512342453	0.4555567130446434	0.43109024316072464	0.43426862359046936	0.4195582717657089	0.44177620857954025	0.4087274596095085	0.43860550969839096
0.0	0.0	0.0	0.0	0.0	0.0	0.0	0.0	0.0	0.0	0.0	0.0	0.0	0.0	0.0	0.0	0.0	0.0	0.0	0.0	0.0	0.4477061405777931	0.4371878281235695	0.4456024840474129	0.44987842440605164	0.45134180784225464	0.45304909348487854	0.45666951686143875	0.45884183049201965	0.44942867010831833	0.4456177279353142	0.449436292052269	0.4393829181790352	0.4502747058868408	0.41730979830026627	0.4159378185868263	0.45122747868299484	0.4451756551861763	0.4517686069011688	0.4377823695540428	0.43195152282714844
0.0	0.0	0.0	0.0	0.0	0.0	0.0	0.0	0.0	0.0	0.0	0.0	0.0	0.0	0.0	0.0	0.0	0.0	0.0	0.0	0.0	0.42129604518413544	0.44921525567770004	0.4743753522634506	0.43886468559503555	0.4774774834513664	0.45085397362709045	0.4717305079102516	0.4339713379740715	0.4504729062318802	0.4530033618211746	0.4513493999838829	0.44439059495925903	0.45054150372743607	0.4519363194704056	0.4130872115492821	0.44346068799495697	0.4031710624694824	0.4434759020805359	0.4218219891190529	0.4604118913412094
0.0	0.0	0.0	0.0	0.0	0.0	0.0	0.0	0.0	0.0	0.0	0.0	0.0	0.0	0.0	0.0	0.0	0.0	0.0	0.0	0.0	0.42757652699947357	0.4603738412261009	0.47384943813085556	0.4396420642733574	0.4597259759902954	0.44516803324222565	0.43047286570072174	0.4381558448076248	0.4387655705213547	0.4473097696900368	0.4392609968781471	0.4499393403530121	0.4247107058763504	0.4321192055940628	0.4282168000936508	0.4439255967736244	0.4110064208507538	0.4189409241080284	0.4184454381465912	0.43910855799913406
0.0	0.0	0.0	0.0	0.0	0.0	0.0	0.0	0.0	0.0	0.0	0.0	0.0	0.0	0.0	0.0	0.0	0.0	0.0	0.0	0.0	0.47727931290864944	0.43133414536714554	0.4330490827560425	0.45213446021080017	0.44314053654670715	0.4474088251590729	0.4789562001824379	0.4620659127831459	0.4354805126786232	0.4382396265864372	0.4232853725552559	0.4609835669398308	0.4224698543548584	0.42250796407461166	0.4253128096461296	0.4276070147752762	0.40626557171344757	0.4474164769053459	0.4240323230624199	0.4242762252688408
0.0	0.0	0.0	0.0	0.0	0.0	0.0	0.0	0.0	0.0	0.0	0.0	0.0	0.0	0.0	0.0	0.0	0.0	0.0	0.0	0.0	0.44835400581359863	0.45936012268066406	0.447546049952507	0.4577670767903328	0.4739409312605858	0.45403994619846344	0.44766800105571747	0.4463951364159584	0.4601908549666405	0.45772140473127365	0.44757653772830963	0.43621984124183655	0.43487072736024857	0.45494701713323593	0.47078538686037064	0.4471115991473198	0.4173555001616478	0.4597412198781967	0.44367410242557526	0.4665552079677582
0.0	0.0	0.0	0.0	0.0	0.0	0.0	0.0	0.0	0.0	0.0	0.0	0.0	0.0	0.0	0.0	0.0	0.0	0.0	0.0	0.0	0.42910853773355484	0.451478973031044	0.45085397362709045	0.438033863902092	0.4477594643831253	0.43557197600603104	0.45981740951538086	0.4745049551129341	0.4401908442378044	0.41862839460372925	0.4448859915137291	0.4357854202389717	0.4522106796503067	0.4344058185815811	0.4454881250858307	0.4421725496649742	0.4548250660300255	0.41578540951013565	0.42494698613882065	0.40971069037914276
0.0	0.0	0.0	0.0	0.0	0.0	0.0	0.0	0.0	0.0	0.0	0.0	0.0	0.0	0.0	0.0	0.0	0.0	0.0	0.0	0.0	0.4335597828030586	0.4576985090970993	0.4559606462717056	0.4714333117008209	0.44814056158065796	0.4716314524412155	0.4402061477303505	0.4602137506008148	0.4774851053953171	0.4416085258126259	0.43357502669095993	0.43017560988664627	0.44644851982593536	0.4393829479813576	0.42921527475118637	0.45467256754636765	0.441913403570652	0.462393656373024	0.42652469873428345	0.4263036623597145
0.0	0.0	0.0	0.0	0.0	0.0	0.0	0.0	0.0	0.0	0.0	0.0	0.0	0.0	0.0	0.0	0.0	0.0	0.0	0.0	0.0	0.43264514952898026	0.4517762288451195	0.4512198269367218	0.4543905556201935	0.4270887225866318	0.4495125114917755	0.45724113285541534	0.46891044825315475	0.4592000022530556	0.46063292771577835	0.40410856157541275	0.4409073665738106	0.43186771124601364	0.44817864149808884	0.43825487047433853	0.4389941990375519	0.4330490827560425	0.450594887137413	0.41891802847385406	0.45012226700782776
0.0	0.0	0.0	0.0	0.0	0.0	0.0	0.0	0.0	0.0	0.0	0.0	0.0	0.0	0.0	0.0	0.0	0.0	0.0	0.0	0.0	0.43630365282297134	0.449985072016716	0.4636360630393028	0.44237837195396423	0.4724927321076393	0.44157806783914566	0.4557700976729393	0.44599876552820206	0.44480977207422256	0.4496954381465912	0.4200689122080803	0.4264485090970993	0.4336283504962921	0.4298097863793373	0.41957348585128784	0.44502318650484085	0.45029760152101517	0.43415429443120956	0.4436969682574272	0.427523173391819
0.0	0.0	0.0	0.0	0.0	0.0	0.0	0.0	0.0	0.0	0.0	0.0	0.0	0.0	0.0	0.0	0.0	0.0	0.0	0.0	0.0	0.47017569094896317	0.4690247178077698	0.4788418114185333	0.4409911781549454	0.45428381860256195	0.4592381417751312	0.44211922585964203	0.42884939163923264	0.4446573331952095	0.439100906252861	0.4345506355166435	0.40600645542144775	0.43469542264938354	0.42695152759552	0.4117305055260658	0.44499269872903824	0.4611893594264984	0.4080796241760254	0.43746984004974365	0.43763749301433563
0.0	0.0	0.0	0.0	0.0	0.0	0.0	0.0	0.0	0.0	0.0	0.0	0.0	0.0	0.0	0.0	0.0	0.0	0.0	0.0	0.0	0.45689061284065247	0.44503843039274216	0.46445152163505554	0.46009179949760437	0.47355974465608597	0.44393324851989746	0.46178387105464935	0.4511207416653633	0.41417714953422546	0.4339332580566406	0.4184759259223938	0.4592534154653549	0.4311969503760338	0.43574728071689606	0.46740124374628067	0.42987076193094254	0.44591495394706726	0.42965731769800186	0.4546573534607887	0.46027472615242004
0.0	0.0	0.0	0.0	0.0	0.0	0.0	0.0	0.0	0.0	0.0	0.0	0.0	0.0	0.0	0.0	0.0	0.0	0.0	0.0	0.0	0.4753890708088875	0.45874274522066116	0.42876555025577545	0.46316341310739517	0.4552975967526436	0.42586158961057663	0.4415856599807739	0.4487351030111313	0.4351603612303734	0.43932197242975235	0.44211163371801376	0.42158573865890503	0.4450002908706665	0.43143323063850403	0.4200003147125244	0.43082350492477417	0.47554147988557816	0.4289332330226898	0.41989360749721527	0.4569668024778366
0.0	0.0	0.0	0.0	0.0	0.0	0.0	0.0	0.0	0.0	0.0	0.0	0.0	0.0	0.0	0.0	0.0	0.0	0.0	0.0	0.0	0.4407472461462021	0.461555153131485	0.45533573627471924	0.44875796884298325	0.4487351030111313	0.44871220737695694	0.43379606306552887	0.4663037434220314	0.44401708990335464	0.4263570159673691	0.4310978949069977	0.4127442240715027	0.40827776491642	0.4324089288711548	0.4499012604355812	0.4600689336657524	0.4427594393491745	0.4601832628250122	0.439474381506443	0.4346344470977783
0.0	0.0	0.0	0.0	0.0	0.0	0.0	0.0	0.0	0.0	0.0	0.0	0.0	0.0	0.0	0.0	0.0	0.0	0.0	0.0	0.0	0.45473354309797287	0.41230977326631546	0.4469362646341324	0.46855974942445755	0.4414409026503563	0.44558724015951157	0.4470277577638626	0.41439056396484375	0.4272106736898422	0.4398554787039757	0.43521371483802795	0.4366009086370468	0.41336922347545624	0.4353052079677582	0.4020735025405884	0.4201146736741066	0.44272901117801666	0.42590732127428055	0.40545764565467834	0.457103967666626
0.0	0.0	0.0	0.0	0.0	0.0	0.0	0.0	0.0	0.0	0.0	0.0	0.0	0.0	0.0	0.0	0.0	0.0	0.0	0.0	0.0	0.442660354077816	0.4522792771458626	0.4543067142367363	0.4326527416706085	0.4615551829338074	0.4536054953932762	0.4472411423921585	0.4418753534555435	0.4284530505537987	0.4215475991368294	0.4358159080147743	0.4437960833311081	0.44759178161621094	0.4584759473800659	0.4533616229891777	0.43165429681539536	0.43178386986255646	0.4456329122185707	0.44630367308855057	0.44164666533470154
0.0	0.0	0.0	0.0	0.0	0.0	0.0	0.0	0.0	0.0	0.0	0.0	0.0	0.0	0.0	0.0	0.0	0.0	0.0	0.0	0.0	0.44760702550411224	0.4460064470767975	0.4530872330069542	0.4612274691462517	0.43982499092817307	0.43505365401506424	0.40402472019195557	0.4208615943789482	0.46764517575502396	0.4207930266857147	0.4486055299639702	0.4466848000884056	0.436486579477787	0.4290628060698509	0.4282548800110817	0.45711924135684967	0.42975640296936035	0.42192866653203964	0.4391085281968117	0.4205719605088234
0.0	0.0	0.0	0.0	0.0	0.0	0.0	0.0	0.0	0.0	0.0	0.0	0.0	0.0	0.0	0.0	0.0	0.0	0.0	0.0	0.0	0.4334683194756508	0.43683724850416183	0.48226406425237656	0.4251680225133896	0.451852448284626	0.4440551996231079	0.44596071541309357	0.44499269872903824	0.42277470231056213	0.44756894558668137	0.4146954417228699	0.4159912019968033	0.4578661620616913	0.43209636956453323	0.42288143932819366	0.457507960498333	0.45611314475536346	0.44526708871126175	0.41684485971927643	0.4323326498270035
0.0	0.0	0.0	0.0	0.0	0.0	0.0	0.0	0.0	0.0	0.0	0.0	0.0	0.0	0.0	0.0	0.0	0.0	0.0	0.0	0.0	0.44812528789043427	0.4658234715461731	0.43867410719394684	0.46668481081724167	0.4231710433959961	0.41900184005498886	0.41971830278635025	0.4353204518556595	0.4369896277785301	0.43808721750974655	0.4238875061273575	0.4374317303299904	0.449642114341259	0.4380795955657959	0.4103662073612213	0.44051099568605423	0.4251375049352646	0.4266923815011978	0.4237350672483444	0.4362426772713661
0.0	0.0	0.0	0.0	0.0	0.0	0.0	0.0	0.0	0.0	0.0	0.0	0.0	0.0	0.0	0.0	0.0	0.0	0.0	0.0	0.0	0.4519820213317871	0.48219549655914307	0.43593020737171173	0.4499851018190384	0.43911615014076233	0.44221071898937225	0.44301096349954605	0.4461054727435112	0.4473554715514183	0.45320918411016464	0.4239484816789627	0.4410369098186493	0.4431481584906578	0.4443372115492821	0.45487841963768005	0.44490888714790344	0.442111574113369	0.4246649742126465	0.40884941071271896	0.442485049366951
0.0	0.0	0.0	0.0	0.0	0.0	0.0	0.0	0.0	0.0	0.0	0.0	0.0	0.0	0.0	0.0	0.0	0.0	0.0	0.0	0.0	0.46168478578329086	0.4386054798960686	0.44835400581359863	0.44997745007276535	0.4442381262779236	0.4301832616329193	0.4142381250858307	0.432439386844635	0.43877319246530533	0.43119698017835617	0.4480872377753258	0.41201251745224	0.41809482872486115	0.4137122109532356	0.43568627536296844	0.42421527951955795	0.4179576337337494	0.442515566945076	0.43173810839653015	0.42605216801166534
0.0	0.0	0.0	0.0	0.0	0.0	0.0	0.0	0.0	0.0	0.0	0.0	0.0	0.0	0.0	0.0	0.0	0.0	0.0	0.0	0.0	0.44702016562223434	0.44034331291913986	0.46237073093652725	0.4395582526922226	0.4422030672430992	0.43381889909505844	0.452081136405468	0.42978689074516296	0.4246192127466202	0.40945154428482056	0.4326223134994507	0.4534607082605362	0.4417991042137146	0.43443630635738373	0.4099774584174156	0.4416695013642311	0.43686770647764206	0.4555719569325447	0.4310445114970207	0.4249545782804489
0.0	0.0	0.0	0.0	0.0	0.0	0.0	0.0	0.0	0.0	0.0	0.0	0.0	0.0	0.0	0.0	0.0	0.0	0.0	0.0	0.0	0.44146373867988586	0.4707091972231865	0.46365124732255936	0.4495583027601242	0.4162503182888031	0.4389866068959236	0.43952014297246933	0.4502747058868408	0.4325460344552994	0.44502318650484085	0.43142563849687576	0.42332348227500916	0.4228433296084404	0.44249270111322403	0.4204271733760834	0.42642564326524734	0.4523554965853691	0.43073201179504395	0.44744696468114853	0.451821930706501
0.0	0.0	0.0	0.0	0.0	0.0	0.0	0.0	0.0	0.0	0.0	0.0	0.0	0.0	0.0	0.0	0.0	0.0	0.0	0.0	0.0	0.457340307533741	0.4563722312450409	0.42849119007587433	0.4388417899608612	0.45010702311992645	0.45022138208150864	0.4363722801208496	0.4265323206782341	0.4283692091703415	0.42298052459955215	0.4547487869858742	0.4446726068854332	0.4214332401752472	0.43987837433815	0.41702013462781906	0.41640275716781616	0.44526705890893936	0.44281279295682907	0.43448206782341003	0.43074728548526764
0.0	0.0	0.0	0.0	0.0	0.0	0.0	0.0	0.0	0.0	0.0	0.0	0.0	0.0	0.0	0.0	0.0	0.0	0.0	0.0	0.0	0.4417076110839844	0.4425612986087799	0.44239361584186554	0.447370745241642	0.4360063970088959	0.44609785079956055	0.44573964923620224	0.43227164447307587	0.4474165067076683	0.4728509932756424	0.4413875490427017	0.43568627536296844	0.4266466498374939	0.43774423003196716	0.42353689670562744	0.4371420666575432	0.4265475645661354	0.43711160868406296	0.42554908990859985	0.4538798853754997
0.0	0.0	0.0	0.0	0.0	0.0	0.0	0.0	0.0	0.0	0.0	0.0	0.0	0.0	0.0	0.0	0.0	0.0	0.0	0.0	0.0	0.46415426582098007	0.4267304912209511	0.44658568501472473	0.4285597577691078	0.4461055025458336	0.4337960332632065	0.4263189062476158	0.44011465460062027	0.46949730813503265	0.43109792470932007	0.4589180201292038	0.44180672615766525	0.42836158722639084	0.43583109229803085	0.45563293248414993	0.4605110064148903	0.4285597577691078	0.43008414655923843	0.42615122348070145	0.4355948120355606
0.0	0.0	0.0	0.0	0.0	0.0	0.0	0.0	0.0	0.0	0.0	0.0	0.0	0.0	0.0	0.0	0.0	0.0	0.0	0.0	0.0	0.4595734477043152	0.4351451173424721	0.4393448382616043	0.43205825984477997	0.43425334990024567	0.4272106736898422	0.44124267250299454	0.4456177279353142	0.4277366176247597	0.4502975717186928	0.43693630397319794	0.42189817875623703	0.41282809525728226	0.4645735025405884	0.4304652735590935	0.45929914712905884	0.41157806664705276	0.4323250278830528	0.4345582574605942	0.42750033736228943
0.0	0.0	0.0	0.0	0.0	0.0	0.0	0.0	0.0	0.0	0.0	0.0	0.0	0.0	0.0	0.0	0.0	0.0	0.0	0.0	0.0	0.44708873331546783	0.4271192401647568	0.42384177446365356	0.4370887130498886	0.4366847798228264	0.4660826772451401	0.453575037419796	0.4532320499420166	0.419108547270298	0.4254271388053894	0.4335140213370323	0.4523860141634941	0.4476832449436188	0.44538144767284393	0.41523659974336624	0.4365704506635666	0.44878842681646347	0.44057203084230423	0.4508083015680313	0.4359835311770439
0.0	0.0	0.0	0.0	0.0	0.0	0.0	0.0	0.0	0.0	0.0	0.0	0.0	0.0	0.0	0.0	0.0	0.0	0.0	0.0	0.0	0.44101404398679733	0.44663141667842865	0.4423707500100136	0.4314332604408264	0.4649393558502197	0.42587683349847794	0.4251679927110672	0.43808718770742416	0.44778236001729965	0.4283997267484665	0.4533158615231514	0.43157804757356644	0.4428356885910034	0.4534149765968323	0.4284454584121704	0.4350917637348175	0.46100640296936035	0.4250079616904259	0.43923813104629517	0.43920767307281494
