15.033333333333333	26.766666666666666	44.766666666666666	32.33333333333333	69.2	96.1	115.83333333333333	147.6	169.16666666666669	156.03333333333333	163.73333333333332	146.1	151.60000000000002	174.73333333333335	220.63333333333333	227.8	212.46666666666667	250.83333333333334	228.66666666666666	221.4333333333333	220.93333333333334	500.0	500.0	500.0	500.0	500.0	500.0	442.9666666666667	228.46666666666664	214.03333333333336	235.26666666666665	249.60000000000002	213.26666666666665	256.4666666666667	219.3	249.53333333333333	262.8	243.03333333333336	298.2	234.5666666666667	271.06666666666666
15.0	25.133333333333333	29.533333333333335	41.93333333333334	54.5	88.83333333333333	85.63333333333334	156.33333333333331	194.5	97.06666666666666	210.73333333333335	174.50000000000003	213.43333333333334	197.53333333333333	250.8	265.0333333333333	227.43333333333334	208.13333333333333	199.1	243.46666666666667	492.6	500.0	500.0	500.0	500.0	500.0	500.0	386.73333333333335	214.50000000000003	250.0333333333333	242.10000000000002	199.93333333333334	284.26666666666665	240.66666666666666	213.0333333333333	220.79999999999998	213.73333333333335	214.63333333333333	214.13333333333333	214.16666666666666	70.03333333333333
14.933333333333334	25.800000000000004	36.6	58.333333333333336	95.30000000000001	99.86666666666666	114.86666666666667	116.23333333333333	143.66666666666666	142.4	166.43333333333334	190.76666666666668	182.13333333333333	219.6	152.23333333333332	233.1333333333333	177.1	206.4	273.16666666666663	237.76666666666665	500.0	500.0	500.0	500.0	500.0	500.0	500.0	343.19999999999993	236.53333333333333	220.3	207.5	255.1	232.63333333333333	198.9666666666667	242.46666666666667	263.6666666666667	240.93333333333334	277.5	235.73333333333335	70.60000000000001	69.13333333333334
14.033333333333331	34.5	30.766666666666666	40.93333333333333	54.166666666666664	81.30000000000001	99.4	102.13333333333334	141.4	143.26666666666668	195.83333333333331	136.96666666666667	183.13333333333333	203.5	229.29999999999998	221.13333333333335	242.6	220.83333333333334	273.73333333333335	500.0	500.0	500.0	500.0	500.0	500.0	500.0	492.76666666666665	300.1333333333333	205.99999999999997	228.89999999999998	212.66666666666666	204.53333333333336	257.23333333333335	220.2	213.43333333333334	165.43333333333334	242.46666666666667	184.23333333333332	71.4	70.23333333333333	69.5
14.166666666666664	40.43333333333333	27.433333333333334	33.766666666666666	61.86666666666667	50.733333333333334	77.96666666666667	102.36666666666667	141.93333333333334	135.73333333333332	173.83333333333331	174.6	195.36666666666667	241.36666666666667	256.8	219.76666666666665	243.10000000000002	235.86666666666667	229.16666666666666	500.0	500.0	500.0	500.0	500.0	500.0	500.0	492.8	237.33333333333334	242.43333333333334	186.0333333333333	248.5	255.36666666666665	242.33333333333334	249.06666666666666	242.83333333333331	241.13333333333333	284.73333333333335	69.76666666666667	69.66666666666666	69.19999999999999	69.2
15.233333333333334	31.53333333333333	29.4	65.19999999999999	79.76666666666665	61.49999999999999	115.53333333333333	102.5	134.89999999999998	164.96666666666664	195.06666666666666	219.66666666666669	204.0666666666667	220.6	189.63333333333335	207.56666666666666	190.86666666666667	227.33333333333334	500.0	500.0	500.0	500.0	500.0	500.0	500.0	500.0	428.8666666666667	235.4	200.46666666666664	214.73333333333335	241.16666666666669	242.4	236.23333333333332	263.59999999999997	227.86666666666665	228.0	70.46666666666665	72.23333333333333	69.43333333333334	70.5	70.4
15.466666666666667	31.099999999999998	29.233333333333334	66.93333333333334	53.56666666666666	121.86666666666667	131.33333333333334	118.9	180.33333333333331	171.89999999999998	188.7	182.43333333333334	197.73333333333335	211.90000000000003	243.3	248.33333333333334	221.70000000000002	279.7	492.7	500.0	500.0	500.0	500.0	500.0	500.0	493.23333333333335	216.16666666666669	235.8	272.06666666666666	213.5	213.0	250.06666666666666	221.3	163.13333333333333	242.43333333333337	71.7	68.33333333333333	68.96666666666667	69.93333333333334	69.16666666666667	71.73333333333333
12.0	30.9	53.2	34.36666666666667	79.73333333333333	97.83333333333333	83.76666666666667	133.3	156.7	172.53333333333333	150.96666666666667	196.63333333333335	249.33333333333334	213.2	265.2	252.03333333333336	235.86666666666667	500.0	500.0	500.0	500.0	500.0	500.0	500.0	500.0	231.83333333333331	237.96666666666667	213.0666666666667	234.60000000000002	242.4	226.43333333333334	270.06666666666666	271.4666666666667	220.7	69.5	71.43333333333334	69.9	70.26666666666667	70.63333333333334	70.86666666666667	68.10000000000001
15.333333333333334	46.06666666666667	25.333333333333332	59.63333333333334	49.56666666666667	68.1	107.36666666666666	96.03333333333335	148.13333333333333	126.7	181.3	160.1	204.76666666666665	234.46666666666667	207.20000000000002	178.06666666666666	234.26666666666665	500.0	500.0	500.0	500.0	500.0	500.0	500.0	500.0	274.1	208.86666666666667	222.60000000000002	263.8	248.49999999999994	299.26666666666665	219.8	235.43333333333334	70.1	72.46666666666667	68.8	69.86666666666667	71.2	69.23333333333333	68.06666666666666	70.39999999999999
15.666666666666668	36.400000000000006	26.433333333333334	43.66666666666666	65.26666666666665	68.26666666666668	95.36666666666666	147.8	177.83333333333331	119.06666666666666	141.66666666666666	227.36666666666667	206.3	197.89999999999998	219.7	234.70000000000005	500.0	500.0	500.0	500.0	500.0	500.0	500.0	500.0	260.70000000000005	230.13333333333333	212.83333333333331	221.63333333333333	256.8333333333333	263.5	219.73333333333335	242.86666666666667	69.16666666666667	69.5	71.33333333333333	70.93333333333334	69.1	68.4	70.13333333333334	70.43333333333334	69.76666666666667
14.666666666666666	22.233333333333334	35.86666666666666	58.93333333333334	79.06666666666666	75.23333333333333	107.50000000000001	153.76666666666665	164.39999999999998	157.56666666666666	172.86666666666667	232.96666666666664	211.26666666666668	219.4666666666667	213.03333333333333	228.13333333333333	500.0	500.0	500.0	500.0	500.0	500.0	500.0	423.96666666666664	219.56666666666666	265.79999999999995	207.66666666666669	228.29999999999998	213.96666666666667	264.0	191.36666666666667	69.56666666666668	70.5	68.86666666666666	71.83333333333333	71.16666666666666	70.5	68.73333333333333	70.36666666666666	68.86666666666666	69.56666666666666
14.600000000000001	27.166666666666668	27.099999999999998	50.6	80.7	120.4	124.06666666666668	133.8	186.13333333333333	194.33333333333334	195.93333333333334	151.29999999999998	210.7	212.26666666666668	219.93333333333334	500.0	491.8	492.6	500.0	500.0	500.0	500.0	472.26666666666665	202.46666666666667	238.8	207.96666666666667	278.20000000000005	251.26666666666665	213.86666666666667	219.93333333333334	70.66666666666667	70.2	69.1	70.16666666666667	69.83333333333333	71.60000000000001	70.43333333333334	68.13333333333334	70.36666666666667	70.33333333333333	69.39999999999999
15.900000000000002	18.733333333333334	35.1	49.666666666666664	48.099999999999994	89.29999999999998	99.3	117.56666666666666	133.83333333333334	172.13333333333335	188.86666666666665	182.4	218.6	249.96666666666664	234.53333333333333	500.0	492.76666666666665	500.0	500.0	500.0	500.0	500.0	269.0	261.46666666666664	209.6	228.4333333333333	250.10000000000002	227.16666666666669	229.23333333333335	70.16666666666667	70.53333333333333	71.23333333333333	67.93333333333334	69.46666666666667	70.0	70.66666666666666	71.1	71.06666666666666	68.9	69.56666666666666	69.86666666666667
15.933333333333334	18.333333333333336	33.06666666666667	42.2	97.1	90.86666666666667	138.76666666666668	155.33333333333331	97.7	135.7	246.7	255.8	211.76666666666665	211.6	500.0	500.0	500.0	500.0	500.0	500.0	500.0	458.7	237.16666666666666	259.6333333333333	215.3	263.66666666666663	257.1333333333333	235.00000000000003	70.73333333333333	70.1	71.6	70.8	69.36666666666666	70.19999999999999	69.0	70.43333333333334	70.89999999999999	69.46666666666667	71.03333333333333	68.03333333333333	70.1
14.233333333333333	28.4	42.9	73.13333333333334	125.03333333333333	108.29999999999998	131.46666666666667	193.6	150.86666666666667	202.33333333333331	136.3	211.43333333333334	182.86666666666667	234.60000000000002	500.0	500.0	500.0	500.0	500.0	500.0	493.6	262.8	246.46666666666664	252.0	215.76666666666668	250.03333333333336	213.96666666666667	70.43333333333332	71.8	70.43333333333334	69.5	69.93333333333334	70.23333333333333	70.96666666666667	70.83333333333333	70.69999999999999	70.43333333333332	69.76666666666667	68.43333333333334	70.43333333333334	68.93333333333332
16.833333333333336	18.533333333333335	23.96666666666667	58.43333333333334	88.60000000000001	113.16666666666667	123.03333333333333	102.60000000000001	178.46666666666667	186.6333333333333	218.53333333333333	225.03333333333333	182.13333333333335	500.0	500.0	500.0	500.0	500.0	500.0	485.7	282.8666666666667	221.26666666666665	237.7666666666667	195.70000000000002	229.5	284.33333333333337	71.9	73.5	70.23333333333333	70.3	69.53333333333335	70.66666666666667	68.33333333333334	70.6	72.8	71.46666666666667	71.60000000000001	68.63333333333333	69.83333333333334	69.6	71.73333333333333
15.3	18.366666666666667	32.5	57.93333333333334	94.70000000000002	90.86666666666667	145.93333333333334	148.56666666666666	215.86666666666667	165.63333333333333	210.6	226.13333333333333	218.20000000000002	500.0	500.0	500.0	500.0	500.0	432.29999999999995	289.3333333333333	233.76666666666668	247.46666666666667	287.46666666666664	244.73333333333335	243.13333333333333	70.36666666666667	70.83333333333333	71.43333333333334	71.4	68.4	71.53333333333333	70.36666666666667	72.06666666666666	69.9	69.46666666666667	69.5	70.16666666666666	72.33333333333334	70.16666666666667	69.76666666666667	69.56666666666666
16.733333333333334	17.6	32.86666666666667	67.2	78.83333333333334	121.53333333333335	145.46666666666667	170.83333333333334	157.8	173.26666666666668	194.63333333333333	204.9	500.0	500.0	500.0	500.0	500.0	500.0	305.46666666666664	229.46666666666667	277.06666666666666	238.9666666666667	209.6	228.16666666666666	71.66666666666667	71.8	72.1	70.46666666666667	71.23333333333333	71.13333333333333	69.8	68.23333333333333	69.5	71.46666666666667	71.3	69.2	70.23333333333333	72.96666666666667	69.7	68.53333333333333	70.6
17.099999999999998	24.7	24.666666666666668	57.099999999999994	49.96666666666667	121.0	147.06666666666666	95.73333333333333	187.5	194.86666666666665	121.5	217.96666666666667	500.0	500.0	500.0	500.0	500.0	390.43333333333334	252.36666666666665	227.39999999999998	246.79999999999995	287.4333333333334	265.76666666666665	73.63333333333334	71.86666666666666	70.86666666666666	70.19999999999999	69.46666666666667	69.83333333333333	69.96666666666667	68.83333333333333	69.03333333333333	71.56666666666666	68.9	70.96666666666667	70.39999999999999	69.86666666666667	69.0	70.4	67.56666666666666	69.8
16.033333333333335	18.633333333333333	31.666666666666668	67.3	128.0	101.46666666666665	161.9	177.1	194.56666666666666	173.39999999999998	166.23333333333335	500.0	500.0	500.0	500.0	500.0	343.8333333333333	210.93333333333334	215.16666666666666	218.26666666666668	167.2	222.93333333333334	72.96666666666667	73.2	71.93333333333334	72.03333333333333	71.46666666666667	70.53333333333335	69.43333333333334	70.5	70.93333333333332	69.5	69.33333333333333	71.56666666666668	69.16666666666667	68.76666666666667	69.43333333333332	69.43333333333332	71.53333333333333	70.43333333333334	69.7
15.399999999999999	17.666666666666668	23.700000000000003	67.6	111.63333333333333	111.73333333333332	139.56666666666666	217.66666666666669	172.26666666666668	180.1	224.83333333333334	500.0	500.0	500.0	500.0	500.0	283.66666666666663	223.86666666666667	206.53333333333333	251.43333333333334	266.9	74.06666666666666	72.43333333333332	71.83333333333334	71.96666666666667	71.13333333333334	71.43333333333332	70.93333333333332	70.2	69.33333333333333	71.19999999999999	68.8	74.66666666666667	70.93333333333334	71.23333333333332	69.4	69.33333333333333	69.83333333333334	70.83333333333334	69.63333333333333	68.23333333333333
13.833333333333336	17.233333333333334	30.933333333333334	66.76666666666667	72.33333333333333	136.56666666666666	161.6	162.86666666666667	187.0	180.26666666666668	500.0	500.0	500.0	500.0	500.0	263.8666666666667	252.43333333333334	255.73333333333335	218.20000000000002	267.1333333333333	75.03333333333333	76.2	71.33333333333334	73.0	70.83333333333333	70.96666666666667	70.66666666666666	71.0	69.6	70.1	68.6	69.76666666666668	70.5	72.0	68.89999999999999	72.56666666666666	70.6	69.76666666666667	70.4	70.53333333333333	67.5
13.7	18.3	26.43333333333333	57.16666666666667	104.43333333333334	121.43333333333334	137.96666666666667	215.7	224.09999999999997	500.0	500.0	500.0	500.0	500.0	235.0	233.5	235.2	282.8666666666667	76.66666666666667	78.73333333333333	74.39999999999999	74.93333333333334	72.26666666666668	72.43333333333334	71.13333333333333	70.66666666666667	71.86666666666666	68.5	71.36666666666666	71.26666666666667	67.93333333333332	68.96666666666667	70.33333333333334	69.76666666666667	70.43333333333334	69.63333333333334	71.13333333333334	69.53333333333333	68.66666666666667	69.23333333333333	69.86666666666667
15.566666666666666	17.8	40.93333333333334	54.0	80.23333333333332	136.43333333333334	153.96666666666667	153.93333333333334	187.23333333333335	500.0	500.0	500.0	500.0	231.16666666666669	267.93333333333334	201.36666666666667	219.93333333333334	267.5666666666667	75.36666666666667	74.76666666666667	73.73333333333333	72.63333333333333	72.10000000000001	69.83333333333333	70.2	70.36666666666666	68.33333333333333	70.89999999999999	70.5	70.63333333333334	69.73333333333333	70.73333333333333	71.13333333333334	68.86666666666666	69.0	68.19999999999999	70.13333333333333	70.43333333333334	69.56666666666666	70.16666666666667	71.26666666666667
16.5	17.866666666666667	43.0	74.23333333333333	95.33333333333333	62.43333333333334	146.70000000000002	185.96666666666667	185.33333333333331	500.0	500.0	500.0	479.03333333333336	233.5	207.56666666666663	212.86666666666667	255.3	77.36666666666666	75.43333333333334	74.83333333333334	73.33333333333333	74.63333333333333	73.36666666666666	72.13333333333334	72.66666666666667	70.6	70.26666666666667	72.06666666666668	73.73333333333333	70.2	70.26666666666667	71.03333333333333	70.23333333333333	70.16666666666667	70.63333333333333	69.83333333333333	68.66666666666667	70.26666666666667	69.19999999999999	71.63333333333334	70.06666666666668
16.2	25.166666666666668	34.4	45.43333333333334	125.53333333333333	105.6	132.83333333333334	177.36666666666667	500.0	500.0	500.0	399.0666666666666	221.9	258.2333333333333	230.39999999999998	269.26666666666665	79.33333333333333	76.76666666666667	74.83333333333333	73.56666666666666	73.33333333333333	73.9	72.60000000000001	70.6	69.83333333333333	69.1	70.86666666666667	70.4	71.56666666666668	69.89999999999999	68.4	71.0	71.16666666666667	70.7	69.63333333333333	69.23333333333333	70.30000000000001	70.9	68.83333333333333	70.66666666666667	68.93333333333334
15.266666666666667	17.733333333333334	31.599999999999998	107.0	111.23333333333333	167.26666666666668	152.8	156.4	500.0	491.9	500.0	196.33333333333337	212.63333333333333	186.06666666666666	220.89999999999998	77.73333333333333	77.66666666666666	75.86666666666666	74.0	74.56666666666666	74.93333333333334	73.63333333333333	72.60000000000001	72.53333333333333	70.73333333333332	72.89999999999999	72.36666666666667	71.16666666666666	69.93333333333334	68.93333333333334	69.03333333333333	68.03333333333335	68.56666666666666	70.76666666666667	72.1	69.86666666666666	70.1	69.6	71.06666666666666	71.30000000000001	70.2
14.600000000000001	17.5	41.83333333333333	67.56666666666666	88.96666666666667	122.46666666666667	168.73333333333332	500.0	500.0	379.1666666666667	271.4666666666667	241.13333333333333	230.56666666666666	80.13333333333333	79.80000000000001	80.06666666666668	77.06666666666666	75.43333333333334	75.1	73.9	74.1	71.13333333333333	72.83333333333333	70.06666666666666	71.3	71.06666666666666	70.83333333333333	70.56666666666668	71.66666666666666	69.63333333333334	68.83333333333334	71.5	70.1	70.66666666666667	70.83333333333334	70.0	70.4	70.16666666666667	68.6	71.03333333333333	70.93333333333334
15.466666666666667	16.133333333333333	34.1	67.16666666666666	66.76666666666667	137.4	162.46666666666667	500.0	500.0	231.20000000000002	209.56666666666666	199.46666666666667	188.86666666666667	81.23333333333332	80.0	80.06666666666668	76.33333333333333	77.56666666666666	74.26666666666667	74.03333333333333	72.36666666666667	73.19999999999999	72.7	71.96666666666667	73.33333333333333	71.7	71.26666666666667	71.6	70.23333333333333	69.76666666666667	70.66666666666667	70.2	70.16666666666666	70.16666666666669	70.96666666666667	70.0	71.63333333333334	68.53333333333333	71.3	68.83333333333333	70.16666666666667
14.600000000000001	16.46666666666667	59.166666666666664	60.9	142.4	106.06666666666668	500.0	492.9666666666667	235.06666666666666	191.16666666666666	255.86666666666667	272.76666666666665	82.53333333333333	82.43333333333331	76.66666666666667	77.5	75.73333333333333	75.0	74.56666666666666	72.83333333333333	73.83333333333334	71.83333333333333	72.60000000000001	70.53333333333333	70.43333333333334	73.8	69.76666666666667	69.6	71.4	68.93333333333334	69.7	70.36666666666667	70.46666666666667	70.36666666666666	70.33333333333333	70.8	67.30000000000001	69.33333333333333	69.86666666666667	69.16666666666666	71.16666666666667
14.633333333333333	16.666666666666664	52.00000000000001	68.86666666666667	181.63333333333335	152.8	500.0	265.2333333333333	213.8	244.53333333333333	184.2	86.66666666666666	81.66666666666666	77.86666666666667	79.0	75.1	75.83333333333334	74.36666666666667	77.0	71.53333333333332	73.53333333333333	69.96666666666667	72.23333333333333	71.8	72.33333333333334	72.3	72.36666666666666	69.63333333333333	69.8	70.13333333333333	69.1	69.73333333333333	69.46666666666667	70.03333333333333	72.6	70.23333333333333	69.9	69.7	68.33333333333334	68.8	69.26666666666667
14.633333333333333	16.333333333333336	90.06666666666668	106.7	113.5	491.76666666666665	279.4	256.76666666666665	206.8	91.66666666666666	85.30000000000001	84.36666666666666	81.5	80.46666666666667	78.7	77.06666666666666	76.60000000000001	74.93333333333334	73.06666666666666	73.36666666666667	73.63333333333333	73.39999999999999	70.76666666666667	73.06666666666666	73.33333333333333	72.6	69.43333333333334	71.33333333333333	71.06666666666668	70.86666666666666	68.46666666666667	68.89999999999999	70.2	70.3	71.8	69.0	68.86666666666667	68.06666666666666	70.19999999999999	68.7	70.7
15.933333333333334	24.8	75.8	93.06666666666666	500.0	271.9	212.63333333333333	245.20000000000002	91.23333333333332	89.13333333333333	84.36666666666667	83.29999999999998	80.63333333333334	78.96666666666667	75.63333333333334	74.63333333333334	73.5	74.16666666666666	72.36666666666667	73.96666666666667	74.26666666666667	71.96666666666667	71.33333333333333	71.43333333333334	71.96666666666667	70.93333333333334	72.4	71.0	69.46666666666667	71.9	70.96666666666667	70.36666666666666	70.56666666666666	70.03333333333333	71.36666666666666	70.5	71.66666666666666	69.66666666666666	70.96666666666667	70.46666666666667	69.86666666666667
15.566666666666666	17.0	139.83333333333334	93.06666666666668	484.26666666666665	238.5	166.16666666666669	204.63333333333333	92.1	88.26666666666667	82.23333333333332	82.9	80.0	78.06666666666666	75.56666666666666	74.7	74.2	74.06666666666668	74.06666666666666	73.76666666666667	72.13333333333333	74.16666666666666	71.83333333333333	71.73333333333333	70.06666666666666	71.23333333333333	70.0	71.13333333333333	70.23333333333333	68.93333333333332	69.66666666666666	69.36666666666667	69.36666666666667	69.73333333333333	69.7	69.36666666666666	69.89999999999999	70.33333333333333	69.66666666666666	68.33333333333333	70.30000000000001
17.46666666666667	18.933333333333334	134.13333333333333	163.10000000000002	220.0	210.83333333333331	194.63333333333333	94.20000000000002	85.96666666666667	85.36666666666667	80.56666666666666	80.26666666666668	78.6	77.16666666666666	76.86666666666667	76.4	75.0	73.9	72.76666666666667	72.93333333333334	74.1	71.53333333333333	73.2	73.63333333333334	71.23333333333333	70.9	70.16666666666667	71.0	69.26666666666667	69.56666666666668	68.76666666666667	69.36666666666667	70.83333333333333	70.83333333333333	69.76666666666667	69.83333333333334	70.36666666666667	71.13333333333333	69.7	70.16666666666666	69.50000000000001
14.566666666666668	65.96666666666667	230.1	284.23333333333335	194.53333333333333	218.0	95.30000000000001	87.63333333333333	85.0	84.46666666666667	80.43333333333332	76.83333333333333	75.7	78.16666666666666	76.53333333333333	73.76666666666667	74.8	72.03333333333333	72.9	74.33333333333333	74.66666666666666	73.03333333333333	73.73333333333333	72.76666666666667	71.03333333333333	70.56666666666666	72.36666666666667	70.5	72.3	70.93333333333334	66.3	70.8	69.13333333333334	70.2	71.53333333333333	69.6	70.66666666666667	69.96666666666667	69.3	70.56666666666666	70.5
15.333333333333334	243.76666666666665	131.4	193.7	100.43333333333334	92.53333333333333	92.33333333333334	83.16666666666667	84.26666666666667	81.33333333333334	79.96666666666667	78.8	75.23333333333332	76.83333333333333	76.96666666666667	74.86666666666667	74.36666666666666	72.60000000000001	73.26666666666667	73.33333333333333	72.83333333333333	71.33333333333334	72.19999999999999	72.36666666666666	71.56666666666668	70.8	69.63333333333334	70.56666666666666	71.06666666666666	70.6	70.06666666666666	69.76666666666667	70.56666666666668	70.83333333333333	71.53333333333333	70.0	71.26666666666667	69.4	67.39999999999999	68.9	69.26666666666667
14.266666666666666	114.5	151.56666666666666	112.86666666666667	93.0	89.03333333333333	85.43333333333334	81.56666666666668	83.06666666666666	78.26666666666668	80.53333333333335	76.46666666666665	75.13333333333334	78.26666666666667	74.0	73.93333333333332	75.93333333333334	74.4	73.16666666666667	71.53333333333333	73.06666666666666	71.3	72.0	70.56666666666666	71.46666666666667	70.2	71.30000000000001	70.7	70.06666666666666	70.4	72.43333333333334	70.5	68.9	70.5	70.1	69.43333333333332	69.06666666666666	69.86666666666667	69.10000000000001	71.4	72.03333333333333
14.166666666666668	89.46666666666667	154.53333333333333	93.5	88.5	81.7	83.23333333333333	80.4	80.19999999999999	76.26666666666667	78.4	76.26666666666667	74.03333333333333	75.93333333333334	75.26666666666665	74.16666666666667	73.73333333333333	75.23333333333333	73.80000000000001	71.6	72.39999999999999	73.26666666666667	71.53333333333333	71.83333333333334	72.3	70.0	72.06666666666666	71.93333333333334	70.99999999999999	70.83333333333334	68.5	70.06666666666666	69.9	69.36666666666666	69.0	69.13333333333334	71.63333333333333	69.53333333333333	70.30000000000001	70.93333333333334	70.03333333333333
15.533333333333335	17.6	73.86666666666667	80.46666666666667	84.73333333333335	81.2	79.86666666666667	78.93333333333334	80.5	75.4	78.03333333333333	77.06666666666666	74.93333333333332	74.56666666666666	76.56666666666668	72.46666666666667	73.73333333333333	73.76666666666667	72.3	73.4	73.0	71.63333333333334	72.66666666666667	71.2	71.13333333333334	69.83333333333334	72.13333333333334	69.33333333333333	70.16666666666667	70.66666666666667	68.6	68.26666666666667	70.89999999999999	69.06666666666666	70.19999999999999	71.9	69.5	70.06666666666668	70.33333333333333	68.69999999999999	68.63333333333334
14.733333333333334	16.766666666666666	59.900000000000006	77.66666666666667	80.2	79.1	79.5	77.7	76.93333333333334	78.06666666666668	76.26666666666667	76.03333333333333	74.56666666666666	75.03333333333333	74.33333333333333	74.86666666666667	73.86666666666667	71.63333333333334	72.63333333333333	73.10000000000001	72.93333333333334	71.76666666666667	71.26666666666667	70.80000000000001	72.96666666666667	70.83333333333333	72.1	70.4	69.96666666666667	70.7	69.76666666666668	69.13333333333333	71.06666666666666	69.7	70.4	69.4	72.36666666666666	70.63333333333333	69.13333333333334	70.03333333333333	68.39999999999999
