0.000458984375	0.005556640625	0.006044921875	0.007939453125	0.008388671875	0.010869140625	0.013623046875	0.01763671875	0.018408203125	0.031962890625	0.0351171875	0.074345703125	0.0818359375	0.08435546875	0.2048046875	0.2130859375	0.217998046875	0.244658203125	0.25240234375	0.25580078125	0.25935546875	0.307861328125	0.310576171875	0.31162109375	0.31353515625	0.324814453125	0.325517578125	0.37486328125	0.3733984375	0.380498046875	0.37541015625	0.38669921875	0.382646484375	0.385654296875	0.38513671875	0.383671875	0.38783203125	0.380146484375	0.38388671875	0.386826171875	0.3884765625
0.000576171875	0.005771484375	0.006640625	0.0084375	0.008916015625	0.01162109375	0.013408203125	0.019912109375	0.030205078125	0.034306640625	0.0640234375	0.072705078125	0.073857421875	0.088125	0.208984375	0.218271484375	0.23611328125	0.24841796875	0.258046875	0.259375	0.29654296875	0.3054296875	0.305078125	0.309404296875	0.320390625	0.322138671875	0.320087890625	0.368134765625	0.377666015625	0.373212890625	0.38458984375	0.38220703125	0.38720703125	0.3885546875	0.383408203125	0.38638671875	0.388720703125	0.385654296875	0.382763671875	0.38513671875	0.39208984375
0.000517578125	0.005732421875	0.00654296875	0.0087109375	0.00984375	0.012255859375	0.014951171875	0.020283203125	0.032236328125	0.033974609375	0.0634765625	0.076552734375	0.0826953125	0.1478515625	0.198095703125	0.214296875	0.2396484375	0.248671875	0.255615234375	0.26412109375	0.297001953125	0.30787109375	0.30625	0.312353515625	0.32390625	0.32115234375	0.350986328125	0.3729296875	0.37744140625	0.381220703125	0.38416015625	0.385810546875	0.3860546875	0.38748046875	0.3823046875	0.384560546875	0.38552734375	0.387314453125	0.384970703125	0.388701171875	0.390693359375
0.00046875	0.004921875	0.00642578125	0.00794921875	0.009443359375	0.010966796875	0.015185546875	0.01765625	0.030087890625	0.032578125	0.064951171875	0.07552734375	0.079169921875	0.170673828125	0.20052734375	0.224130859375	0.2402734375	0.25259765625	0.252939453125	0.275224609375	0.296142578125	0.30732421875	0.310263671875	0.3187109375	0.32314453125	0.330458984375	0.3637109375	0.36896484375	0.373076171875	0.383994140625	0.3859375	0.385986328125	0.38322265625	0.385146484375	0.386669921875	0.38677734375	0.3876953125	0.384931640625	0.388203125	0.3928125	0.3916015625
0.000546875	0.0038671875	0.005908203125	0.008046875	0.008701171875	0.011025390625	0.013681640625	0.018671875	0.029140625	0.03443359375	0.0689453125	0.074375	0.08392578125	0.174697265625	0.200400390625	0.224814453125	0.240595703125	0.248798828125	0.257900390625	0.28232421875	0.297939453125	0.304599609375	0.315830078125	0.31734375	0.322099609375	0.34580078125	0.362578125	0.370478515625	0.377802734375	0.380068359375	0.384501953125	0.38576171875	0.38404296875	0.38376953125	0.38501953125	0.390361328125	0.38181640625	0.391591796875	0.388671875	0.39265625	0.39416015625
0.000517578125	0.003193359375	0.0055859375	0.00794921875	0.00955078125	0.0108984375	0.016630859375	0.01935546875	0.032626953125	0.056708984375	0.06587890625	0.080185546875	0.13328125	0.17375	0.199130859375	0.22193359375	0.242265625	0.25064453125	0.26498046875	0.28703125	0.296748046875	0.308642578125	0.31619140625	0.318603515625	0.331181640625	0.3494140625	0.36892578125	0.3751953125	0.384501953125	0.384619140625	0.387353515625	0.386591796875	0.384873046875	0.3890234375	0.38314453125	0.38287109375	0.383671875	0.385146484375	0.3909375	0.391982421875	0.38900390625
0.0005078125	0.00287109375	0.00580078125	0.007724609375	0.0104296875	0.012529296875	0.018916015625	0.026591796875	0.032314453125	0.054736328125	0.068564453125	0.0759765625	0.131865234375	0.176806640625	0.202734375	0.22892578125	0.239921875	0.25400390625	0.270908203125	0.28587890625	0.304150390625	0.30701171875	0.315927734375	0.32419921875	0.350087890625	0.35845703125	0.368896484375	0.37978515625	0.382353515625	0.38447265625	0.384208984375	0.38646484375	0.379951171875	0.3830078125	0.385380859375	0.386630859375	0.38828125	0.392705078125	0.3856640625	0.39294921875	0.39048828125
0.00048828125	0.001025390625	0.0047265625	0.006806640625	0.010029296875	0.01234375	0.017451171875	0.028388671875	0.029931640625	0.055048828125	0.069375	0.12892578125	0.13271484375	0.17830078125	0.203779296875	0.22384765625	0.242568359375	0.26189453125	0.279765625	0.289091796875	0.3046484375	0.314345703125	0.322119140625	0.326708984375	0.348701171875	0.363720703125	0.372607421875	0.3751953125	0.381533203125	0.380498046875	0.383720703125	0.384228515625	0.388740234375	0.385927734375	0.38046875	0.390283203125	0.3910546875	0.394296875	0.3937890625	0.3921484375	0.390908203125
0.000615234375	0.000615234375	0.003681640625	0.006279296875	0.0094921875	0.01326171875	0.017734375	0.027001953125	0.031318359375	0.052802734375	0.07103515625	0.125693359375	0.138740234375	0.181298828125	0.20828125	0.227119140625	0.239033203125	0.2588671875	0.28166015625	0.293203125	0.30140625	0.3162890625	0.325771484375	0.34560546875	0.349873046875	0.365732421875	0.373837890625	0.380673828125	0.3831640625	0.385009765625	0.38720703125	0.38904296875	0.382431640625	0.38615234375	0.389765625	0.391123046875	0.3924609375	0.391474609375	0.390185546875	0.39337890625	0.392783203125
0.0004296875	0.000478515625	0.003974609375	0.005341796875	0.008193359375	0.012939453125	0.01755859375	0.027578125	0.05099609375	0.057001953125	0.069677734375	0.126845703125	0.1590234375	0.182197265625	0.2049609375	0.230048828125	0.248916015625	0.26052734375	0.28087890625	0.2927734375	0.296943359375	0.3179296875	0.329443359375	0.34548828125	0.3606640625	0.367236328125	0.376005859375	0.379423828125	0.382763671875	0.382265625	0.388857421875	0.38529296875	0.38697265625	0.39427734375	0.3902734375	0.38876953125	0.390830078125	0.393515625	0.39462890625	0.390478515625	0.392509765625
0.00048828125	0.000556640625	0.0036328125	0.005849609375	0.00814453125	0.0101953125	0.017490234375	0.029892578125	0.05208984375	0.057021484375	0.071806640625	0.12421875	0.153447265625	0.183681640625	0.202861328125	0.220732421875	0.24681640625	0.2634375	0.279453125	0.294853515625	0.29982421875	0.31556640625	0.339541015625	0.346904296875	0.358876953125	0.36869140625	0.3775390625	0.383046875	0.38611328125	0.377998046875	0.385693359375	0.383134765625	0.38828125	0.38541015625	0.390654296875	0.38880859375	0.39482421875	0.39279296875	0.38953125	0.394521484375	0.39501953125
0.000576171875	0.00052734375	0.0033203125	0.004765625	0.00833984375	0.0125390625	0.023896484375	0.02775390625	0.049287109375	0.06083984375	0.10943359375	0.119658203125	0.162197265625	0.1827734375	0.205732421875	0.229892578125	0.246142578125	0.2684375	0.2835546875	0.298798828125	0.31201171875	0.323076171875	0.3452734375	0.350478515625	0.361396484375	0.37359375	0.378720703125	0.38015625	0.381064453125	0.382353515625	0.389208984375	0.388310546875	0.389150390625	0.38623046875	0.392890625	0.3915625	0.391025390625	0.387607421875	0.393759765625	0.393388671875	0.391796875
0.00052734375	0.000576171875	0.002978515625	0.00490234375	0.009228515625	0.0127734375	0.021337890625	0.02779296875	0.052216796875	0.063837890625	0.10681640625	0.121689453125	0.163642578125	0.185107421875	0.204296875	0.22771484375	0.253671875	0.268701171875	0.285615234375	0.30201171875	0.310419921875	0.335322265625	0.344990234375	0.3559375	0.364423828125	0.376552734375	0.381748046875	0.380400390625	0.3823046875	0.38794921875	0.388623046875	0.38806640625	0.389130859375	0.38783203125	0.396044921875	0.3926953125	0.388564453125	0.396318359375	0.396689453125	0.39599609375	0.390830078125
0.00060546875	0.00052734375	0.001201171875	0.004677734375	0.007587890625	0.012265625	0.019443359375	0.040712890625	0.049521484375	0.0620703125	0.108203125	0.1278515625	0.165712890625	0.181513671875	0.21162109375	0.230107421875	0.250625	0.269375	0.2844140625	0.300771484375	0.315224609375	0.335380859375	0.342392578125	0.36087890625	0.369541015625	0.372568359375	0.3798046875	0.38048828125	0.38466796875	0.381923828125	0.390126953125	0.388125	0.389501953125	0.391572265625	0.395185546875	0.39509765625	0.39490234375	0.394599609375	0.3925390625	0.392861328125	0.388798828125
0.000576171875	0.000537109375	0.001181640625	0.00509765625	0.007412109375	0.0115625	0.020498046875	0.042197265625	0.049990234375	0.0971484375	0.108544921875	0.125576171875	0.16119140625	0.1807421875	0.20890625	0.22693359375	0.25642578125	0.262744140625	0.29537109375	0.3059765625	0.325341796875	0.334609375	0.3474609375	0.363095703125	0.365966796875	0.374140625	0.376982421875	0.38224609375	0.382529296875	0.3868359375	0.3877734375	0.38830078125	0.387041015625	0.39171875	0.394326171875	0.392607421875	0.39412109375	0.38775390625	0.38943359375	0.395888671875	0.38822265625
0.00046875	0.0005078125	0.000517578125	0.00408203125	0.00650390625	0.00869140625	0.017529296875	0.037607421875	0.047939453125	0.09265625	0.105625	0.1426953125	0.161142578125	0.1891796875	0.209072265625	0.22607421875	0.25076171875	0.273505859375	0.289130859375	0.30533203125	0.32744140625	0.340166015625	0.357705078125	0.360703125	0.367900390625	0.37572265625	0.3773046875	0.37806640625	0.391455078125	0.38712890625	0.39126953125	0.390615234375	0.391298828125	0.389482421875	0.395712890625	0.3878515625	0.391552734375	0.388857421875	0.39052734375	0.3918359375	0.388251953125
0.00052734375	0.000517578125	0.000546875	0.003525390625	0.007529296875	0.012958984375	0.01720703125	0.03732421875	0.0705859375	0.09181640625	0.10638671875	0.142646484375	0.158525390625	0.188076171875	0.203935546875	0.23580078125	0.2528125	0.26705078125	0.292529296875	0.318271484375	0.32650390625	0.341552734375	0.354326171875	0.36607421875	0.367685546875	0.3733984375	0.377705078125	0.3823046875	0.385947265625	0.386328125	0.39091796875	0.389931640625	0.38396484375	0.391787109375	0.39470703125	0.394765625	0.389736328125	0.390966796875	0.391923828125	0.3930859375	0.393037109375
0.00044921875	0.000576171875	0.000498046875	0.004130859375	0.00681640625	0.01298828125	0.029462890625	0.037919921875	0.07443359375	0.089609375	0.107412109375	0.139814453125	0.16794921875	0.185771484375	0.209892578125	0.237216796875	0.251572265625	0.271513671875	0.29134765625	0.316005859375	0.325498046875	0.34986328125	0.352978515625	0.3641796875	0.3713671875	0.370927734375	0.38072265625	0.38041015625	0.38498046875	0.38373046875	0.3892578125	0.389931640625	0.390419921875	0.390966796875	0.3920703125	0.3920703125	0.388134765625	0.39515625	0.392666015625	0.393017578125	0.3929296875
0.00046875	0.000498046875	0.000517578125	0.00111328125	0.0077734375	0.011025390625	0.0223046875	0.03759765625	0.072119140625	0.091875	0.112109375	0.139677734375	0.168828125	0.18404296875	0.207666015625	0.237705078125	0.252587890625	0.272177734375	0.30091796875	0.315458984375	0.32986328125	0.344775390625	0.35791015625	0.362802734375	0.373466796875	0.37275390625	0.377138671875	0.389736328125	0.38349609375	0.385341796875	0.387041015625	0.385625	0.39021484375	0.3900390625	0.3938671875	0.388154296875	0.39134765625	0.39123046875	0.391650390625	0.391533203125	0.39318359375
0.000517578125	0.0004296875	0.000478515625	0.001044921875	0.007490234375	0.011015625	0.023720703125	0.0355859375	0.070546875	0.087919921875	0.109326171875	0.14873046875	0.163818359375	0.185966796875	0.214287109375	0.236279296875	0.25169921875	0.276875	0.304873046875	0.319248046875	0.329462890625	0.344873046875	0.35203125	0.367783203125	0.37404296875	0.380185546875	0.3845703125	0.38525390625	0.386728515625	0.38857421875	0.39169921875	0.38916015625	0.3916796875	0.394169921875	0.394521484375	0.39693359375	0.392353515625	0.39537109375	0.390078125	0.3972265625	0.39150390625
0.00056640625	0.00052734375	0.000458984375	0.001162109375	0.00529296875	0.00921875	0.022822265625	0.058486328125	0.0703125	0.091328125	0.10541015625	0.1480078125	0.16677734375	0.181943359375	0.222138671875	0.23841796875	0.24994140625	0.2857421875	0.297998046875	0.316123046875	0.32458984375	0.3445703125	0.3590234375	0.3643359375	0.37642578125	0.374443359375	0.379833984375	0.387412109375	0.3889453125	0.38943359375	0.3904296875	0.393505859375	0.391748046875	0.390771484375	0.392138671875	0.3994921875	0.39150390625	0.39138671875	0.390380859375	0.390361328125	0.395869140625
0.000546875	0.000478515625	0.000517578125	0.0006640625	0.00505859375	0.0161328125	0.022236328125	0.049775390625	0.07234375	0.09056640625	0.12888671875	0.1477734375	0.168125	0.188095703125	0.219521484375	0.2362890625	0.2608203125	0.287607421875	0.3038671875	0.320625	0.332001953125	0.348720703125	0.357919921875	0.366494140625	0.37529296875	0.371826171875	0.385390625	0.3881640625	0.385732421875	0.392431640625	0.387060546875	0.390107421875	0.388408203125	0.3909765625	0.391064453125	0.392119140625	0.393583984375	0.395576171875	0.38984375	0.390908203125	0.3937109375
0.00048828125	0.000458984375	0.000498046875	0.00056640625	0.006474609375	0.01623046875	0.020546875	0.04962890625	0.0714453125	0.094970703125	0.123310546875	0.1467578125	0.16509765625	0.1917578125	0.220693359375	0.239716796875	0.261396484375	0.279970703125	0.30646484375	0.317724609375	0.334013671875	0.3506640625	0.356162109375	0.3667578125	0.37294921875	0.38099609375	0.3821484375	0.383916015625	0.388154296875	0.38537109375	0.3925390625	0.38953125	0.388447265625	0.393076171875	0.387451171875	0.39388671875	0.3931640625	0.389453125	0.389560546875	0.393203125	0.388564453125
0.00048828125	0.00048828125	0.000439453125	0.000634765625	0.005830078125	0.017802734375	0.03763671875	0.05083984375	0.070859375	0.095869140625	0.12912109375	0.144609375	0.175673828125	0.1909375	0.218232421875	0.240498046875	0.265791015625	0.284091796875	0.30341796875	0.315380859375	0.331513671875	0.3471484375	0.35724609375	0.36974609375	0.369775390625	0.381123046875	0.38177734375	0.3876171875	0.390078125	0.39009765625	0.3866015625	0.39107421875	0.38927734375	0.394111328125	0.3959765625	0.38787109375	0.394169921875	0.393017578125	0.392353515625	0.39416015625	0.391923828125
0.00052734375	0.000556640625	0.0005859375	0.00048828125	0.005771484375	0.0159765625	0.03583984375	0.049736328125	0.07287109375	0.096796875	0.124169921875	0.15001953125	0.163759765625	0.19591796875	0.217275390625	0.24673828125	0.263740234375	0.283408203125	0.30337890625	0.320771484375	0.329892578125	0.346376953125	0.35583984375	0.3695703125	0.371005859375	0.3767578125	0.38052734375	0.387724609375	0.387294921875	0.38990234375	0.393408203125	0.388369140625	0.3864453125	0.384208984375	0.39623046875	0.395625	0.39326171875	0.39341796875	0.3916015625	0.390341796875	0.39173828125
0.000439453125	0.000498046875	0.00056640625	0.00052734375	0.001259765625	0.010703125	0.03548828125	0.04771484375	0.07248046875	0.095478515625	0.122158203125	0.1509375	0.172001953125	0.19228515625	0.221845703125	0.243154296875	0.270498046875	0.284560546875	0.3020703125	0.319921875	0.3290625	0.346015625	0.355234375	0.368955078125	0.375400390625	0.3745703125	0.382060546875	0.384921875	0.38349609375	0.39091796875	0.38970703125	0.390244140625	0.389990234375	0.3919140625	0.39328125	0.388955078125	0.394189453125	0.39623046875	0.390283203125	0.393359375	0.392451171875
0.000478515625	0.000517578125	0.0005078125	0.000498046875	0.00130859375	0.02318359375	0.037294921875	0.04931640625	0.07365234375	0.113955078125	0.132763671875	0.154306640625	0.169169921875	0.19208984375	0.232822265625	0.251298828125	0.268603515625	0.2866796875	0.309560546875	0.321572265625	0.333134765625	0.348076171875	0.350546875	0.36423828125	0.3697265625	0.37513671875	0.382255859375	0.388046875	0.390009765625	0.389951171875	0.386923828125	0.389775390625	0.387138671875	0.392470703125	0.39369140625	0.3961328125	0.392216796875	0.390576171875	0.39419921875	0.395517578125	0.39166015625
0.00052734375	0.00052734375	0.000419921875	0.000517578125	0.001328125	0.02375	0.0379296875	0.052265625	0.076025390625	0.110791015625	0.134716796875	0.161259765625	0.17583984375	0.1958984375	0.231044921875	0.251552734375	0.273740234375	0.287314453125	0.313681640625	0.3240234375	0.331826171875	0.3473046875	0.35521484375	0.368330078125	0.372509765625	0.376572265625	0.37640625	0.386748046875	0.384912109375	0.385927734375	0.39298828125	0.39375	0.394345703125	0.390087890625	0.3923046875	0.3954296875	0.3876953125	0.3909375	0.3891015625	0.39609375	0.389716796875
0.00044921875	0.00048828125	0.00056640625	0.00048828125	0.001318359375	0.024765625	0.038232421875	0.05158203125	0.076728515625	0.11078125	0.139130859375	0.15787109375	0.17419921875	0.2065234375	0.2341015625	0.251083984375	0.273974609375	0.290888671875	0.313193359375	0.3262890625	0.334384765625	0.346845703125	0.356875	0.364541015625	0.36884765625	0.3758203125	0.3807421875	0.37751953125	0.38494140625	0.383544921875	0.3879296875	0.382783203125	0.392724609375	0.3930859375	0.388291015625	0.3935546875	0.393583984375	0.39390625	0.392890625	0.39025390625	0.39044921875
0.000537109375	0.000556640625	0.000517578125	0.000546875	0.000576171875	0.02572265625	0.041083984375	0.0530859375	0.083310546875	0.11703125	0.143056640625	0.159599609375	0.18458984375	0.209169921875	0.235234375	0.25236328125	0.277080078125	0.288173828125	0.311279296875	0.325576171875	0.33255859375	0.34734375	0.359853515625	0.3644140625	0.3740234375	0.37251953125	0.38173828125	0.384658203125	0.38478515625	0.3827734375	0.386767578125	0.39056640625	0.3923828125	0.394638671875	0.393466796875	0.38978515625	0.39244140625	0.395029296875	0.39208984375	0.39544921875	0.39341796875
0.000517578125	0.000546875	0.00046875	0.000478515625	0.000498046875	0.00140625	0.032177734375	0.059072265625	0.0836328125	0.118037109375	0.1335546875	0.161796875	0.1923046875	0.213232421875	0.23576171875	0.251376953125	0.274921875	0.292568359375	0.3093359375	0.3240234375	0.329306640625	0.34609375	0.354306640625	0.358046875	0.371708984375	0.37326171875	0.375986328125	0.383369140625	0.383896484375	0.384306640625	0.3866796875	0.388134765625	0.390322265625	0.389970703125	0.39353515625	0.390126953125	0.392001953125	0.39490234375	0.3877734375	0.3905078125	0.39609375
0.00052734375	0.00052734375	0.000546875	0.000556640625	0.000546875	0.001181640625	0.032939453125	0.062197265625	0.08298828125	0.12482421875	0.146318359375	0.169970703125	0.198388671875	0.21572265625	0.242607421875	0.26	0.27681640625	0.293037109375	0.309580078125	0.325439453125	0.331435546875	0.342421875	0.355673828125	0.36498046875	0.3705078125	0.37314453125	0.3773046875	0.38193359375	0.38400390625	0.384931640625	0.390166015625	0.385673828125	0.3933984375	0.395517578125	0.3887890625	0.38828125	0.39107421875	0.392216796875	0.395166015625	0.3877734375	0.393154296875
0.0005859375	0.00052734375	0.000498046875	0.00046875	0.000556640625	0.00125	0.0337109375	0.062275390625	0.1018359375	0.123017578125	0.152392578125	0.182392578125	0.200869140625	0.217021484375	0.24541015625	0.262255859375	0.285009765625	0.29806640625	0.305439453125	0.32615234375	0.3341015625	0.34521484375	0.35955078125	0.362841796875	0.368037109375	0.374384765625	0.3803125	0.37986328125	0.38115234375	0.38392578125	0.39046875	0.38927734375	0.391005859375	0.389462890625	0.39166015625	0.392353515625	0.39205078125	0.388798828125	0.3921875	0.393037109375	0.39306640625
0.0005078125	0.000576171875	0.000517578125	0.000537109375	0.000556640625	0.001201171875	0.034501953125	0.062314453125	0.105458984375	0.128818359375	0.15689453125	0.187099609375	0.202236328125	0.22107421875	0.2450390625	0.261337890625	0.28734375	0.302001953125	0.31328125	0.327626953125	0.337412109375	0.342919921875	0.351640625	0.3615625	0.369189453125	0.3747265625	0.380439453125	0.380986328125	0.3814453125	0.381044921875	0.39046875	0.38693359375	0.392861328125	0.39015625	0.38658203125	0.393974609375	0.389140625	0.395224609375	0.393828125	0.391513671875	0.39072265625
0.00052734375	0.000390625	0.0005078125	0.000556640625	0.000546875	0.001572265625	0.0326953125	0.068974609375	0.1104296875	0.1421875	0.170947265625	0.186513671875	0.20740234375	0.223505859375	0.247119140625	0.266689453125	0.283955078125	0.29734375	0.309052734375	0.318369140625	0.33595703125	0.340888671875	0.354423828125	0.361201171875	0.361640625	0.37416015625	0.376552734375	0.383876953125	0.384189453125	0.386376953125	0.3879296875	0.388935546875	0.3880078125	0.39208984375	0.388955078125	0.39248046875	0.390537109375	0.392705078125	0.391298828125	0.393291015625	0.393994140625
0.000498046875	0.000556640625	0.00052734375	0.000498046875	0.00056640625	0.000634765625	0.034130859375	0.05544921875	0.113974609375	0.149892578125	0.17158203125	0.190400390625	0.209892578125	0.221123046875	0.24767578125	0.264931640625	0.289462890625	0.29771484375	0.309541015625	0.321318359375	0.332109375	0.346787109375	0.3519921875	0.357080078125	0.3666015625	0.3700390625	0.37490234375	0.38083984375	0.38125	0.3801953125	0.386318359375	0.386982421875	0.38671875	0.390400390625	0.390712890625	0.393759765625	0.39115234375	0.39146484375	0.390400390625	0.3935546875	0.3916796875
0.00052734375	0.0005078125	0.0005859375	0.0004296875	0.00048828125	0.000595703125	0.00158203125	0.059716796875	0.128017578125	0.1635546875	0.182109375	0.193310546875	0.201787109375	0.225107421875	0.247939453125	0.270546875	0.2886328125	0.3010546875	0.306484375	0.317158203125	0.33259765625	0.34388671875	0.350537109375	0.35677734375	0.363505859375	0.369189453125	0.375078125	0.384482421875	0.383671875	0.38203125	0.3861328125	0.388486328125	0.383154296875	0.3942578125	0.3946875	0.386259765625	0.390009765625	0.3911328125	0.389541015625	0.394052734375	0.39103515625
0.000537109375	0.00046875	0.0005078125	0.00044921875	0.0005859375	0.000556640625	0.00140625	0.070517578125	0.131357421875	0.168955078125	0.184599609375	0.19232421875	0.20259765625	0.220888671875	0.259169921875	0.27455078125	0.29076171875	0.303896484375	0.3123828125	0.312822265625	0.33169921875	0.34462890625	0.348095703125	0.35357421875	0.362861328125	0.3656640625	0.372119140625	0.37951171875	0.383984375	0.37810546875	0.380390625	0.389951171875	0.38998046875	0.390107421875	0.389091796875	0.39142578125	0.386669921875	0.39060546875	0.390849609375	0.395341796875	0.388837890625
0.00048828125	0.000498046875	0.000546875	0.00056640625	0.000615234375	0.00052734375	0.001513671875	0.069794921875	0.143994140625	0.180107421875	0.182578125	0.19341796875	0.205810546875	0.221328125	0.25822265625	0.272109375	0.287197265625	0.302822265625	0.309794921875	0.31369140625	0.335703125	0.352294921875	0.347158203125	0.353134765625	0.361533203125	0.364404296875	0.367919921875	0.3816796875	0.38169921875	0.3847265625	0.381669921875	0.384130859375	0.386630859375	0.3913671875	0.3888671875	0.387138671875	0.394501953125	0.388095703125	0.38923828125	0.389482421875	0.3914453125
0.00046875	0.000546875	0.000478515625	0.000439453125	0.00052734375	0.000478515625	0.00146484375	0.096962890625	0.145712890625	0.181025390625	0.184521484375	0.18845703125	0.211484375	0.209482421875	0.268701171875	0.27400390625	0.289521484375	0.30234375	0.30759765625	0.3092578125	0.329853515625	0.34521484375	0.34697265625	0.353330078125	0.3633203125	0.364140625	0.364228515625	0.381298828125	0.377587890625	0.381044921875	0.382744140625	0.386025390625	0.38796875	0.390869140625	0.38814453125	0.3901953125	0.38966796875	0.390458984375	0.391962890625	0.393955078125	0.393525390625
0.000517578125	0.000537109375	0.000517578125	0.0005078125	0.000478515625	0.00056640625	0.00173828125	0.119716796875	0.120849609375	0.1831640625	0.1798046875	0.1882421875	0.2092578125	0.21080078125	0.273330078125	0.273857421875	0.275849609375	0.297744140625	0.3105859375	0.3101953125	0.311162109375	0.348017578125	0.347412109375	0.354287109375	0.35220703125	0.36255859375	0.3661328125	0.378935546875	0.3784765625	0.379208984375	0.38537109375	0.382216796875	0.383603515625	0.388349609375	0.389814453125	0.388564453125	0.391171875	0.394443359375	0.3866015625	0.39033203125	0.39251953125
