0.0009765625	0.00703125	0.008544921875	0.010947265625	0.013447265625	0.015380859375	0.022265625	0.029794921875	0.033125	0.05994140625	0.05984375	0.137041015625	0.147294921875	0.156611328125	0.381142578125	0.41115234375	0.437138671875	0.493330078125	0.52189453125	0.535390625	0.552080078125	0.6879296875	0.73232421875	0.780712890625	0.806689453125	0.94951171875	0.958271484375	0.99033203125	0.98951171875	0.9906640625	0.991494140625	0.991494140625	0.992333984375	0.99189453125	0.9928125	0.9930859375	0.99345703125	0.993212890625	0.992783203125	0.992919921875	0.992822265625
0.0009765625	0.00734375	0.009384765625	0.011044921875	0.013759765625	0.016982421875	0.02130859375	0.029697265625	0.05130859375	0.060810546875	0.119501953125	0.1312890625	0.157421875	0.16306640625	0.3895703125	0.420634765625	0.47953125	0.503544921875	0.5280859375	0.5430859375	0.66056640625	0.703759765625	0.735263671875	0.792177734375	0.9074609375	0.951142578125	0.963203125	0.990458984375	0.989912109375	0.991083984375	0.99244140625	0.993046875	0.9936328125	0.992861328125	0.992314453125	0.992138671875	0.993310546875	0.9923828125	0.99255859375	0.99296875	0.99419921875
0.0009765625	0.007607421875	0.009326171875	0.01078125	0.01328125	0.017470703125	0.021337890625	0.03142578125	0.052998046875	0.05873046875	0.119296875	0.140576171875	0.152822265625	0.283955078125	0.39171875	0.425068359375	0.48314453125	0.50373046875	0.51595703125	0.538623046875	0.66724609375	0.695634765625	0.719638671875	0.82966796875	0.917470703125	0.95296875	0.9796875	0.99052734375	0.990966796875	0.991181640625	0.99177734375	0.99279296875	0.99236328125	0.99208984375	0.992705078125	0.99296875	0.99279296875	0.99291015625	0.99166015625	0.9934375	0.9944140625
0.0009765625	0.006953125	0.009111328125	0.01103515625	0.01380859375	0.017265625	0.0208984375	0.032470703125	0.05201171875	0.063564453125	0.12091796875	0.141943359375	0.160185546875	0.336875	0.392197265625	0.44748046875	0.482529296875	0.51501953125	0.530361328125	0.58384765625	0.649287109375	0.71826171875	0.77302734375	0.90544921875	0.93390625	0.971103515625	0.9865625	0.989912109375	0.990830078125	0.9918359375	0.993056640625	0.9925	0.993251953125	0.99296875	0.992763671875	0.9923046875	0.991884765625	0.992900390625	0.993154296875	0.99326171875	0.9940234375
0.0009765625	0.00529296875	0.008544921875	0.011181640625	0.01291015625	0.017412109375	0.021962890625	0.030498046875	0.055888671875	0.06212890625	0.1230859375	0.150751953125	0.15361328125	0.3209765625	0.37626953125	0.44662109375	0.482724609375	0.51689453125	0.52337890625	0.618408203125	0.66111328125	0.70728515625	0.8221875	0.884501953125	0.949267578125	0.9827734375	0.9869140625	0.990615234375	0.991796875	0.99201171875	0.992626953125	0.99376953125	0.992607421875	0.99279296875	0.993017578125	0.99365234375	0.992021484375	0.99306640625	0.993447265625	0.99400390625	0.994072265625
0.0009765625	0.00419921875	0.00798828125	0.01140625	0.01587890625	0.01693359375	0.028193359375	0.0328125	0.05587890625	0.102822265625	0.126630859375	0.148408203125	0.258203125	0.338642578125	0.38849609375	0.449345703125	0.48654296875	0.516455078125	0.563896484375	0.619013671875	0.664091796875	0.730673828125	0.847470703125	0.924130859375	0.971669921875	0.98306640625	0.9890625	0.9903125	0.99150390625	0.992685546875	0.992841796875	0.9929296875	0.992333984375	0.9923046875	0.993232421875	0.992490234375	0.992958984375	0.99322265625	0.99357421875	0.993583984375	0.994365234375
0.0009765625	0.004013671875	0.008447265625	0.0108203125	0.013876953125	0.018662109375	0.02638671875	0.045185546875	0.056630859375	0.10763671875	0.1275390625	0.143095703125	0.25802734375	0.33380859375	0.408857421875	0.45609375	0.481982421875	0.521904296875	0.572158203125	0.63314453125	0.675625	0.74177734375	0.834716796875	0.969169921875	0.981279296875	0.98609375	0.9891796875	0.99134765625	0.99228515625	0.992099609375	0.993046875	0.9925390625	0.992294921875	0.993134765625	0.993134765625	0.992353515625	0.9927734375	0.99369140625	0.9935546875	0.993720703125	0.99333984375
0.0009765625	0.001728515625	0.00625	0.010380859375	0.01287109375	0.0204296875	0.02826171875	0.05134765625	0.05283203125	0.106572265625	0.132353515625	0.2542578125	0.272236328125	0.347216796875	0.397236328125	0.450390625	0.4903125	0.546484375	0.600302734375	0.645634765625	0.6916796875	0.81771484375	0.961923828125	0.966435546875	0.980234375	0.987470703125	0.988994140625	0.991728515625	0.991650390625	0.99275390625	0.99271484375	0.992958984375	0.99232421875	0.99328125	0.99283203125	0.99275390625	0.9928515625	0.993359375	0.993818359375	0.99369140625	0.9940234375
0.0009765625	0.001005859375	0.006025390625	0.00990234375	0.01234375	0.018994140625	0.030322265625	0.04376953125	0.05828125	0.10212890625	0.12623046875	0.24609375	0.273466796875	0.356611328125	0.402978515625	0.467685546875	0.488583984375	0.539052734375	0.607666015625	0.654130859375	0.71103515625	0.799580078125	0.959560546875	0.977685546875	0.9819921875	0.987197265625	0.989208984375	0.99111328125	0.991875	0.991337890625	0.993095703125	0.99232421875	0.992685546875	0.992021484375	0.992890625	0.993310546875	0.993525390625	0.994267578125	0.993671875	0.994169921875	0.9937890625
0.0009765625	0.0009765625	0.006396484375	0.0071484375	0.013818359375	0.019990234375	0.02708984375	0.0467578125	0.08955078125	0.1123046875	0.13439453125	0.24638671875	0.300927734375	0.36203125	0.427265625	0.458701171875	0.512607421875	0.558466796875	0.61255859375	0.66927734375	0.742060546875	0.944150390625	0.966669921875	0.980478515625	0.985869140625	0.987060546875	0.990712890625	0.9918359375	0.992421875	0.993173828125	0.99279296875	0.9925	0.992841796875	0.99341796875	0.993271484375	0.993369140625	0.99380859375	0.993984375	0.994091796875	0.9934765625	0.993564453125
0.0009765625	0.0009765625	0.004580078125	0.008037109375	0.01234375	0.017314453125	0.028798828125	0.04869140625	0.09392578125	0.109453125	0.1306640625	0.245625	0.311826171875	0.366669921875	0.39994140625	0.45259765625	0.510224609375	0.57048828125	0.61744140625	0.67666015625	0.734619140625	0.948564453125	0.970078125	0.981142578125	0.98484375	0.98912109375	0.990673828125	0.99189453125	0.992275390625	0.992587890625	0.99267578125	0.9930078125	0.99353515625	0.9935546875	0.993310546875	0.99416015625	0.99380859375	0.992880859375	0.993583984375	0.994638671875	0.994384765625
0.0009765625	0.0009765625	0.0044140625	0.0071484375	0.012265625	0.021826171875	0.040263671875	0.048671875	0.1012890625	0.113330078125	0.2212890625	0.24322265625	0.332265625	0.363505859375	0.40380859375	0.4866015625	0.513515625	0.579306640625	0.62728515625	0.68150390625	0.908818359375	0.95302734375	0.976201171875	0.979990234375	0.98763671875	0.989921875	0.991982421875	0.99162109375	0.992470703125	0.9924609375	0.992451171875	0.9930078125	0.99333984375	0.99380859375	0.993701171875	0.99375	0.993896484375	0.993671875	0.993876953125	0.994267578125	0.9941015625
0.0009765625	0.0009765625	0.00453125	0.0075390625	0.01455078125	0.0221484375	0.035126953125	0.0464453125	0.102998046875	0.127138671875	0.2230078125	0.249169921875	0.333828125	0.359453125	0.41462890625	0.469794921875	0.547626953125	0.585654296875	0.652763671875	0.874208984375	0.94287109375	0.9698046875	0.978935546875	0.98474609375	0.986943359375	0.9898046875	0.990791015625	0.99134765625	0.992236328125	0.991748046875	0.99345703125	0.993125	0.99296875	0.993232421875	0.994013671875	0.993759765625	0.993955078125	0.993818359375	0.994404296875	0.993251953125	0.99443359375
0.0009765625	0.0009765625	0.001669921875	0.007265625	0.011396484375	0.02205078125	0.037275390625	0.077509765625	0.100224609375	0.121708984375	0.21916015625	0.2679296875	0.33490234375	0.3672265625	0.44451171875	0.48453125	0.544443359375	0.57552734375	0.6455078125	0.874052734375	0.935234375	0.971884765625	0.9777734375	0.984892578125	0.987548828125	0.990048828125	0.992451171875	0.992705078125	0.992255859375	0.993310546875	0.992841796875	0.99380859375	0.99333984375	0.9934765625	0.993447265625	0.993828125	0.993056640625	0.9940625	0.993974609375	0.99423828125	0.99462890625
0.0009765625	0.0009765625	0.001884765625	0.007099609375	0.011181640625	0.02029296875	0.03732421875	0.080205078125	0.0987109375	0.1924609375	0.222109375	0.26154296875	0.332001953125	0.369443359375	0.441201171875	0.477255859375	0.555087890625	0.59455078125	0.821474609375	0.902734375	0.96142578125	0.976259765625	0.97974609375	0.986435546875	0.986943359375	0.990791015625	0.99130859375	0.991796875	0.99216796875	0.9932421875	0.993828125	0.99279296875	0.99302734375	0.993779296875	0.993896484375	0.99375	0.99333984375	0.993740234375	0.993525390625	0.993359375	0.992802734375
0.0009765625	0.0009765625	0.0010546875	0.00578125	0.010244140625	0.0175	0.033046875	0.073603515625	0.095791015625	0.185966796875	0.218671875	0.290107421875	0.331533203125	0.3894921875	0.43353515625	0.48408203125	0.55224609375	0.70109375	0.866806640625	0.9421875	0.964609375	0.97384765625	0.9845703125	0.98763671875	0.98693359375	0.99115234375	0.991396484375	0.991171875	0.992529296875	0.993623046875	0.993125	0.99373046875	0.99373046875	0.9930078125	0.993623046875	0.9938671875	0.9937890625	0.993984375	0.99412109375	0.993828125	0.993828125
0.0009765625	0.0009765625	0.00099609375	0.005263671875	0.0120703125	0.023388671875	0.031162109375	0.0768359375	0.15216796875	0.197236328125	0.231611328125	0.295224609375	0.316669921875	0.38052734375	0.44337890625	0.52041015625	0.702822265625	0.816328125	0.921376953125	0.953076171875	0.96791015625	0.97826171875	0.984697265625	0.98763671875	0.988642578125	0.99072265625	0.99228515625	0.992587890625	0.992822265625	0.993486328125	0.993642578125	0.993193359375	0.993369140625	0.99400390625	0.9934375	0.993515625	0.994404296875	0.99326171875	0.993447265625	0.9942578125	0.9938671875
0.0009765625	0.0009765625	0.000986328125	0.0059375	0.0116015625	0.021904296875	0.0578515625	0.0794140625	0.15916015625	0.1984375	0.225791015625	0.28775390625	0.35796875	0.3991015625	0.4547265625	0.516611328125	0.794404296875	0.871552734375	0.93478515625	0.9587890625	0.970009765625	0.980380859375	0.983359375	0.986875	0.990205078125	0.990439453125	0.992265625	0.992294921875	0.992587890625	0.993447265625	0.993720703125	0.992978515625	0.993984375	0.993525390625	0.99439453125	0.993779296875	0.9935546875	0.994072265625	0.992880859375	0.994013671875	0.994296875
0.0009765625	0.0009765625	0.0009765625	0.001982421875	0.010400390625	0.0193359375	0.046337890625	0.072919921875	0.155244140625	0.192421875	0.241513671875	0.296865234375	0.36306640625	0.40556640625	0.453427734375	0.760703125	0.864189453125	0.92359375	0.947939453125	0.962109375	0.97228515625	0.98037109375	0.984443359375	0.98810546875	0.9896484375	0.990302734375	0.992412109375	0.991923828125	0.9924609375	0.993544921875	0.992685546875	0.99337890625	0.993173828125	0.993662109375	0.9941015625	0.993603515625	0.994052734375	0.99478515625	0.993583984375	0.994404296875	0.99390625
0.0009765625	0.0009765625	0.0009765625	0.00193359375	0.01115234375	0.021328125	0.04671875	0.075546875	0.164951171875	0.199814453125	0.246025390625	0.331494140625	0.366552734375	0.418623046875	0.470048828125	0.8667578125	0.911181640625	0.934384765625	0.9536328125	0.965634765625	0.9734765625	0.98111328125	0.9863671875	0.987177734375	0.990517578125	0.991015625	0.991689453125	0.99291015625	0.992900390625	0.993681640625	0.9938671875	0.994130859375	0.993251953125	0.9937109375	0.992958984375	0.9934765625	0.994462890625	0.993681640625	0.9946875	0.99388671875	0.9940234375
0.0009765625	0.0009765625	0.0009765625	0.002109375	0.0082421875	0.019736328125	0.0545703125	0.134814453125	0.163837890625	0.20478515625	0.237939453125	0.328671875	0.368056640625	0.415498046875	0.83837890625	0.893056640625	0.918076171875	0.942607421875	0.9541796875	0.968994140625	0.97041015625	0.98189453125	0.98521484375	0.98724609375	0.990146484375	0.99134765625	0.991865234375	0.992734375	0.993056640625	0.993193359375	0.99326171875	0.993359375	0.99388671875	0.993310546875	0.99384765625	0.99396484375	0.99392578125	0.993994140625	0.9940625	0.99404296875	0.993876953125
0.0009765625	0.0009765625	0.0009765625	0.00111328125	0.011337890625	0.035595703125	0.052109375	0.12333984375	0.174150390625	0.221328125	0.289248046875	0.331435546875	0.387646484375	0.8492578125	0.88845703125	0.91544921875	0.920947265625	0.94818359375	0.958662109375	0.970517578125	0.976806640625	0.9819921875	0.986240234375	0.98810546875	0.990849609375	0.99111328125	0.992998046875	0.991826171875	0.993203125	0.993203125	0.993544921875	0.993349609375	0.993740234375	0.993955078125	0.993935546875	0.993662109375	0.994248046875	0.99412109375	0.994306640625	0.994560546875	0.99314453125
0.0009765625	0.0009765625	0.0009765625	0.001142578125	0.011337890625	0.035712890625	0.05134765625	0.131796875	0.177978515625	0.381298828125	0.29421875	0.383515625	0.521953125	0.8674609375	0.899306640625	0.914970703125	0.933505859375	0.94759765625	0.96099609375	0.968583984375	0.97779296875	0.9830859375	0.985009765625	0.98865234375	0.990537109375	0.990234375	0.992333984375	0.99279296875	0.993671875	0.99298828125	0.99400390625	0.9933984375	0.992861328125	0.993984375	0.993251953125	0.99470703125	0.993798828125	0.9936328125	0.99423828125	0.993388671875	0.993564453125
0.0009765625	0.0009765625	0.0009765625	0.00115234375	0.013603515625	0.0420703125	0.108828125	0.16234375	0.2337890625	0.333671875	0.345634765625	0.541865234375	0.8691796875	0.8805859375	0.903779296875	0.9173046875	0.9374609375	0.9503125	0.962626953125	0.96794921875	0.975185546875	0.98193359375	0.986474609375	0.988525390625	0.98955078125	0.991796875	0.992255859375	0.992880859375	0.99326171875	0.993544921875	0.993720703125	0.994140625	0.993359375	0.99392578125	0.994208984375	0.99435546875	0.993720703125	0.993798828125	0.993818359375	0.99408203125	0.99357421875
0.0009765625	0.0009765625	0.0009765625	0.0009765625	0.01279296875	0.04294921875	0.121318359375	0.286875	0.184609375	0.515126953125	0.643359375	0.840126953125	0.848974609375	0.8853515625	0.902978515625	0.9265234375	0.934599609375	0.952578125	0.963125	0.97294921875	0.977138671875	0.9837890625	0.98607421875	0.9883203125	0.989853515625	0.9916796875	0.99306640625	0.993095703125	0.993330078125	0.993232421875	0.993779296875	0.9934765625	0.993623046875	0.994404296875	0.99369140625	0.99431640625	0.994287109375	0.994091796875	0.993583984375	0.994482421875	0.993896484375
0.0009765625	0.0009765625	0.0009765625	0.0009765625	0.002763671875	0.033271484375	0.13990234375	0.6112890625	0.705927734375	0.706640625	0.781787109375	0.846630859375	0.859775390625	0.88302734375	0.905107421875	0.922041015625	0.944501953125	0.955419921875	0.963896484375	0.972294921875	0.976533203125	0.983251953125	0.986044921875	0.988291015625	0.9905859375	0.9901953125	0.990546875	0.992060546875	0.992529296875	0.993681640625	0.993154296875	0.993798828125	0.99396484375	0.9939453125	0.99373046875	0.99396484375	0.993740234375	0.993671875	0.994306640625	0.99408203125	0.994619140625
0.0009765625	0.0009765625	0.0009765625	0.0009765625	0.002802734375	0.308681640625	0.624404296875	0.63609375	0.7069921875	0.741728515625	0.826123046875	0.8414453125	0.866298828125	0.87986328125	0.918447265625	0.93298828125	0.947939453125	0.954560546875	0.96826171875	0.9733203125	0.978251953125	0.9837890625	0.985068359375	0.988583984375	0.99001953125	0.991201171875	0.991669921875	0.99216796875	0.9934765625	0.993740234375	0.993154296875	0.993935546875	0.993251953125	0.994658203125	0.9940234375	0.9944921875	0.99349609375	0.994638671875	0.9937109375	0.99365234375	0.993994140625
0.0009765625	0.0009765625	0.0009765625	0.0009765625	0.002744140625	0.414853515625	0.617998046875	0.661220703125	0.70587890625	0.76630859375	0.82939453125	0.855869140625	0.866435546875	0.88353515625	0.916240234375	0.932939453125	0.9439453125	0.954521484375	0.96947265625	0.9738671875	0.9787109375	0.982529296875	0.98560546875	0.987001953125	0.98931640625	0.99080078125	0.991650390625	0.99234375	0.993603515625	0.9925	0.993603515625	0.993994140625	0.99419921875	0.993984375	0.99330078125	0.9930859375	0.994111328125	0.9934375	0.99447265625	0.993974609375	0.99357421875
0.0009765625	0.0009765625	0.0009765625	0.0009765625	0.002646484375	0.450947265625	0.615302734375	0.651689453125	0.69533203125	0.77025390625	0.827001953125	0.845068359375	0.872265625	0.8946875	0.923955078125	0.935244140625	0.945771484375	0.957587890625	0.969404296875	0.9750390625	0.978818359375	0.982763671875	0.9846875	0.987451171875	0.98939453125	0.99158203125	0.99154296875	0.99275390625	0.99322265625	0.993369140625	0.993310546875	0.9931640625	0.993720703125	0.994208984375	0.994482421875	0.993818359375	0.993974609375	0.994580078125	0.99373046875	0.9941015625	0.99375
0.0009765625	0.0009765625	0.0009765625	0.0009765625	0.0011328125	0.44388671875	0.625517578125	0.648916015625	0.713447265625	0.77470703125	0.825732421875	0.84783203125	0.87326171875	0.897060546875	0.9229296875	0.9374609375	0.95005859375	0.95548828125	0.9664453125	0.97537109375	0.976953125	0.9812890625	0.98658203125	0.986923828125	0.98923828125	0.990869140625	0.99208984375	0.99234375	0.993271484375	0.99318359375	0.994033203125	0.993642578125	0.993447265625	0.993125	0.993037109375	0.993603515625	0.993671875	0.993740234375	0.993203125	0.99353515625	0.993955078125
0.0009765625	0.0009765625	0.0009765625	0.0009765625	0.001123046875	0.00291015625	0.475810546875	0.67431640625	0.716396484375	0.772578125	0.8087890625	0.849013671875	0.8761328125	0.90515625	0.922333984375	0.93025390625	0.950859375	0.9608203125	0.966318359375	0.97546875	0.97728515625	0.9820703125	0.9860546875	0.98740234375	0.988955078125	0.99080078125	0.991923828125	0.992587890625	0.992802734375	0.9935546875	0.9936328125	0.993232421875	0.9934375	0.994189453125	0.993681640625	0.993505859375	0.993955078125	0.99322265625	0.99373046875	0.993251953125	0.994755859375
0.0009765625	0.0009765625	0.0009765625	0.0009765625	0.001181640625	0.003427734375	0.470888671875	0.675830078125	0.716875	0.78443359375	0.820380859375	0.858876953125	0.878779296875	0.905791015625	0.92537109375	0.937626953125	0.9526171875	0.96076171875	0.966533203125	0.974140625	0.977216796875	0.982158203125	0.98560546875	0.986806640625	0.988369140625	0.990556640625	0.99052734375	0.991171875	0.99220703125	0.99263671875	0.992412109375	0.993857421875	0.993779296875	0.99412109375	0.994365234375	0.993076171875	0.993671875	0.993876953125	0.99427734375	0.99451171875	0.994296875
0.0009765625	0.0009765625	0.0009765625	0.0009765625	0.000986328125	0.00318359375	0.488203125	0.671005859375	0.70904296875	0.78779296875	0.8258203125	0.872548828125	0.887939453125	0.90888671875	0.927626953125	0.940107421875	0.95251953125	0.962470703125	0.965	0.973037109375	0.978037109375	0.979677734375	0.98525390625	0.98689453125	0.98779296875	0.989873046875	0.990771484375	0.992236328125	0.992490234375	0.993046875	0.993740234375	0.9931640625	0.993466796875	0.99361328125	0.9940234375	0.99326171875	0.99345703125	0.99375	0.993369140625	0.993359375	0.9938671875
0.0009765625	0.0009765625	0.0009765625	0.0009765625	0.0009765625	0.002978515625	0.47703125	0.66685546875	0.74552734375	0.798095703125	0.831494140625	0.876943359375	0.889599609375	0.906689453125	0.92912109375	0.940478515625	0.95197265625	0.96171875	0.9676171875	0.973955078125	0.978603515625	0.980546875	0.9841796875	0.98615234375	0.988974609375	0.99056640625	0.990478515625	0.991943359375	0.991787109375	0.99248046875	0.99353515625	0.993466796875	0.993056640625	0.993466796875	0.993623046875	0.994052734375	0.9941015625	0.993828125	0.99330078125	0.993974609375	0.994306640625
0.0009765625	0.0009765625	0.0009765625	0.0009765625	0.00099609375	0.004091796875	0.479853515625	0.662822265625	0.7528125	0.8081640625	0.8479296875	0.86884765625	0.894189453125	0.908408203125	0.930546875	0.94099609375	0.954853515625	0.957685546875	0.967861328125	0.970791015625	0.976240234375	0.9805078125	0.98259765625	0.986357421875	0.9871875	0.989609375	0.990595703125	0.99154296875	0.992158203125	0.993388671875	0.993720703125	0.993427734375	0.99259765625	0.99384765625	0.99390625	0.9927734375	0.99365234375	0.99357421875	0.99373046875	0.99359375	0.994833984375
0.0009765625	0.0009765625	0.0009765625	0.0009765625	0.000986328125	0.001064453125	0.47140625	0.530244140625	0.753623046875	0.821708984375	0.85595703125	0.8719140625	0.89150390625	0.908173828125	0.92482421875	0.938330078125	0.95564453125	0.95861328125	0.967255859375	0.971171875	0.976826171875	0.980693359375	0.982255859375	0.98455078125	0.986982421875	0.988896484375	0.9910546875	0.990078125	0.992314453125	0.992353515625	0.992421875	0.993134765625	0.993623046875	0.993564453125	0.993837890625	0.99373046875	0.994169921875	0.9939453125	0.993798828125	0.993818359375	0.993681640625
0.0009765625	0.0009765625	0.0009765625	0.0009765625	0.0009765625	0.001142578125	0.002958984375	0.516416015625	0.76193359375	0.832626953125	0.865859375	0.875302734375	0.879296875	0.909599609375	0.923662109375	0.944130859375	0.956533203125	0.960078125	0.961904296875	0.969677734375	0.976689453125	0.9812890625	0.98134765625	0.98484375	0.98677734375	0.987646484375	0.990107421875	0.9909375	0.991748046875	0.992255859375	0.99267578125	0.993310546875	0.993134765625	0.992841796875	0.99447265625	0.993798828125	0.994375	0.99314453125	0.993798828125	0.9941015625	0.99396484375
0.0009765625	0.0009765625	0.0009765625	0.0009765625	0.0009765625	0.001201171875	0.003515625	0.56140625	0.770234375	0.83974609375	0.868125	0.87689453125	0.879169921875	0.90283203125	0.931796875	0.94490234375	0.95763671875	0.9228125	0.963232421875	0.96798828125	0.9758984375	0.981591796875	0.980810546875	0.984033203125	0.9865234375	0.9882421875	0.989697265625	0.990625	0.991201171875	0.991953125	0.992724609375	0.992265625	0.99310546875	0.99275390625	0.99423828125	0.99380859375	0.99416015625	0.99392578125	0.99388671875	0.993505859375	0.99376953125
0.0009765625	0.0009765625	0.0009765625	0.0009765625	0.0009765625	0.0011328125	0.002724609375	0.561650390625	0.779189453125	0.847646484375	0.86548828125	0.87806640625	0.87775390625	0.898515625	0.931005859375	0.937734375	0.954326171875	0.96203125	0.96138671875	0.967080078125	0.978193359375	0.98046875	0.98060546875	0.983359375	0.9858203125	0.987314453125	0.98890625	0.990869140625	0.99150390625	0.99169921875	0.9923046875	0.99134765625	0.992587890625	0.99427734375	0.9930859375	0.993193359375	0.993828125	0.9937109375	0.99412109375	0.994111328125	0.993740234375
0.0009765625	0.0009765625	0.0009765625	0.0009765625	0.0009765625	0.001083984375	0.004453125	0.63025390625	0.785009765625	0.85900390625	0.868564453125	0.87404296875	0.87953125	0.87927734375	0.937021484375	0.93603515625	0.9535546875	0.963271484375	0.962646484375	0.962548828125	0.97560546875	0.980732421875	0.981376953125	0.9804296875	0.98591796875	0.986845703125	0.98662109375	0.990361328125	0.991123046875	0.9909375	0.9919921875	0.99181640625	0.992080078125	0.9935546875	0.992958984375	0.993642578125	0.9942578125	0.9932421875	0.993388671875	0.993447265625	0.993681640625
0.0009765625	0.0009765625	0.0009765625	0.0009765625	0.0009765625	0.00099609375	0.003408203125	0.671142578125	0.671181640625	0.854443359375	0.852724609375	0.873544921875	0.877021484375	0.875087890625	0.939072265625	0.93775390625	0.937568359375	0.961708984375	0.963837890625	0.9633203125	0.961279296875	0.9807421875	0.98138671875	0.982421875	0.98142578125	0.9871484375	0.986982421875	0.991279296875	0.99181640625	0.99125	0.991201171875	0.99177734375	0.991552734375	0.99255859375	0.993720703125	0.992998046875	0.993779296875	0.99392578125	0.9933984375	0.994501953125	0.99384765625
