5.0	7.36	7.72	8.36	8.96	9.44	10.96	12.6	12.84	15.72	15.2	19.0	19.6	20.16	24.56	24.8	25.08	26.32	26.96	27.16	27.28	31.96	33.12	38.68	32.88	27.04	26.12	24.48	24.44	24.6	24.68	24.2	24.12	24.52	24.44	24.76	24.32	24.36	24.64	23.92	24.12
5.0	7.32	7.8	8.32	9.12	10.12	11.0	12.48	14.8	15.64	18.76	19.04	20.0	20.16	24.72	25.0	25.68	27.0	26.32	27.2	30.64	32.64	33.72	37.6	28.44	26.36	25.2	24.96	24.52	24.84	24.92	24.48	24.2	24.36	24.8	24.52	23.84	24.52	24.24	24.96	24.12
4.8	7.36	7.96	8.64	9.32	10.12	11.28	12.44	14.76	15.76	18.68	19.88	19.76	24.28	24.8	24.76	25.64	25.84	27.52	27.8	30.72	32.0	35.12	40.04	28.2	26.68	25.16	24.84	24.24	24.92	23.84	24.64	24.6	24.16	24.32	24.76	24.4	24.52	24.44	24.08	24.6
4.8	7.16	8.08	8.68	9.16	10.24	11.08	13.2	15.28	16.2	19.36	20.12	20.2	23.84	24.16	25.48	26.36	26.76	27.08	28.72	30.2	32.96	35.6	34.44	26.44	25.68	25.16	24.92	24.68	24.6	24.28	24.2	24.92	24.68	24.48	24.0	24.72	24.48	24.36	24.84	24.76
4.8	7.24	8.04	8.72	9.36	10.16	10.88	12.44	15.04	15.52	19.04	19.76	19.88	24.68	24.8	25.28	25.56	27.08	27.2	29.24	31.04	33.4	36.68	30.48	27.08	25.28	24.8	24.68	24.28	24.52	25.24	24.84	24.48	25.12	23.84	24.0	24.44	24.64	24.04	24.12	24.12
5.0	7.12	7.96	8.84	9.48	10.32	12.64	13.12	16.0	18.68	18.88	19.96	24.4	24.44	24.76	25.72	26.92	26.44	28.56	29.72	31.36	34.84	34.32	29.0	25.52	25.44	25.64	24.88	23.88	24.6	24.52	24.32	24.88	24.08	25.0	24.64	24.4	24.76	24.4	24.08	24.2
5.0	7.28	7.92	8.84	9.6	11.0	12.48	14.56	15.56	19.0	19.6	20.0	24.4	24.28	25.4	26.08	26.96	26.68	28.48	30.12	31.4	36.4	34.52	26.36	25.76	24.96	25.32	24.8	24.44	24.0	24.16	24.96	24.16	24.8	24.24	24.52	24.0	23.6	24.24	24.8	24.08
4.8	6.96	8.12	8.72	9.68	11.08	12.28	15.0	15.6	19.32	19.6	24.4	24.6	24.52	24.6	25.44	26.0	28.6	29.6	31.64	34.32	38.2	27.24	26.44	25.08	24.76	24.96	24.6	24.48	24.24	24.12	24.6	24.48	24.2	24.32	24.44	24.24	24.16	23.68	24.76	24.72
5.0	7.0	7.92	9.0	9.56	11.28	12.4	14.88	15.84	19.0	19.72	24.84	24.0	25.04	25.88	25.76	25.68	28.96	29.24	31.16	34.68	38.52	26.6	25.24	25.68	25.08	25.28	24.4	24.64	24.92	24.28	24.04	24.64	25.08	24.08	24.4	24.0	24.28	23.6	24.2	24.12
5.0	6.92	8.04	8.92	10.0	11.24	12.84	14.68	18.24	19.96	19.32	24.6	24.24	24.68	25.64	26.2	28.2	29.04	30.36	32.52	35.04	27.96	26.64	26.04	25.04	25.4	24.8	25.08	24.88	25.2	24.16	24.64	24.8	24.48	23.8	24.36	24.12	24.48	24.0	24.0	24.48
5.0	7.0	7.92	8.84	10.24	10.84	12.68	15.44	18.4	18.96	19.84	24.72	24.52	25.2	25.76	25.84	27.96	29.08	29.88	33.6	37.0	27.88	26.2	25.84	25.56	24.84	25.08	24.08	25.0	25.32	24.48	24.16	24.68	24.68	25.4	24.76	24.0	24.76	24.4	24.32	25.2
4.8	6.92	7.96	9.08	10.0	12.0	14.16	15.08	18.6	19.6	24.32	25.44	25.16	25.0	25.96	27.68	28.36	29.64	31.04	34.04	29.0	27.24	25.8	26.12	24.88	24.72	24.4	24.64	24.32	24.92	24.52	25.0	24.6	24.2	24.08	24.52	23.56	24.68	24.48	24.08	24.4
5.0	7.0	8.16	9.08	10.8	12.32	15.0	15.24	19.32	19.76	24.44	24.8	25.4	26.0	25.72	28.04	29.24	30.64	32.88	31.36	27.88	26.56	26.0	25.44	25.48	24.72	25.0	24.96	24.68	24.24	23.84	24.56	24.44	24.24	24.52	24.48	24.44	24.4	23.72	23.96	24.44
4.8	7.0	7.88	9.16	10.6	12.36	15.24	18.88	19.4	19.92	24.64	25.24	25.44	25.36	27.48	27.92	29.28	31.12	32.92	30.2	28.24	26.52	25.68	25.56	25.4	24.96	24.52	25.04	24.64	24.48	24.28	24.6	24.12	24.52	24.52	24.16	24.36	23.8	24.2	24.6	24.12
5.0	6.96	7.84	9.4	10.76	12.76	15.88	19.28	19.36	24.76	24.8	25.76	26.0	25.48	27.84	28.72	30.12	31.6	32.24	29.12	26.76	26.72	25.6	24.56	25.72	24.6	25.2	24.92	25.2	24.24	24.4	24.6	24.4	23.76	24.48	24.44	24.52	24.64	24.52	24.32	25.04
4.8	7.0	7.88	9.4	10.92	12.56	15.36	19.16	19.36	24.44	24.96	24.8	25.76	27.0	27.6	28.68	32.12	31.52	28.96	27.12	26.44	25.88	25.08	24.8	24.64	25.04	25.08	25.12	24.12	24.16	24.28	24.44	24.72	24.4	24.48	24.52	24.2	24.28	24.4	24.16	24.64
4.8	6.96	8.04	9.08	11.76	15.4	15.88	19.52	25.44	25.64	25.88	24.84	25.36	28.16	29.64	31.04	31.48	31.0	27.92	26.32	26.28	25.92	25.2	25.2	24.84	25.08	24.48	24.6	24.44	25.32	24.64	24.2	23.68	24.0	24.56	23.72	23.96	24.68	24.76	23.84	23.96
4.8	7.12	7.92	9.72	12.32	14.96	18.88	20.04	24.84	25.32	26.88	25.72	28.68	28.48	30.36	31.0	29.76	28.68	26.76	26.6	26.2	25.28	24.92	25.0	24.92	25.08	24.32	24.92	24.72	24.4	24.68	24.08	24.24	24.68	24.48	24.24	24.68	24.28	24.76	24.16	24.24
4.8	7.04	7.96	9.44	12.12	15.6	21.36	20.36	25.2	26.88	26.72	26.64	28.44	28.84	31.16	30.4	28.72	26.8	26.0	26.28	25.4	25.44	25.16	25.56	24.6	24.52	24.32	24.48	24.44	24.52	24.28	24.48	24.32	24.6	24.08	24.44	24.0	24.64	24.04	24.52	24.6
5.0	7.0	8.08	9.48	12.48	16.84	21.32	21.76	26.36	27.24	26.92	29.2	29.36	32.36	33.0	28.8	26.92	26.96	25.92	25.92	25.68	25.48	25.28	24.84	24.92	24.24	24.8	23.92	24.12	24.56	25.08	24.4	24.44	24.64	24.08	24.88	23.6	23.8	23.84	24.44	24.2
4.8	7.0	8.0	10.32	12.36	17.08	22.48	26.84	27.08	28.48	28.12	29.76	30.04	34.48	28.4	26.88	27.0	25.68	25.76	26.12	25.76	24.52	24.56	25.04	25.28	24.64	25.0	24.8	24.24	24.32	24.16	24.36	24.92	23.6	24.24	24.04	24.52	25.08	24.44	24.2	24.0
5.0	7.08	8.32	10.6	16.2	21.68	24.52	31.2	29.12	29.28	30.32	31.56	34.72	27.12	27.04	26.16	25.76	26.36	26.4	25.28	25.4	25.0	25.52	24.72	24.72	25.28	24.56	24.68	24.52	23.96	24.24	24.68	24.2	23.88	24.6	24.4	24.24	24.36	24.32	25.16	24.16
4.6	7.16	8.8	10.64	16.72	23.08	25.36	32.96	31.44	35.12	32.12	38.56	37.04	26.68	25.72	25.48	26.2	25.84	25.36	25.32	25.24	25.32	24.92	24.48	24.2	24.6	24.4	24.64	24.12	24.8	24.64	24.2	24.32	24.04	24.2	23.6	24.4	23.88	24.44	24.32	24.04
4.8	7.2	8.72	12.96	17.0	24.04	39.28	36.52	36.32	40.04	34.36	35.4	25.76	25.96	26.24	25.92	26.08	25.56	26.04	25.64	25.16	25.04	25.0	24.92	24.48	25.0	24.68	25.32	24.12	24.64	24.08	24.64	24.92	24.12	24.12	24.56	24.0	24.32	23.92	24.88	24.12
5.0	7.16	8.72	13.12	18.44	26.76	42.48	36.52	33.8	35.32	32.56	26.2	26.64	25.8	24.72	25.48	25.36	25.56	25.36	25.0	25.68	25.48	24.88	25.12	24.76	24.32	24.2	24.6	24.6	24.72	24.36	24.24	23.92	25.08	23.84	25.12	24.16	24.08	24.16	23.76	24.8
5.0	7.44	9.52	13.08	13.32	34.56	43.92	32.44	29.36	28.84	28.52	25.6	26.32	25.68	25.6	25.84	26.08	25.28	25.36	25.16	25.8	25.24	24.96	24.88	24.4	25.16	24.4	24.56	25.04	24.56	24.28	24.28	24.4	24.76	24.0	24.28	24.32	24.56	23.64	24.24	24.36
4.0	7.76	10.28	34.04	13.52	56.64	33.64	30.32	28.52	27.16	26.88	26.8	25.56	26.72	25.4	25.64	26.28	25.68	24.84	25.68	24.8	24.84	24.4	24.44	24.92	24.48	25.0	24.48	24.52	24.36	24.92	24.52	25.12	24.52	24.32	24.4	24.08	24.6	23.84	24.48	24.28
5.0	7.92	10.36	34.0	16.84	53.16	33.12	32.72	28.08	28.96	26.88	26.96	26.24	26.48	25.4	25.64	25.08	25.0	25.96	24.72	25.84	25.32	24.84	24.56	24.68	24.6	24.64	24.52	24.92	24.32	24.0	24.28	24.32	24.08	24.0	24.32	24.72	24.2	25.16	24.44	24.84
4.4	7.92	10.6	40.4	14.56	44.28	33.96	31.04	28.52	29.08	27.2	27.44	26.88	26.64	26.44	25.28	25.16	25.44	25.08	25.48	25.0	24.56	24.68	24.96	24.6	24.76	24.6	24.56	24.4	24.28	24.64	24.08	24.0	24.0	24.52	24.12	24.12	24.52	24.24	24.44	24.36
5.0	7.96	13.12	6.84	5.04	44.12	35.24	33.04	30.28	28.96	27.2	27.36	26.56	26.2	26.32	25.68	25.32	25.96	24.84	25.44	25.12	24.84	24.6	25.04	24.44	25.4	24.48	24.44	24.92	24.52	24.2	24.2	24.24	23.84	24.36	24.08	23.8	23.76	24.52	24.24	24.6
5.0	8.08	13.44	6.04	5.4	9.48	41.84	29.28	30.16	29.08	30.76	28.4	27.52	27.08	26.4	26.48	25.72	26.08	24.96	25.16	25.16	24.68	24.36	24.6	24.4	24.92	24.24	24.36	24.36	24.16	24.52	24.16	24.0	24.48	23.92	24.08	24.64	24.12	24.56	24.68	24.24
4.8	8.68	30.72	6.48	5.08	7.76	40.12	33.16	31.56	29.8	31.16	28.4	27.8	26.56	26.4	26.68	25.92	26.08	25.44	25.44	24.96	25.44	24.64	24.76	24.64	24.56	24.68	24.52	24.44	24.2	24.32	23.96	24.4	24.04	24.68	24.36	24.52	24.2	24.2	24.76	24.0
5.0	9.16	6.32	4.8	5.0	8.72	43.0	32.6	31.44	31.92	31.4	29.56	27.36	26.48	26.88	26.64	26.48	25.56	25.12	25.68	25.24	25.44	24.44	25.16	24.76	24.56	24.28	24.48	24.2	24.88	24.24	24.52	24.36	23.56	24.48	24.2	24.08	24.16	24.0	25.24	24.44
4.8	9.48	6.8	4.8	5.0	8.0	39.76	33.48	32.08	31.8	30.84	28.92	28.68	28.08	27.64	26.8	26.24	25.84	25.52	24.76	24.84	25.16	24.52	24.52	24.56	24.88	24.52	24.68	24.8	24.36	24.4	24.6	24.96	23.72	24.88	24.16	24.4	24.24	24.2	24.92	24.0
5.0	10.52	6.44	5.0	5.08	9.32	39.92	32.52	31.2	31.48	31.56	30.88	28.52	27.88	27.64	26.6	25.76	26.48	25.68	25.4	25.16	24.92	25.08	24.76	24.68	24.72	25.0	24.04	24.56	24.52	24.68	24.44	24.12	24.16	23.92	24.44	24.68	24.48	24.04	24.64	23.92
5.0	13.12	5.0	5.0	5.04	5.2	42.96	38.16	33.0	33.2	32.72	31.36	28.44	27.8	27.76	26.88	26.64	26.4	26.2	25.36	25.2	24.68	24.68	24.72	25.24	24.4	24.72	24.52	23.96	24.76	24.32	24.92	23.88	24.24	24.56	23.96	24.48	23.8	24.72	24.44	24.28
5.0	6.68	5.0	5.0	4.6	4.8	7.4	38.96	34.84	34.28	32.84	30.64	30.4	28.52	28.52	27.64	26.52	25.8	25.52	25.6	25.08	25.0	25.04	24.8	24.96	24.72	24.52	24.56	24.2	24.64	24.48	24.36	24.6	23.88	24.6	24.64	25.04	24.28	24.56	24.08	24.0
4.8	4.8	4.8	4.6	5.0	4.88	10.48	39.76	34.16	34.64	33.4	31.84	30.52	28.48	27.76	26.76	26.88	26.32	26.04	25.56	25.28	25.04	24.76	24.68	24.56	24.84	24.8	24.16	24.6	24.44	24.44	24.48	24.64	24.0	24.28	24.92	24.2	24.28	24.2	24.16	24.72
5.0	4.8	5.0	5.0	5.0	5.28	8.6	39.24	35.64	34.16	33.44	31.8	32.2	28.08	27.92	27.12	26.76	25.84	26.12	25.6	25.64	25.4	24.56	24.36	24.64	25.08	25.2	24.0	24.6	24.56	24.16	24.48	24.36	24.4	24.12	24.64	24.48	24.16	24.32	24.2	24.12
4.8	5.0	5.0	5.0	5.0	5.68	7.96	41.44	34.4	34.6	33.96	33.48	30.6	31.36	27.64	27.08	26.24	26.2	26.12	26.8	25.2	25.48	25.24	24.84	24.64	25.44	24.8	24.72	24.72	24.04	24.4	24.48	24.72	24.64	24.12	23.96	24.28	24.16	24.28	24.48	24.2
4.6	5.0	4.8	4.8	5.0	5.4	9.88	43.2	40.64	34.76	35.96	34.96	30.32	31.08	27.52	26.76	27.52	26.8	26.2	25.28	25.64	24.88	25.52	25.2	25.44	24.88	25.24	24.52	24.68	24.72	23.96	25.12	24.52	24.0	24.36	24.6	24.16	24.56	24.32	23.88	24.52
