0.00046875	0.5450390625	0.541640625	0.5437109375	0.542138671875	0.541494140625	0.544072265625	0.54091796875	0.5416796875	0.54146484375	0.5425390625	0.54072265625	0.5416015625	0.539306640625	0.53931640625	0.542734375	0.542705078125	0.54349609375	0.540859375	0.54171875	0.539521484375	0.53853515625	0.541044921875	0.543330078125	0.5373828125	0.541572265625	0.540615234375	0.54572265625	0.542822265625	0.541142578125	0.537265625	0.542490234375	0.543330078125	0.5451953125	0.5423046875	0.539873046875	0.543349609375	0.54037109375	0.5462109375	0.5415625	0.541572265625
0.00044921875	0.42787109375	0.538466796875	0.540517578125	0.538818359375	0.541103515625	0.53705078125	0.5434375	0.5392578125	0.541279296875	0.545751953125	0.540546875	0.544404296875	0.53994140625	0.53708984375	0.5405859375	0.541611328125	0.539521484375	0.541591796875	0.541484375	0.538994140625	0.540595703125	0.547548828125	0.539375	0.542587890625	0.54408203125	0.542060546875	0.538505859375	0.535009765625	0.5437890625	0.544921875	0.53892578125	0.540830078125	0.53796875	0.5430078125	0.5404296875	0.545341796875	0.540302734375	0.54328125	0.542666015625	0.537509765625
0.000478515625	0.191201171875	0.427158203125	0.53740234375	0.542724609375	0.5413671875	0.53728515625	0.54115234375	0.54173828125	0.544306640625	0.54392578125	0.54240234375	0.53953125	0.53662109375	0.541201171875	0.54134765625	0.543447265625	0.540263671875	0.543310546875	0.541513671875	0.538251953125	0.54109375	0.538603515625	0.541513671875	0.54021484375	0.541279296875	0.5441015625	0.542822265625	0.5436328125	0.539150390625	0.544931640625	0.540830078125	0.539248046875	0.541396484375	0.54400390625	0.5398828125	0.540419921875	0.541279296875	0.5384375	0.542001953125	0.542373046875
0.00041015625	0.160576171875	0.364453125	0.42939453125	0.5375390625	0.537744140625	0.5410546875	0.5446875	0.542294921875	0.5435546875	0.5398828125	0.54017578125	0.54345703125	0.542705078125	0.545087890625	0.540791015625	0.53912109375	0.545517578125	0.542001953125	0.541279296875	0.54388671875	0.542783203125	0.539453125	0.538935546875	0.536787109375	0.54447265625	0.540595703125	0.542705078125	0.54072265625	0.547666015625	0.541572265625	0.53830078125	0.541201171875	0.542646484375	0.538955078125	0.537412109375	0.542216796875	0.542451171875	0.545654296875	0.541220703125	0.537666015625
0.00048828125	0.025478515625	0.19349609375	0.368564453125	0.428857421875	0.540224609375	0.539892578125	0.543564453125	0.54025390625	0.543505859375	0.5383984375	0.53900390625	0.542666015625	0.53806640625	0.542890625	0.543076171875	0.54259765625	0.540751953125	0.533505859375	0.53904296875	0.54197265625	0.5452734375	0.5397265625	0.5413671875	0.541083984375	0.54228515625	0.54	0.53955078125	0.540908203125	0.53841796875	0.541240234375	0.538818359375	0.5462890625	0.542744140625	0.5402734375	0.5411328125	0.538916015625	0.5423046875	0.543955078125	0.5393359375	0.542666015625
0.000458984375	0.01494140625	0.165537109375	0.2409375	0.407734375	0.426943359375	0.54021484375	0.540712890625	0.542041015625	0.54314453125	0.543974609375	0.541669921875	0.5397265625	0.53947265625	0.542861328125	0.535791015625	0.542197265625	0.543134765625	0.54048828125	0.53984375	0.53974609375	0.5397265625	0.538828125	0.538251953125	0.542158203125	0.537236328125	0.541494140625	0.52099609375	0.54080078125	0.543876953125	0.53728515625	0.54267578125	0.540263671875	0.540849609375	0.541845703125	0.543564453125	0.542587890625	0.54171875	0.5394921875	0.54228515625	0.540126953125
0.00044921875	0.0199609375	0.162236328125	0.19046875	0.36359375	0.42671875	0.43279296875	0.543984375	0.541572265625	0.542509765625	0.544990234375	0.537626953125	0.54064453125	0.540908203125	0.54669921875	0.543671875	0.542666015625	0.53974609375	0.53966796875	0.541943359375	0.544755859375	0.53974609375	0.539521484375	0.537900390625	0.540771484375	0.539130859375	0.54150390625	0.542275390625	0.541337890625	0.546259765625	0.544501953125	0.542099609375	0.5422265625	0.53998046875	0.543486328125	0.545712890625	0.540029296875	0.543251953125	0.544013671875	0.542490234375	0.543193359375
0.000419921875	0.015634765625	0.0467578125	0.185947265625	0.240478515625	0.370068359375	0.433212890625	0.50044921875	0.54314453125	0.538876953125	0.54439453125	0.540810546875	0.541181640625	0.540625	0.542646484375	0.543505859375	0.54236328125	0.542666015625	0.540947265625	0.541767578125	0.54044921875	0.537734375	0.541025390625	0.54146484375	0.542353515625	0.54216796875	0.54552734375	0.542353515625	0.541474609375	0.5442578125	0.537578125	0.543740234375	0.539609375	0.5416796875	0.539189453125	0.544130859375	0.54419921875	0.543984375	0.54138671875	0.539296875	0.543740234375
0.000390625	0.009912109375	0.028994140625	0.155849609375	0.1906640625	0.25529296875	0.380166015625	0.438544921875	0.445673828125	0.542578125	0.5423046875	0.54265625	0.537275390625	0.542734375	0.541240234375	0.54345703125	0.54291015625	0.5432421875	0.54384765625	0.541416015625	0.5465234375	0.54458984375	0.542275390625	0.542275390625	0.5379296875	0.54421875	0.539716796875	0.53939453125	0.54087890625	0.543642578125	0.542724609375	0.539814453125	0.542236328125	0.54248046875	0.538759765625	0.54265625	0.5416015625	0.5437109375	0.545361328125	0.54166015625	0.5444140625
0.0004296875	0.00681640625	0.02736328125	0.052060546875	0.188916015625	0.242744140625	0.26060546875	0.42056640625	0.44298828125	0.457568359375	0.540576171875	0.5408203125	0.5419921875	0.54408203125	0.543525390625	0.5442578125	0.53576171875	0.54162109375	0.54080078125	0.5387109375	0.54384765625	0.542294921875	0.541376953125	0.542197265625	0.54470703125	0.540361328125	0.543447265625	0.5449609375	0.541083984375	0.54009765625	0.5394140625	0.540263671875	0.539736328125	0.538759765625	0.542421875	0.54228515625	0.53884765625	0.5408203125	0.54208984375	0.544296875	0.53716796875
0.00041015625	0.006220703125	0.01525390625	0.046806640625	0.16708984375	0.19685546875	0.249951171875	0.3778515625	0.42712890625	0.4591015625	0.463466796875	0.5390234375	0.539765625	0.53654296875	0.542080078125	0.540810546875	0.54228515625	0.539951171875	0.539052734375	0.542470703125	0.5413671875	0.543642578125	0.53986328125	0.5430078125	0.543359375	0.54466796875	0.542060546875	0.543935546875	0.541728515625	0.53474609375	0.540126953125	0.539306640625	0.541611328125	0.53724609375	0.54171875	0.54330078125	0.543037109375	0.546904296875	0.53896484375	0.54095703125	0.538349609375
0.00046875	0.0056640625	0.017958984375	0.043447265625	0.16365234375	0.19828125	0.248671875	0.270576171875	0.3905859375	0.450126953125	0.465625	0.467568359375	0.53732421875	0.5387109375	0.543349609375	0.543525390625	0.54224609375	0.543232421875	0.540498046875	0.544033203125	0.54044921875	0.5392578125	0.538779296875	0.5416015625	0.5408984375	0.543876953125	0.541767578125	0.540732421875	0.54462890625	0.540009765625	0.542998046875	0.543291015625	0.544287109375	0.54125	0.537548828125	0.5387109375	0.54162109375	0.539599609375	0.5422265625	0.537529296875	0.5390234375
0.000390625	0.005615234375	0.01681640625	0.027958984375	0.160185546875	0.19302734375	0.202109375	0.2574609375	0.387236328125	0.435654296875	0.45560546875	0.4676171875	0.475302734375	0.541435546875	0.5418359375	0.539228515625	0.54	0.53970703125	0.54732421875	0.545615234375	0.540986328125	0.543857421875	0.54296875	0.539697265625	0.543798828125	0.5442578125	0.541982421875	0.54515625	0.544609375	0.540126953125	0.540908203125	0.538837890625	0.542685546875	0.543134765625	0.543251953125	0.540625	0.54076171875	0.5483203125	0.541845703125	0.543779296875	0.54302734375
0.00041015625	0.00345703125	0.0146875	0.02501953125	0.058251953125	0.17494140625	0.201923828125	0.25462890625	0.27998046875	0.39669921875	0.442900390625	0.458427734375	0.469755859375	0.479755859375	0.542021484375	0.54419921875	0.54009765625	0.544765625	0.54349609375	0.5419140625	0.544306640625	0.54416015625	0.540185546875	0.542841796875	0.539765625	0.54375	0.53970703125	0.54119140625	0.539501953125	0.54205078125	0.538583984375	0.541767578125	0.540615234375	0.53794921875	0.54005859375	0.542666015625	0.541748046875	0.5416015625	0.5394140625	0.540185546875	0.538896484375
0.00041015625	0.004208984375	0.011953125	0.026865234375	0.05923828125	0.169091796875	0.201259765625	0.214716796875	0.2676171875	0.30109375	0.405283203125	0.448740234375	0.46701171875	0.473515625	0.52857421875	0.516884765625	0.54068359375	0.542021484375	0.5428125	0.54478515625	0.537607421875	0.541826171875	0.54333984375	0.54322265625	0.539638671875	0.537890625	0.54306640625	0.5387109375	0.5456640625	0.541669921875	0.542841796875	0.543125	0.543349609375	0.544833984375	0.54125	0.542724609375	0.539638671875	0.541064453125	0.541865234375	0.539892578125	0.543798828125
0.000400390625	0.0030078125	0.012294921875	0.019150390625	0.05310546875	0.06751953125	0.177001953125	0.209501953125	0.2597265625	0.278623046875	0.30517578125	0.411044921875	0.453955078125	0.4739453125	0.47984375	0.496005859375	0.5434375	0.5428125	0.54357421875	0.541083984375	0.520166015625	0.5430078125	0.539169921875	0.540849609375	0.5451171875	0.541708984375	0.543134765625	0.542880859375	0.545869140625	0.538037109375	0.53833984375	0.54556640625	0.53994140625	0.543857421875	0.538642578125	0.540283203125	0.541083984375	0.542861328125	0.5370703125	0.540537109375	0.539912109375
0.00041015625	0.00365234375	0.009375	0.018837890625	0.039599609375	0.072177734375	0.173583984375	0.208740234375	0.21642578125	0.273583984375	0.3027734375	0.40697265625	0.4132421875	0.4696875	0.479599609375	0.496962890625	0.49939453125	0.539560546875	0.543388671875	0.54404296875	0.532939453125	0.54244140625	0.53919921875	0.5378125	0.53701171875	0.54115234375	0.541865234375	0.542451171875	0.542578125	0.540595703125	0.540048828125	0.546376953125	0.5405078125	0.542373046875	0.536376953125	0.542578125	0.536494140625	0.540595703125	0.5394921875	0.5448828125	0.543271484375
0.000390625	0.00337890625	0.00974609375	0.02001953125	0.039892578125	0.072666015625	0.176103515625	0.203935546875	0.2178515625	0.273583984375	0.29197265625	0.314873046875	0.4139453125	0.4543359375	0.467236328125	0.4806640625	0.500146484375	0.505	0.541328125	0.540380859375	0.538125	0.543193359375	0.541396484375	0.539658203125	0.544921875	0.542197265625	0.54521484375	0.539951171875	0.542666015625	0.53662109375	0.54146484375	0.54259765625	0.539560546875	0.544052734375	0.540751953125	0.538017578125	0.54388671875	0.539775390625	0.539501953125	0.547412109375	0.540009765625
0.00041015625	0.003544921875	0.006708984375	0.013486328125	0.0374609375	0.068271484375	0.080556640625	0.18212890625	0.213349609375	0.223935546875	0.289326171875	0.3137890625	0.32625	0.42421875	0.459423828125	0.473427734375	0.495234375	0.49798828125	0.507080078125	0.540087890625	0.54	0.54158203125	0.54306640625	0.5381640625	0.539404296875	0.54224609375	0.5420703125	0.5417578125	0.5391796875	0.5418359375	0.541640625	0.5409375	0.545009765625	0.542626953125	0.543251953125	0.545615234375	0.542666015625	0.545185546875	0.544296875	0.53783203125	0.542333984375
0.00044921875	0.00263671875	0.00806640625	0.014658203125	0.03970703125	0.068232421875	0.08076171875	0.181982421875	0.21041015625	0.226884765625	0.287841796875	0.30029296875	0.32037109375	0.412041015625	0.4276171875	0.466923828125	0.479775390625	0.49744140625	0.505361328125	0.534013671875	0.540634765625	0.540234375	0.542041015625	0.545478515625	0.54080078125	0.547275390625	0.5414453125	0.544150390625	0.5401953125	0.5412109375	0.541396484375	0.543251953125	0.542900390625	0.544013671875	0.544716796875	0.542294921875	0.546142578125	0.54353515625	0.5394140625	0.5440234375	0.54375
0.0005078125	0.00267578125	0.00705078125	0.0167578125	0.02876953125	0.046767578125	0.079033203125	0.180751953125	0.192412109375	0.22451171875	0.233818359375	0.297265625	0.30728515625	0.326943359375	0.4257421875	0.43373046875	0.467236328125	0.494091796875	0.497783203125	0.505615234375	0.509326171875	0.5412890625	0.545615234375	0.54150390625	0.543408203125	0.54	0.5376171875	0.54294921875	0.540712890625	0.5427734375	0.538984375	0.53974609375	0.54197265625	0.541884765625	0.5430078125	0.5375	0.542314453125	0.541337890625	0.54125	0.541923828125	0.53787109375
0.000400390625	0.00212890625	0.005615234375	0.013544921875	0.030302734375	0.0478125	0.07736328125	0.089423828125	0.1887890625	0.214697265625	0.233037109375	0.295439453125	0.307158203125	0.3246875	0.342451171875	0.426142578125	0.462548828125	0.478349609375	0.497080078125	0.5033203125	0.510166015625	0.5073828125	0.546591796875	0.54373046875	0.53837890625	0.5391015625	0.540654296875	0.53880859375	0.54017578125	0.541572265625	0.539443359375	0.541982421875	0.53923828125	0.540810546875	0.540654296875	0.539228515625	0.541220703125	0.540283203125	0.542109375	0.54486328125	0.539072265625
0.000478515625	0.002158203125	0.005947265625	0.012109375	0.0301171875	0.044521484375	0.074912109375	0.08955078125	0.18369140625	0.214033203125	0.230361328125	0.2541015625	0.306181640625	0.31552734375	0.338017578125	0.429013671875	0.433759765625	0.466240234375	0.492880859375	0.50130859375	0.50666015625	0.51388671875	0.51328125	0.539150390625	0.544091796875	0.54177734375	0.54083984375	0.54091796875	0.54345703125	0.539853515625	0.539072265625	0.5401953125	0.545126953125	0.543330078125	0.542490234375	0.543388671875	0.54001953125	0.54271484375	0.542197265625	0.542548828125	0.54091796875
0.00048828125	0.002236328125	0.00546875	0.01642578125	0.029833984375	0.045986328125	0.07716796875	0.08884765625	0.18509765625	0.198515625	0.226142578125	0.248701171875	0.300966796875	0.312265625	0.335556640625	0.3554296875	0.426513671875	0.439072265625	0.470927734375	0.49609375	0.499228515625	0.50857421875	0.514990234375	0.513427734375	0.54064453125	0.54349609375	0.542998046875	0.540986328125	0.542333984375	0.54314453125	0.542880859375	0.538095703125	0.54365234375	0.5384765625	0.542841796875	0.53845703125	0.54240234375	0.5414453125	0.541708984375	0.540322265625	0.541982421875
0.00041015625	0.001611328125	0.00482421875	0.014296875	0.03017578125	0.046357421875	0.0544921875	0.08841796875	0.18228515625	0.19666015625	0.21990234375	0.250009765625	0.259111328125	0.31150390625	0.323046875	0.34916015625	0.426728515625	0.43244140625	0.469453125	0.488681640625	0.49880859375	0.508134765625	0.5106640625	0.513154296875	0.511904296875	0.545537109375	0.539248046875	0.54392578125	0.53841796875	0.54177734375	0.54130859375	0.54177734375	0.542724609375	0.541142578125	0.541328125	0.53927734375	0.54076171875	0.54509765625	0.54271484375	0.539130859375	0.541103515625
0.000390625	0.00169921875	0.00541015625	0.013544921875	0.02576171875	0.035888671875	0.053583984375	0.0841796875	0.098447265625	0.192841796875	0.20505859375	0.24951171875	0.258974609375	0.30841796875	0.320244140625	0.329833984375	0.357392578125	0.433095703125	0.44029296875	0.4740625	0.48826171875	0.503310546875	0.510712890625	0.513876953125	0.5145703125	0.515537109375	0.54251953125	0.540263671875	0.54234375	0.54482421875	0.539765625	0.5430078125	0.541083984375	0.542119140625	0.540322265625	0.542001953125	0.54365234375	0.542109375	0.5390625	0.545048828125	0.538525390625
0.000458984375	0.002109375	0.00482421875	0.0148046875	0.023369140625	0.03630859375	0.053935546875	0.085126953125	0.097861328125	0.19447265625	0.20365234375	0.22263671875	0.2571875	0.2707421875	0.31955078125	0.327373046875	0.357880859375	0.3615625	0.437763671875	0.44552734375	0.48541015625	0.499287109375	0.503974609375	0.509814453125	0.515166015625	0.519326171875	0.515234375	0.540439453125	0.544638671875	0.546591796875	0.54228515625	0.5386328125	0.540185546875	0.5456640625	0.54322265625	0.538935546875	0.541865234375	0.54548828125	0.54380859375	0.541435546875	0.5464453125
0.000478515625	0.001396484375	0.005517578125	0.0127734375	0.025166015625	0.034140625	0.052392578125	0.08447265625	0.09869140625	0.113916015625	0.19818359375	0.229228515625	0.257509765625	0.2695703125	0.314306640625	0.32177734375	0.34603515625	0.362998046875	0.373017578125	0.44220703125	0.452431640625	0.49330078125	0.500283203125	0.51	0.5125390625	0.513525390625	0.513544921875	0.515380859375	0.54232421875	0.54072265625	0.539765625	0.54169921875	0.541025390625	0.54208984375	0.541025390625	0.54216796875	0.544208984375	0.544228515625	0.54796875	0.54001953125	0.54251953125
0.0003125	0.001259765625	0.005048828125	0.0122265625	0.02638671875	0.03576171875	0.05150390625	0.06236328125	0.09765625	0.10705078125	0.20046875	0.206015625	0.25435546875	0.2651171875	0.292041015625	0.31935546875	0.343583984375	0.360849609375	0.368974609375	0.441416015625	0.44181640625	0.489521484375	0.4930078125	0.50060546875	0.508125	0.51626953125	0.5114453125	0.5110546875	0.535556640625	0.543388671875	0.540615234375	0.543828125	0.539951171875	0.539267578125	0.539609375	0.54240234375	0.541669921875	0.540517578125	0.540869140625	0.540322265625	0.537216796875
0.00052734375	0.0016796875	0.005712890625	0.013056640625	0.020673828125	0.0373046875	0.05259765625	0.06203125	0.096083984375	0.10828125	0.198935546875	0.21005859375	0.250771484375	0.267314453125	0.278115234375	0.323447265625	0.33080078125	0.351279296875	0.365478515625	0.3801171875	0.44083984375	0.45115234375	0.489072265625	0.4934765625	0.507861328125	0.511884765625	0.512353515625	0.517080078125	0.513125	0.513505859375	0.539814453125	0.544169921875	0.540869140625	0.5396875	0.53896484375	0.5409765625	0.5437109375	0.540126953125	0.542763671875	0.544658203125	0.543662109375
0.000439453125	0.001328125	0.004765625	0.01240234375	0.0216015625	0.02962890625	0.04333984375	0.062578125	0.094814453125	0.10646484375	0.1228515625	0.207587890625	0.23265625	0.26365234375	0.281923828125	0.290361328125	0.328623046875	0.345830078125	0.357587890625	0.373359375	0.3821484375	0.44681640625	0.46921875	0.49373046875	0.49859375	0.5092578125	0.509921875	0.514580078125	0.515048828125	0.5151953125	0.519326171875	0.540517578125	0.5399609375	0.542021484375	0.542490234375	0.54224609375	0.535908203125	0.539990234375	0.54064453125	0.54455078125	0.542158203125
0.00046875	0.001455078125	0.0055078125	0.0123046875	0.021845703125	0.030537109375	0.044462890625	0.062724609375	0.09560546875	0.10412109375	0.125361328125	0.20490234375	0.236875	0.257216796875	0.28146484375	0.29728515625	0.3305859375	0.340380859375	0.35623046875	0.374609375	0.38099609375	0.443447265625	0.44900390625	0.473310546875	0.495234375	0.511240234375	0.51142578125	0.514443359375	0.51365234375	0.51248046875	0.515419921875	0.5155078125	0.537861328125	0.5410546875	0.54341796875	0.5405859375	0.541259765625	0.5398828125	0.542060546875	0.54029296875	0.54275390625
0.000439453125	0.001298828125	0.00583984375	0.012578125	0.020400390625	0.03203125	0.045673828125	0.063134765625	0.074169921875	0.103408203125	0.126328125	0.204912109375	0.2147265625	0.255537109375	0.27763671875	0.292548828125	0.306796875	0.33529296875	0.3540625	0.366953125	0.376162109375	0.38802734375	0.4462109375	0.472763671875	0.4768359375	0.496904296875	0.510029296875	0.51228515625	0.51462890625	0.51435546875	0.51525390625	0.51287109375	0.51486328125	0.53953125	0.540361328125	0.5453125	0.544189453125	0.542431640625	0.5408203125	0.539765625	0.542744140625
0.00048828125	0.001533203125	0.0051953125	0.01125	0.020166015625	0.031884765625	0.04421875	0.063134765625	0.07685546875	0.105625	0.12560546875	0.203193359375	0.20966796875	0.24546875	0.275341796875	0.293447265625	0.3080859375	0.337275390625	0.3572265625	0.36421875	0.375830078125	0.38720703125	0.4444140625	0.449638671875	0.4712109375	0.49873046875	0.5035546875	0.51029296875	0.51248046875	0.510419921875	0.51330078125	0.515478515625	0.514150390625	0.535693359375	0.54107421875	0.545966796875	0.5396484375	0.540654296875	0.54099609375	0.54138671875	0.542333984375
0.000439453125	0.0014453125	0.00638671875	0.01150390625	0.01990234375	0.032470703125	0.0441015625	0.064453125	0.078564453125	0.106767578125	0.126484375	0.143232421875	0.211044921875	0.242216796875	0.27314453125	0.29505859375	0.3105859375	0.31845703125	0.3438671875	0.359755859375	0.370478515625	0.383388671875	0.39306640625	0.4462109375	0.449326171875	0.479716796875	0.50078125	0.503193359375	0.51224609375	0.513173828125	0.51365234375	0.513916015625	0.5130859375	0.513525390625	0.5143359375	0.539931640625	0.538486328125	0.54314453125	0.542060546875	0.54	0.546171875
0.000458984375	0.00162109375	0.00607421875	0.012451171875	0.02025390625	0.0280859375	0.045087890625	0.055185546875	0.078955078125	0.1080078125	0.1251953125	0.144990234375	0.211640625	0.242646484375	0.266328125	0.291884765625	0.315595703125	0.31697265625	0.3397265625	0.355947265625	0.3669140625	0.3792578125	0.38884765625	0.394833984375	0.447080078125	0.47208984375	0.48615234375	0.50130859375	0.50755859375	0.51185546875	0.512421875	0.513369140625	0.512734375	0.51240234375	0.5124609375	0.516279296875	0.54126953125	0.545009765625	0.54173828125	0.538046875	0.53818359375
0.000390625	0.001708984375	0.0053515625	0.0105859375	0.019013671875	0.02873046875	0.042939453125	0.0589453125	0.081279296875	0.09201171875	0.125126953125	0.145751953125	0.163876953125	0.242158203125	0.266181640625	0.293515625	0.31169921875	0.31865234375	0.32099609375	0.35318359375	0.365498046875	0.378701171875	0.384443359375	0.39412109375	0.396181640625	0.46939453125	0.484794921875	0.479892578125	0.507607421875	0.5093359375	0.5118359375	0.513359375	0.51708984375	0.512822265625	0.517734375	0.517353515625	0.51564453125	0.541982421875	0.537236328125	0.54005859375	0.539833984375
0.00037109375	0.001923828125	0.00560546875	0.011708984375	0.020927734375	0.03109375	0.043837890625	0.05892578125	0.081767578125	0.095625	0.128349609375	0.149736328125	0.16724609375	0.238876953125	0.27322265625	0.29666015625	0.311318359375	0.31892578125	0.324345703125	0.34681640625	0.369208984375	0.376015625	0.378896484375	0.392353515625	0.395244140625	0.44802734375	0.4815625	0.482353515625	0.4978125	0.508779296875	0.508515625	0.514306640625	0.512919921875	0.512412109375	0.5128125	0.51419921875	0.514775390625	0.513818359375	0.542197265625	0.54142578125	0.540791015625
0.000537109375	0.001943359375	0.00671875	0.012412109375	0.021494140625	0.0319921875	0.04599609375	0.061904296875	0.08296875	0.10064453125	0.129267578125	0.158720703125	0.17125	0.219697265625	0.277724609375	0.29494140625	0.31009765625	0.320703125	0.32390625	0.3253125	0.368017578125	0.374140625	0.376357421875	0.384296875	0.397958984375	0.396494140625	0.472724609375	0.479873046875	0.485126953125	0.505537109375	0.505576171875	0.509365234375	0.514658203125	0.512451171875	0.516494140625	0.516787109375	0.51640625	0.51353515625	0.537109375	0.541142578125	0.5403125
0.00052734375	0.002294921875	0.007109375	0.01234375	0.022861328125	0.0336328125	0.049638671875	0.06654296875	0.08458984375	0.104033203125	0.128916015625	0.16234375	0.172265625	0.17376953125	0.28931640625	0.291591796875	0.309658203125	0.318369140625	0.324228515625	0.3242578125	0.367734375	0.37599609375	0.379169921875	0.37861328125	0.394248046875	0.396103515625	0.3987109375	0.480361328125	0.478759765625	0.487119140625	0.507265625	0.506376953125	0.512294921875	0.513408203125	0.5140625	0.514306640625	0.512294921875	0.514921875	0.51419921875	0.512421875	0.5413671875
0.000478515625	0.001953125	0.006240234375	0.014638671875	0.022509765625	0.03390625	0.054140625	0.071103515625	0.07466796875	0.107939453125	0.107998046875	0.161953125	0.172236328125	0.174521484375	0.28935546875	0.289423828125	0.29453125	0.31369140625	0.324560546875	0.325166015625	0.3232421875	0.374970703125	0.376611328125	0.38154296875	0.382919921875	0.3956640625	0.396044921875	0.48271484375	0.47873046875	0.48353515625	0.484345703125	0.507001953125	0.506484375	0.511513671875	0.513037109375	0.515517578125	0.5125390625	0.5140234375	0.515673828125	0.515029296875	0.514072265625
