1.0	0.0	0.0	0.0	0.0	0.0
2.0	0.0	0.0	0.0	0.0	0.0
3.0	0.0	0.0	0.0	0.0	3.90625e-5
4.0	0.0	0.0	0.0	9.765625e-6	0.000263671875
5.0	0.0	0.0	1.953125e-5	6.8359375e-5	0.000546875
6.0	0.0	0.0	1.953125e-5	0.000107421875	0.00072265625
7.0	0.0	0.0	1.953125e-5	0.000166015625	0.000986328125
8.0	0.0	0.0	9.765625e-6	0.00033203125	0.001181640625
9.0	0.0	0.0	9.765625e-6	0.000283203125	0.001357421875
10.0	0.0	0.0	0.0	0.000234375	0.001416015625
11.0	0.0	0.0	0.0	0.000322265625	0.001337890625
12.0	0.0	0.0	0.0	0.000390625	0.001396484375
13.0	0.0	0.0	0.0	0.0003125	0.001337890625
14.0	0.0	0.0	0.0	0.000517578125	0.001640625
15.0	0.0	0.0	1.953125e-5	0.000478515625	0.00181640625
16.0	0.0	0.0	9.765625e-6	0.000537109375	0.0019921875
17.0	0.0	0.0	0.0	0.000517578125	0.001806640625
18.0	0.0	0.0	1.953125e-5	0.00046875	0.001884765625
19.0	0.0	0.0	3.90625e-5	0.000546875	0.002001953125
20.0	0.0	0.0	2.9296875e-5	0.000673828125	0.00189453125
21.0	0.0	0.0	9.765625e-6	0.00064453125	0.002099609375
22.0	0.0	0.0	0.0	0.0005078125	0.00177734375
23.0	0.0	0.0	9.765625e-6	0.000537109375	0.001728515625
24.0	0.0	0.0	0.0	0.000439453125	0.001865234375
25.0	0.0	0.0	1.953125e-5	0.000537109375	0.002138671875
26.0	0.0	0.0	1.953125e-5	0.0008203125	0.00234375
27.0	0.0	0.0	9.765625e-6	0.00087890625	0.0023828125
28.0	0.0	0.0	9.765625e-6	0.0008203125	0.002646484375
29.0	0.0	0.0	9.765625e-6	0.000771484375	0.00275390625
30.0	0.0	0.0	6.8359375e-5	0.000888671875	0.003056640625
31.0	0.0	0.0	6.8359375e-5	0.001025390625	0.00349609375
32.0	0.0	0.0	8.7890625e-5	0.000927734375	0.003359375
33.0	0.0	0.0	8.7890625e-5	0.001044921875	0.003505859375
34.0	0.0	0.0	4.8828125e-5	0.000986328125	0.003486328125
35.0	0.0	0.0	9.765625e-6	0.0009375	0.003994140625
36.0	0.0	0.0	2.9296875e-5	0.0011328125	0.00357421875
37.0	0.0	0.0	5.859375e-5	0.0009765625	0.003798828125
38.0	0.0	0.0	3.90625e-5	0.000966796875	0.003671875
39.0	0.0	0.0	8.7890625e-5	0.001142578125	0.0037109375
40.0	0.0	0.0	3.90625e-5	0.0010546875	0.0038671875
41.0	0.0	0.0	9.765625e-6	0.001015625	0.004072265625
42.0	0.0	0.0	2.9296875e-5	0.001025390625	0.004521484375
43.0	0.0	0.0	4.8828125e-5	0.001123046875	0.00501953125
44.0	0.0	0.0	4.8828125e-5	0.00119140625	0.005205078125
45.0	0.0	0.0	9.765625e-5	0.00130859375	0.00572265625
46.0	0.0	0.0	0.00015625	0.00126953125	0.006025390625
47.0	0.0	0.0	8.7890625e-5	0.001162109375	0.005732421875
48.0	0.0	0.0	0.000126953125	0.00140625	0.005966796875
49.0	0.0	0.0	0.000126953125	0.001513671875	0.006220703125
50.0	0.0	0.0	8.7890625e-5	0.00125	0.00630859375
51.0	0.0	0.0	0.000107421875	0.00123046875	0.0068359375
52.0	0.0	0.0	0.000107421875	0.001259765625	0.007099609375
53.0	0.0	0.0	3.90625e-5	0.001640625	0.00669921875
54.0	0.0	0.0	7.8125e-5	0.001787109375	0.00650390625
55.0	0.0	0.0	7.8125e-5	0.001982421875	0.007177734375
56.0	0.0	0.0	0.000107421875	0.001953125	0.0075
57.0	0.0	0.0	8.7890625e-5	0.0021484375	0.00767578125
58.0	0.0	0.0	8.7890625e-5	0.0025	0.007607421875
59.0	0.0	0.0	0.000107421875	0.00240234375	0.008232421875
60.0	0.0	0.0	0.000126953125	0.00234375	0.008173828125
61.0	0.0	0.0	9.765625e-5	0.002822265625	0.0080859375
62.0	0.0	0.0	0.000107421875	0.002373046875	0.008408203125
63.0	0.0	0.0	0.000126953125	0.00251953125	0.008193359375
64.0	0.0	0.0	0.0001171875	0.002353515625	0.0083203125
65.0	0.0	0.0	0.000146484375	0.0022265625	0.008857421875
66.0	0.0	0.0	0.000146484375	0.002275390625	0.008759765625
67.0	0.0	0.0	0.000107421875	0.00234375	0.009169921875
68.0	0.0	0.0	9.765625e-5	0.0026953125	0.00919921875
69.0	0.0	0.0	0.000107421875	0.00267578125	0.009755859375
70.0	0.0	0.0	9.765625e-5	0.00279296875	0.0098046875
71.0	0.0	0.0	9.765625e-5	0.003046875	0.0098046875
72.0	0.0	0.0	0.00017578125	0.003173828125	0.010224609375
73.0	0.0	0.0	0.000166015625	0.00287109375	0.00998046875
74.0	0.0	0.0	7.8125e-5	0.00322265625	0.010498046875
75.0	0.0	0.0	0.000126953125	0.002978515625	0.01083984375
76.0	0.0	0.0	9.765625e-5	0.00302734375	0.01103515625
77.0	0.0	0.0	9.765625e-5	0.002958984375	0.010986328125
78.0	0.0	0.0	6.8359375e-5	0.003046875	0.01099609375
79.0	0.0	0.0	0.0001171875	0.00333984375	0.011279296875
80.0	0.0	0.0	0.000107421875	0.0034375	0.01109375
81.0	0.0	0.0	0.00017578125	0.003291015625	0.01134765625
82.0	0.0	0.0	0.000107421875	0.003203125	0.01109375
83.0	0.0	0.0	0.0001171875	0.00306640625	0.01103515625
84.0	0.0	0.0	0.00013671875	0.003232421875	0.010712890625
85.0	0.0	0.0	9.765625e-5	0.00341796875	0.011005859375
86.0	0.0	0.0	0.00013671875	0.00341796875	0.010625
87.0	0.0	0.0	0.000185546875	0.003037109375	0.011171875
88.0	0.0	0.0	0.000146484375	0.003349609375	0.011494140625
89.0	0.0	0.0	0.000146484375	0.00330078125	0.011591796875
90.0	0.0	0.0	0.000146484375	0.00341796875	0.01134765625
91.0	0.0	0.0	0.0001171875	0.00330078125	0.01212890625
92.0	0.0	0.0	9.765625e-5	0.003359375	0.01228515625
93.0	0.0	0.0	7.8125e-5	0.003525390625	0.01177734375
94.0	0.0	0.0	0.000107421875	0.00357421875	0.0115234375
95.0	0.0	0.0	7.8125e-5	0.003466796875	0.01142578125
96.0	0.0	0.0	0.000107421875	0.003427734375	0.0105078125
97.0	0.0	0.0	0.000166015625	0.00310546875	0.010947265625
98.0	0.0	0.0	0.0001171875	0.002734375	0.010615234375
99.0	0.0	0.0	0.00015625	0.003037109375	0.01044921875
100.0	0.0	0.0	5.859375e-5	0.0030859375	0.011220703125
101.0	0.0	0.0	4.8828125e-5	0.00330078125	0.010341796875
102.0	0.0	0.0	5.859375e-5	0.00357421875	0.00986328125
103.0	0.0	0.0	0.000107421875	0.0037109375	0.0103515625
104.0	0.0	0.0	7.8125e-5	0.00376953125	0.010517578125
105.0	0.0	0.0	8.7890625e-5	0.003505859375	0.010458984375
106.0	0.0	0.0	0.000126953125	0.0035546875	0.010498046875
107.0	0.0	0.0	6.8359375e-5	0.003642578125	0.01083984375
108.0	0.0	0.0	9.765625e-5	0.0036328125	0.010712890625
109.0	0.0	0.0	7.8125e-5	0.00353515625	0.00984375
110.0	0.0	0.0	0.0001171875	0.0032421875	0.009609375
111.0	0.0	0.0	4.8828125e-5	0.002958984375	0.00939453125
112.0	0.0	0.0	8.7890625e-5	0.0028515625	0.009384765625
113.0	0.0	0.0	8.7890625e-5	0.00275390625	0.008896484375
114.0	0.0	0.0	5.859375e-5	0.00263671875	0.0084375
115.0	0.0	0.0	4.8828125e-5	0.002734375	0.008642578125
116.0	0.0	0.0	5.859375e-5	0.00251953125	0.008916015625
117.0	0.0	0.0	7.8125e-5	0.002490234375	0.00875
118.0	0.0	0.0	0.000107421875	0.0023046875	0.008427734375
119.0	0.0	0.0	0.000185546875	0.002197265625	0.0083203125
120.0	0.0	0.0	0.000126953125	0.0023046875	0.008251953125
121.0	0.0	0.0	0.00017578125	0.00208984375	0.00873046875
122.0	0.0	0.0	8.7890625e-5	0.0022265625	0.008623046875
123.0	0.0	0.0	7.8125e-5	0.0020703125	0.00853515625
124.0	0.0	0.0	5.859375e-5	0.00216796875	0.008212890625
125.0	0.0	0.0	5.859375e-5	0.001982421875	0.00779296875
126.0	0.0	0.0	3.90625e-5	0.001943359375	0.0074609375
127.0	0.0	0.0	5.859375e-5	0.00203125	0.007490234375
128.0	0.0	0.0	5.859375e-5	0.001826171875	0.00701171875
129.0	0.0	0.0	7.8125e-5	0.0016796875	0.0066015625
130.0	0.0	0.0	8.7890625e-5	0.00138671875	0.006103515625
131.0	0.0	0.0	4.8828125e-5	0.001416015625	0.006123046875
132.0	0.0	0.0	7.8125e-5	0.001689453125	0.00619140625
133.0	0.0	0.0	6.8359375e-5	0.00197265625	0.00611328125
134.0	0.0	0.0	3.90625e-5	0.001796875	0.005283203125
135.0	0.0	0.0	5.859375e-5	0.001875	0.0055078125
136.0	0.0	0.0	1.953125e-5	0.001669921875	0.005498046875
137.0	0.0	0.0	3.90625e-5	0.001455078125	0.00546875
138.0	0.0	0.0	1.953125e-5	0.001474609375	0.00552734375
139.0	0.0	0.0	1.953125e-5	0.001611328125	0.005380859375
140.0	0.0	0.0	2.9296875e-5	0.0015625	0.004912109375
141.0	0.0	0.0	2.9296875e-5	0.00154296875	0.00470703125
142.0	0.0	0.0	2.9296875e-5	0.00166015625	0.005146484375
143.0	0.0	0.0	6.8359375e-5	0.001767578125	0.00513671875
144.0	0.0	0.0	1.953125e-5	0.001796875	0.00458984375
145.0	0.0	0.0	0.0	0.00212890625	0.00447265625
146.0	0.0	0.0	0.0	0.00189453125	0.0043359375
147.0	0.0	0.0	1.953125e-5	0.001865234375	0.00435546875
148.0	0.0	0.0	2.9296875e-5	0.001904296875	0.00435546875
149.0	0.0	0.0	9.765625e-6	0.001708984375	0.004169921875
150.0	0.0	0.0	1.953125e-5	0.001728515625	0.004306640625
151.0	0.0	0.0	1.953125e-5	0.0015234375	0.004013671875
152.0	0.0	0.0	3.90625e-5	0.00162109375	0.003955078125
153.0	0.0	0.0	6.8359375e-5	0.00134765625	0.00349609375
154.0	0.0	0.0	6.8359375e-5	0.001171875	0.003671875
155.0	0.0	0.0	2.9296875e-5	0.00115234375	0.0034375
156.0	0.0	0.0	1.953125e-5	0.00119140625	0.0035546875
157.0	0.0	0.0	5.859375e-5	0.001259765625	0.003466796875
158.0	0.0	0.0	4.8828125e-5	0.00126953125	0.003408203125
159.0	0.0	0.0	2.9296875e-5	0.00111328125	0.003427734375
160.0	0.0	0.0	0.0	0.00087890625	0.00359375
161.0	0.0	0.0	0.0	0.0009375	0.0033984375
162.0	0.0	0.0	9.765625e-6	0.00095703125	0.00318359375
163.0	0.0	0.0	1.953125e-5	0.000927734375	0.003564453125
164.0	0.0	0.0	1.953125e-5	0.001044921875	0.003662109375
165.0	0.0	0.0	1.953125e-5	0.00109375	0.003125
166.0	0.0	0.0	1.953125e-5	0.00111328125	0.003310546875
167.0	0.0	0.0	0.0	0.001064453125	0.003203125
168.0	0.0	0.0	9.765625e-6	0.001005859375	0.003330078125
169.0	0.0	0.0	1.953125e-5	0.001015625	0.0028125
170.0	0.0	0.0	9.765625e-6	0.001005859375	0.002724609375
171.0	0.0	0.0	9.765625e-6	0.00107421875	0.002373046875
172.0	0.0	0.0	9.765625e-6	0.000986328125	0.00255859375
173.0	0.0	0.0	1.953125e-5	0.000849609375	0.002939453125
174.0	0.0	0.0	0.0	0.00095703125	0.002802734375
175.0	0.0	0.0	9.765625e-6	0.000751953125	0.002529296875
176.0	0.0	0.0	0.0	0.000849609375	0.002236328125
177.0	0.0	0.0	0.0	0.000654296875	0.002265625
178.0	0.0	0.0	0.0	0.0006640625	0.002421875
179.0	0.0	0.0	0.0	0.000771484375	0.00236328125
180.0	0.0	0.0	0.0	0.000615234375	0.002294921875
181.0	0.0	0.0	0.0	0.000576171875	0.002158203125
182.0	0.0	0.0	9.765625e-6	0.000556640625	0.0019921875
183.0	0.0	0.0	9.765625e-6	0.000673828125	0.002236328125
184.0	0.0	0.0	0.0	0.000830078125	0.00185546875
185.0	0.0	0.0	0.0	0.000791015625	0.0019921875
186.0	0.0	0.0	0.0	0.000673828125	0.00228515625
187.0	0.0	0.0	0.0	0.000859375	0.002060546875
188.0	0.0	0.0	0.0	0.000751953125	0.00185546875
189.0	0.0	0.0	9.765625e-6	0.000556640625	0.002041015625
190.0	0.0	0.0	0.0	0.000517578125	0.002138671875
191.0	0.0	0.0	9.765625e-6	0.00052734375	0.001884765625
192.0	0.0	0.0	0.0	0.000546875	0.001884765625
193.0	0.0	0.0	0.0	0.00064453125	0.001806640625
194.0	0.0	0.0	0.0	0.000673828125	0.001689453125
195.0	0.0	0.0	0.0	0.000625	0.001767578125
196.0	0.0	0.0	0.0	0.000546875	0.00158203125
197.0	0.0	0.0	0.0	0.000576171875	0.00162109375
198.0	0.0	0.0	0.0	0.000546875	0.00169921875
199.0	0.0	0.0	0.0	0.000478515625	0.001484375
200.0	0.0	0.0	9.765625e-6	0.00046875	0.0013671875
201.0	0.0	0.0	9.765625e-6	0.0004296875	0.001083984375
202.0	0.0	0.0	0.0	0.000400390625	0.00134765625
203.0	0.0	0.0	0.0	0.000498046875	0.001298828125
204.0	0.0	0.0	0.0	0.00046875	0.0012890625
205.0	0.0	0.0	0.0	0.0005859375	0.0013671875
206.0	0.0	0.0	0.0	0.000576171875	0.001220703125
207.0	0.0	0.0	0.0	0.00052734375	0.001025390625
208.0	0.0	0.0	0.0	0.000419921875	0.0009375
209.0	0.0	0.0	0.0	0.000361328125	0.000712890625
210.0	0.0	0.0	0.0	0.000380859375	0.0006640625
211.0	0.0	0.0	0.0	0.000361328125	0.000693359375
212.0	0.0	0.0	0.0	0.0003125	0.000625
213.0	0.0	0.0	0.0	0.00037109375	0.000634765625
214.0	0.0	0.0	0.0	0.000361328125	0.00064453125
215.0	0.0	0.0	0.0	0.000302734375	0.00068359375
216.0	0.0	0.0	0.0	0.000380859375	0.00060546875
217.0	0.0	0.0	0.0	0.000302734375	0.000595703125
218.0	0.0	0.0	0.0	0.00033203125	0.00056640625
219.0	0.0	0.0	9.765625e-6	0.00025390625	0.00060546875
220.0	0.0	0.0	9.765625e-6	0.00025390625	0.00056640625
221.0	0.0	0.0	9.765625e-6	0.00033203125	0.000458984375
222.0	0.0	0.0	0.0	0.0003515625	0.000361328125
223.0	0.0	0.0	0.0	0.000361328125	0.000283203125
224.0	0.0	0.0	0.0	0.000361328125	0.000283203125
225.0	0.0	0.0	0.0	0.000283203125	0.000302734375
226.0	0.0	0.0	0.0	0.00029296875	0.00029296875
227.0	0.0	0.0	0.0	0.000439453125	0.00044921875
228.0	0.0	0.0	0.0	0.0004296875	0.000390625
229.0	0.0	0.0	0.0	0.000498046875	0.000419921875
230.0	0.0	0.0	0.0	0.0003515625	0.0003515625
231.0	0.0	0.0	0.0	0.000380859375	0.000322265625
232.0	0.0	0.0	0.0	0.000400390625	0.0003125
233.0	0.0	0.0	0.0	0.000341796875	0.000380859375
234.0	0.0	0.0	0.0	0.000341796875	0.000390625
235.0	0.0	0.0	0.0	0.0003515625	0.00033203125
236.0	0.0	0.0	0.0	0.0003515625	0.000302734375
237.0	0.0	0.0	0.0	0.000400390625	0.000322265625
238.0	0.0	0.0	0.0	0.000380859375	0.0003515625
239.0	0.0	0.0	0.0	0.00037109375	0.00025390625
240.0	0.0	0.0	0.0	0.000439453125	0.000263671875
241.0	0.0	0.0	0.0	0.00041015625	0.00029296875
242.0	0.0	0.0	0.0	0.000439453125	0.0001953125
243.0	0.0	0.0	0.0	0.000419921875	0.000224609375
244.0	0.0	0.0	0.0	0.0004296875	0.0003125
245.0	0.0	0.0	0.0	0.000361328125	0.00025390625
246.0	0.0	0.0	0.0	0.00025390625	0.000263671875
247.0	0.0	0.0	0.0	0.000380859375	0.000263671875
248.0	0.0	0.0	0.0	0.0003125	0.0003515625
249.0	0.0	0.0	0.0	0.00033203125	0.000166015625
250.0	0.0	0.0	0.0	0.0004296875	0.0001171875
251.0	0.0	0.0	0.0	0.00033203125	0.000166015625
252.0	0.0	0.0	0.0	0.00029296875	0.000185546875
253.0	0.0	0.0	0.0	0.000322265625	0.00015625
254.0	0.0	0.0	0.0	0.00037109375	0.00017578125
255.0	0.0	0.0	0.0	0.000361328125	0.00017578125
256.0	0.0	0.0	0.0	0.00033203125	0.000166015625
257.0	0.0	0.0	0.0	0.000302734375	0.000126953125
258.0	0.0	0.0	0.0	0.00037109375	7.8125e-5
259.0	0.0	0.0	0.0	0.000390625	2.9296875e-5
260.0	0.0	0.0	0.0	0.00044921875	7.8125e-5
261.0	0.0	0.0	0.0	0.0003515625	8.7890625e-5
262.0	0.0	0.0	0.0	0.000439453125	9.765625e-5
263.0	0.0	0.0	0.0	0.000400390625	9.765625e-5
264.0	0.0	0.0	0.0	0.000380859375	1.953125e-5
265.0	0.0	0.0	0.0	0.0003515625	9.765625e-6
266.0	0.0	0.0	0.0	0.00029296875	1.953125e-5
267.0	0.0	0.0	0.0	0.00029296875	1.953125e-5
268.0	0.0	0.0	0.0	0.000244140625	9.765625e-6
269.0	0.0	0.0	0.0	0.000224609375	2.9296875e-5
270.0	0.0	0.0	0.0	0.00025390625	9.765625e-6
271.0	0.0	0.0	0.0	0.00021484375	9.765625e-6
272.0	0.0	0.0	0.0	0.000146484375	9.765625e-6
273.0	0.0	0.0	0.0	0.00015625	9.765625e-6
274.0	0.0	0.0	0.0	0.0001171875	2.9296875e-5
275.0	0.0	0.0	0.0	0.000107421875	9.765625e-6
276.0	0.0	0.0	0.0	0.000107421875	9.765625e-6
277.0	0.0	0.0	0.0	0.000107421875	1.953125e-5
278.0	0.0	0.0	0.0	0.00017578125	9.765625e-6
279.0	0.0	0.0	0.0	0.000166015625	4.8828125e-5
280.0	0.0	0.0	0.0	0.0001171875	1.953125e-5
281.0	0.0	0.0	0.0	0.000126953125	0.0
282.0	0.0	0.0	0.0	8.7890625e-5	1.953125e-5
283.0	0.0	0.0	0.0	0.000146484375	0.0
284.0	0.0	0.0	0.0	0.000146484375	2.9296875e-5
285.0	0.0	0.0	0.0	0.000166015625	1.953125e-5
286.0	0.0	0.0	0.0	8.7890625e-5	0.0
287.0	0.0	0.0	0.0	4.8828125e-5	0.0
288.0	0.0	0.0	0.0	6.8359375e-5	0.0
289.0	0.0	0.0	0.0	8.7890625e-5	0.0
290.0	0.0	0.0	0.0	7.8125e-5	0.0
291.0	0.0	0.0	0.0	8.7890625e-5	0.0
292.0	0.0	0.0	0.0	5.859375e-5	0.0
293.0	0.0	0.0	0.0	7.8125e-5	0.0
294.0	0.0	0.0	0.0	0.000126953125	0.0
295.0	0.0	0.0	0.0	8.7890625e-5	0.0
296.0	0.0	0.0	0.0	9.765625e-5	0.0
297.0	0.0	0.0	0.0	0.000107421875	0.0
298.0	0.0	0.0	0.0	8.7890625e-5	0.0
299.0	0.0	0.0	0.0	6.8359375e-5	0.0
300.0	0.0	0.0	0.0	6.8359375e-5	0.0
301.0	0.0	0.0	0.0	0.0001171875	0.0
302.0	0.0	0.0	0.0	0.000107421875	0.0
303.0	0.0	0.0	0.0	3.90625e-5	0.0
304.0	0.0	0.0	0.0	2.9296875e-5	0.0
305.0	0.0	0.0	0.0	1.953125e-5	0.0
306.0	0.0	0.0	0.0	1.953125e-5	0.0
307.0	0.0	0.0	0.0	2.9296875e-5	0.0
308.0	0.0	0.0	0.0	3.90625e-5	0.0
309.0	0.0	0.0	0.0	7.8125e-5	0.0
310.0	0.0	0.0	0.0	2.9296875e-5	0.0
311.0	0.0	0.0	0.0	2.9296875e-5	0.0
312.0	0.0	0.0	0.0	9.765625e-6	0.0
313.0	0.0	0.0	0.0	2.9296875e-5	0.0
314.0	0.0	0.0	0.0	2.9296875e-5	0.0
315.0	0.0	0.0	0.0	3.90625e-5	0.0
316.0	0.0	0.0	0.0	9.765625e-6	0.0
317.0	0.0	0.0	0.0	9.765625e-6	0.0
318.0	0.0	0.0	0.0	0.0	0.0
319.0	0.0	0.0	0.0	0.0	0.0
320.0	0.0	0.0	0.0	0.0	0.0
321.0	0.0	0.0	0.0	0.0	0.0
322.0	0.0	0.0	0.0	0.0	0.0
323.0	0.0	0.0	0.0	0.0	0.0
324.0	0.0	0.0	0.0	9.765625e-6	0.0
325.0	0.0	0.0	0.0	9.765625e-6	0.0
326.0	0.0	0.0	0.0	5.859375e-5	0.0
327.0	0.0	0.0	0.0	0.0	0.0
328.0	0.0	0.0	0.0	1.953125e-5	0.0
329.0	0.0	0.0	0.0	1.953125e-5	0.0
330.0	0.0	0.0	0.0	0.0	0.0
331.0	0.0	0.0	0.0	0.0	0.0
332.0	0.0	0.0	0.0	0.0	0.0
333.0	0.0	0.0	0.0	9.765625e-6	0.0
334.0	0.0	0.0	0.0	9.765625e-6	0.0
335.0	0.0	0.0	0.0	1.953125e-5	0.0
336.0	0.0	0.0	0.0	1.953125e-5	0.0
337.0	0.0	0.0	0.0	9.765625e-6	0.0
338.0	0.0	0.0	0.0	1.953125e-5	0.0
339.0	0.0	0.0	0.0	9.765625e-6	0.0
340.0	0.0	0.0	0.0	9.765625e-6	0.0
341.0	0.0	0.0	0.0	0.0	0.0
342.0	0.0	0.0	0.0	0.0	0.0
343.0	0.0	0.0	0.0	0.0	0.0
344.0	0.0	0.0	0.0	0.0	0.0
345.0	0.0	0.0	0.0	0.0	0.0
346.0	0.0	0.0	0.0	0.0	0.0
347.0	0.0	0.0	0.0	2.9296875e-5	0.0
348.0	0.0	0.0	0.0	3.90625e-5	0.0
349.0	0.0	0.0	0.0	0.0	0.0
350.0	0.0	0.0	0.0	0.0	0.0
351.0	0.0	0.0	0.0	0.0	0.0
352.0	0.0	0.0	0.0	0.0	0.0
353.0	0.0	0.0	0.0	0.0	0.0
354.0	0.0	0.0	0.0	0.0	0.0
355.0	0.0	0.0	0.0	0.0	0.0
356.0	0.0	0.0	0.0	0.0	0.0
357.0	0.0	0.0	0.0	0.0	0.0
358.0	0.0	0.0	0.0	0.0	0.0
359.0	0.0	0.0	0.0	0.0	0.0
360.0	0.0	0.0	0.0	0.0	0.0
361.0	0.0	0.0	0.0	0.0	0.0
362.0	0.0	0.0	0.0	0.0	0.0
363.0	0.0	0.0	0.0	0.0	0.0
364.0	0.0	0.0	0.0	0.0	0.0
365.0	0.0	0.0	0.0	0.0	0.0
366.0	0.0	0.0	0.0	0.0	0.0
367.0	0.0	0.0	0.0	0.0	0.0
368.0	0.0	0.0	0.0	0.0	0.0
369.0	0.0	0.0	0.0	0.0	0.0
370.0	0.0	0.0	0.0	0.0	0.0
371.0	0.0	0.0	0.0	0.0	0.0
372.0	0.0	0.0	0.0	0.0	0.0
373.0	0.0	0.0	0.0	0.0	0.0
374.0	0.0	0.0	0.0	0.0	0.0
375.0	0.0	0.0	0.0	0.0	0.0
376.0	0.0	0.0	0.0	0.0	0.0
377.0	0.0	0.0	0.0	0.0	0.0
378.0	0.0	0.0	0.0	0.0	0.0
379.0	0.0	0.0	0.0	0.0	0.0
380.0	0.0	0.0	0.0	0.0	0.0
381.0	0.0	0.0	0.0	0.0	0.0
382.0	0.0	0.0	0.0	0.0	0.0
383.0	0.0	0.0	0.0	0.0	0.0
384.0	0.0	0.0	0.0	0.0	0.0
385.0	0.0	0.0	0.0	0.0	0.0
386.0	0.0	0.0	0.0	0.0	0.0
387.0	0.0	0.0	0.0	0.0	0.0
388.0	0.0	0.0	0.0	0.0	0.0
389.0	0.0	0.0	0.0	0.0	0.0
390.0	0.0	0.0	0.0	0.0	0.0
391.0	0.0	0.0	0.0	0.0	0.0
392.0	0.0	0.0	0.0	0.0	0.0
393.0	0.0	0.0	0.0	0.0	0.0
394.0	0.0	0.0	0.0	0.0	0.0
395.0	0.0	0.0	0.0	0.0	0.0
396.0	0.0	0.0	0.0	0.0	0.0
397.0	0.0	0.0	0.0	0.0	0.0
398.0	0.0	0.0	0.0	0.0	0.0
399.0	0.0	0.0	0.0	0.0	0.0
400.0	0.0	0.0	0.0	0.0	0.0
401.0	0.0	0.0	0.0	0.0	0.0
402.0	0.0	0.0	0.0	0.0	0.0
403.0	0.0	0.0	0.0	0.0	0.0
404.0	0.0	0.0	0.0	0.0	0.0
405.0	0.0	0.0	0.0	0.0	0.0
406.0	0.0	0.0	0.0	0.0	0.0
407.0	0.0	0.0	0.0	0.0	0.0
408.0	0.0	0.0	0.0	0.0	0.0
409.0	0.0	0.0	0.0	0.0	0.0
410.0	0.0	0.0	0.0	0.0	0.0
411.0	0.0	0.0	0.0	0.0	0.0
412.0	0.0	0.0	0.0	0.0	0.0
413.0	0.0	0.0	0.0	0.0	0.0
414.0	0.0	0.0	0.0	0.0	0.0
415.0	0.0	0.0	0.0	0.0	0.0
416.0	0.0	0.0	0.0	0.0	0.0
417.0	0.0	0.0	0.0	0.0	0.0
418.0	0.0	0.0	0.0	0.0	0.0
419.0	0.0	0.0	0.0	0.0	0.0
420.0	0.0	0.0	0.0	0.0	0.0
421.0	0.0	0.0	0.0	0.0	0.0
422.0	0.0	0.0	0.0	0.0	0.0
423.0	0.0	0.0	0.0	0.0	0.0
424.0	0.0	0.0	0.0	0.0	0.0
425.0	0.0	0.0	0.0	0.0	0.0
426.0	0.0	0.0	0.0	0.0	0.0
427.0	0.0	0.0	0.0	0.0	0.0
428.0	0.0	0.0	0.0	0.0	0.0
429.0	0.0	0.0	0.0	0.0	0.0
430.0	0.0	0.0	0.0	0.0	0.0
431.0	0.0	0.0	0.0	0.0	0.0
432.0	0.0	0.0	0.0	0.0	0.0
433.0	0.0	0.0	0.0	0.0	0.0
434.0	0.0	0.0	0.0	0.0	0.0
435.0	0.0	0.0	0.0	0.0	0.0
436.0	0.0	0.0	0.0	0.0	0.0
437.0	0.0	0.0	0.0	0.0	0.0
438.0	0.0	0.0	0.0	0.0	0.0
439.0	0.0	0.0	0.0	0.0	0.0
440.0	0.0	0.0	0.0	0.0	0.0
441.0	0.0	0.0	0.0	0.0	0.0
442.0	0.0	0.0	0.0	0.0	0.0
443.0	0.0	0.0	0.0	0.0	0.0
444.0	0.0	0.0	0.0	0.0	0.0
445.0	0.0	0.0	0.0	0.0	0.0
446.0	0.0	0.0	0.0	0.0	0.0
447.0	0.0	0.0	0.0	0.0	0.0
448.0	0.0	0.0	0.0	0.0	0.0
449.0	0.0	0.0	0.0	0.0	0.0
450.0	0.0	0.0	0.0	0.0	0.0
451.0	0.0	0.0	0.0	0.0	0.0
452.0	0.0	0.0	0.0	0.0	0.0
453.0	0.0	0.0	0.0	0.0	0.0
454.0	0.0	0.0	0.0	0.0	0.0
455.0	0.0	0.0	0.0	0.0	0.0
456.0	0.0	0.0	0.0	0.0	0.0
457.0	0.0	0.0	0.0	0.0	0.0
458.0	0.0	0.0	0.0	0.0	0.0
459.0	0.0	0.0	0.0	0.0	0.0
460.0	0.0	0.0	0.0	0.0	0.0
461.0	0.0	0.0	0.0	0.0	0.0
462.0	0.0	0.0	0.0	0.0	0.0
463.0	0.0	0.0	0.0	0.0	0.0
464.0	0.0	0.0	0.0	0.0	0.0
465.0	0.0	0.0	0.0	0.0	0.0
466.0	0.0	0.0	0.0	0.0	0.0
467.0	0.0	0.0	0.0	0.0	0.0
468.0	0.0	0.0	0.0	0.0	0.0
469.0	0.0	0.0	0.0	0.0	0.0
470.0	0.0	0.0	0.0	0.0	0.0
471.0	0.0	0.0	0.0	0.0	0.0
472.0	0.0	0.0	0.0	0.0	0.0
473.0	0.0	0.0	0.0	0.0	0.0
474.0	0.0	0.0	0.0	0.0	0.0
475.0	0.0	0.0	0.0	0.0	0.0
476.0	0.0	0.0	0.0	0.0	0.0
477.0	0.0	0.0	0.0	0.0	0.0
478.0	0.0	0.0	0.0	0.0	0.0
479.0	0.0	0.0	0.0	0.0	0.0
480.0	0.0	0.0	0.0	0.0	0.0
481.0	0.0	0.0	0.0	0.0	0.0
482.0	0.0	0.0	0.0	0.0	0.0
483.0	0.0	0.0	0.0	0.0	0.0
484.0	0.0	0.0	0.0	0.0	0.0
485.0	0.0	0.0	0.0	0.0	0.0
486.0	0.0	0.0	0.0	0.0	0.0
487.0	0.0	0.0	0.0	0.0	0.0
488.0	0.0	0.0	0.0	0.0	0.0
489.0	0.0	0.0	0.0	0.0	0.0
490.0	0.0	0.0	0.0	0.0	0.0
491.0	0.0	0.0	0.0	0.0	0.0
492.0	0.0	0.0	0.0	0.0	0.0
493.0	0.0	0.0	0.0	0.0	0.0
494.0	0.0	0.0	0.0	0.0	0.0
495.0	0.0	0.0	0.0	0.0	0.0
496.0	0.0	0.0	0.0	0.0	0.0
497.0	0.0	0.0	0.0	0.0	0.0
498.0	0.0	0.0	0.0	0.0	0.0
499.0	0.0	0.0	0.0	0.0	0.0
500.0	0.0	0.0	0.0	0.0	0.0
501.0	0.0	0.0	0.0	0.0	0.0
502.0	0.0	0.0	0.0	0.0	0.0
503.0	0.0	0.0	0.0	0.0	0.0
504.0	0.0	0.0	0.0	0.0	0.0
505.0	0.0	0.0	0.0	0.0	0.0
506.0	0.0	0.0	0.0	0.0	0.0
507.0	0.0	0.0	0.0	0.0	0.0
508.0	0.0	0.0	0.0	0.0	0.0
509.0	0.0	0.0	0.0	0.0	0.0
510.0	0.0	0.0	0.0	0.0	0.0
511.0	0.0	0.0	0.0	0.0	0.0
512.0	0.0	0.0	0.0	0.0	0.0
513.0	0.0	0.0	0.0	0.0	0.0
514.0	0.0	0.0	0.0	0.0	0.0
515.0	0.0	0.0	0.0	0.0	0.0
516.0	0.0	0.0	0.0	0.0	0.0
517.0	0.0	0.0	0.0	0.0	0.0
518.0	0.0	0.0	0.0	0.0	0.0
519.0	0.0	0.0	0.0	0.0	0.0
520.0	0.0	0.0	0.0	0.0	0.0
521.0	0.0	0.0	0.0	0.0	0.0
522.0	0.0	0.0	0.0	0.0	0.0
523.0	0.0	0.0	0.0	0.0	0.0
524.0	0.0	0.0	0.0	0.0	0.0
525.0	0.0	0.0	0.0	0.0	0.0
526.0	0.0	0.0	0.0	0.0	0.0
527.0	0.0	0.0	0.0	0.0	0.0
528.0	0.0	0.0	0.0	0.0	0.0
529.0	0.0	0.0	0.0	0.0	0.0
530.0	0.0	0.0	0.0	0.0	0.0
531.0	0.0	0.0	0.0	0.0	0.0
532.0	0.0	0.0	0.0	0.0	0.0
533.0	0.0	0.0	0.0	0.0	0.0
534.0	0.0	0.0	0.0	0.0	0.0
535.0	0.0	0.0	0.0	0.0	0.0
536.0	0.0	0.0	0.0	0.0	0.0
537.0	0.0	0.0	0.0	0.0	0.0
538.0	0.0	0.0	0.0	0.0	0.0
539.0	0.0	0.0	0.0	0.0	0.0
540.0	0.0	0.0	0.0	0.0	0.0
541.0	0.0	0.0	0.0	0.0	0.0
542.0	0.0	0.0	0.0	0.0	0.0
543.0	0.0	0.0	0.0	0.0	0.0
544.0	0.0	0.0	0.0	0.0	0.0
545.0	0.0	0.0	0.0	0.0	0.0
546.0	0.0	0.0	0.0	0.0	0.0
547.0	0.0	0.0	0.0	0.0	0.0
548.0	0.0	0.0	0.0	0.0	0.0
549.0	0.0	0.0	0.0	0.0	0.0
550.0	0.0	0.0	0.0	0.0	0.0
551.0	0.0	0.0	0.0	0.0	0.0
552.0	0.0	0.0	0.0	0.0	0.0
553.0	0.0	0.0	0.0	0.0	0.0
554.0	0.0	0.0	0.0	0.0	0.0
555.0	0.0	0.0	0.0	0.0	0.0
556.0	0.0	0.0	0.0	0.0	0.0
557.0	0.0	0.0	0.0	0.0	0.0
558.0	0.0	0.0	0.0	0.0	0.0
559.0	0.0	0.0	0.0	0.0	0.0
560.0	0.0	0.0	0.0	0.0	0.0
561.0	0.0	0.0	0.0	0.0	0.0
562.0	0.0	0.0	0.0	0.0	0.0
563.0	0.0	0.0	0.0	0.0	0.0
564.0	0.0	0.0	0.0	0.0	0.0
565.0	0.0	0.0	0.0	0.0	0.0
566.0	0.0	0.0	0.0	0.0	0.0
567.0	0.0	0.0	0.0	0.0	0.0
568.0	0.0	0.0	0.0	0.0	0.0
569.0	0.0	0.0	0.0	0.0	0.0
570.0	0.0	0.0	0.0	0.0	0.0
571.0	0.0	0.0	0.0	0.0	0.0
572.0	0.0	0.0	0.0	0.0	0.0
573.0	0.0	0.0	0.0	0.0	0.0
574.0	0.0	0.0	0.0	0.0	0.0
575.0	0.0	0.0	0.0	0.0	0.0
576.0	0.0	0.0	0.0	0.0	0.0
577.0	0.0	0.0	0.0	0.0	0.0
578.0	0.0	0.0	0.0	0.0	0.0
579.0	0.0	0.0	0.0	0.0	0.0
580.0	0.0	0.0	0.0	0.0	0.0
581.0	0.0	0.0	0.0	0.0	0.0
582.0	0.0	0.0	0.0	0.0	0.0
583.0	0.0	0.0	0.0	0.0	0.0
584.0	0.0	0.0	0.0	0.0	0.0
585.0	0.0	0.0	0.0	0.0	0.0
586.0	0.0	0.0	0.0	0.0	0.0
587.0	0.0	0.0	0.0	0.0	0.0
588.0	0.0	0.0	0.0	0.0	0.0
589.0	0.0	0.0	0.0	0.0	0.0
590.0	0.0	0.0	0.0	0.0	0.0
591.0	0.0	0.0	0.0	0.0	0.0
592.0	0.0	0.0	0.0	0.0	0.0
593.0	0.0	0.0	0.0	0.0	0.0
594.0	0.0	0.0	0.0	0.0	0.0
595.0	0.0	0.0	0.0	0.0	0.0
596.0	0.0	0.0	0.0	0.0	0.0
597.0	0.0	0.0	0.0	0.0	0.0
598.0	0.0	0.0	0.0	0.0	0.0
599.0	0.0	0.0	0.0	0.0	0.0
600.0	0.0	0.0	0.0	0.0	0.0
601.0	0.0	0.0	0.0	0.0	0.0
602.0	0.0	0.0	0.0	0.0	0.0
603.0	0.0	0.0	0.0	0.0	0.0
604.0	0.0	0.0	0.0	0.0	0.0
605.0	0.0	0.0	0.0	0.0	0.0
606.0	0.0	0.0	0.0	0.0	0.0
607.0	0.0	0.0	0.0	0.0	0.0
608.0	0.0	0.0	0.0	0.0	0.0
609.0	0.0	0.0	0.0	0.0	0.0
610.0	0.0	0.0	0.0	0.0	0.0
611.0	0.0	0.0	0.0	0.0	0.0
612.0	0.0	0.0	0.0	0.0	0.0
613.0	0.0	0.0	0.0	0.0	0.0
614.0	0.0	0.0	0.0	0.0	0.0
615.0	0.0	0.0	0.0	0.0	0.0
616.0	0.0	0.0	0.0	0.0	0.0
617.0	0.0	0.0	0.0	0.0	0.0
618.0	0.0	0.0	0.0	0.0	0.0
619.0	0.0	0.0	0.0	0.0	0.0
620.0	0.0	0.0	0.0	0.0	0.0
621.0	0.0	0.0	0.0	0.0	0.0
622.0	0.0	0.0	0.0	0.0	0.0
623.0	0.0	0.0	0.0	0.0	0.0
624.0	0.0	0.0	0.0	0.0	0.0
625.0	0.0	0.0	0.0	0.0	0.0
626.0	0.0	0.0	0.0	0.0	0.0
627.0	0.0	0.0	0.0	0.0	0.0
628.0	0.0	0.0	0.0	0.0	0.0
629.0	0.0	0.0	0.0	0.0	0.0
630.0	0.0	0.0	0.0	0.0	0.0
631.0	0.0	0.0	0.0	0.0	0.0
632.0	0.0	0.0	0.0	0.0	0.0
633.0	0.0	0.0	0.0	0.0	0.0
634.0	0.0	0.0	0.0	0.0	0.0
635.0	0.0	0.0	0.0	0.0	0.0
636.0	0.0	0.0	0.0	0.0	0.0
637.0	0.0	0.0	0.0	0.0	0.0
638.0	0.0	0.0	0.0	0.0	0.0
639.0	0.0	0.0	0.0	0.0	0.0
640.0	0.0	0.0	0.0	0.0	0.0
641.0	0.0	0.0	0.0	0.0	0.0
642.0	0.0	0.0	0.0	0.0	0.0
643.0	0.0	0.0	0.0	0.0	0.0
644.0	0.0	0.0	0.0	0.0	0.0
645.0	0.0	0.0	0.0	0.0	0.0
646.0	0.0	0.0	0.0	0.0	0.0
647.0	0.0	0.0	0.0	0.0	0.0
648.0	0.0	0.0	0.0	0.0	0.0
649.0	0.0	0.0	0.0	0.0	0.0
650.0	0.0	0.0	0.0	0.0	0.0
651.0	0.0	0.0	0.0	0.0	0.0
652.0	0.0	0.0	0.0	0.0	0.0
653.0	0.0	0.0	0.0	0.0	0.0
654.0	0.0	0.0	0.0	0.0	0.0
655.0	0.0	0.0	0.0	0.0	0.0
656.0	0.0	0.0	0.0	0.0	0.0
657.0	0.0	0.0	0.0	0.0	0.0
658.0	0.0	0.0	0.0	0.0	0.0
659.0	0.0	0.0	0.0	0.0	0.0
660.0	0.0	0.0	0.0	0.0	0.0
661.0	0.0	0.0	0.0	0.0	0.0
662.0	0.0	0.0	0.0	0.0	0.0
663.0	0.0	0.0	0.0	0.0	0.0
664.0	0.0	0.0	0.0	0.0	0.0
665.0	0.0	0.0	0.0	0.0	0.0
666.0	0.0	0.0	0.0	0.0	0.0
667.0	0.0	0.0	0.0	0.0	0.0
668.0	0.0	0.0	0.0	0.0	0.0
669.0	0.0	0.0	0.0	0.0	0.0
670.0	0.0	0.0	0.0	0.0	0.0
671.0	0.0	0.0	0.0	0.0	0.0
672.0	0.0	0.0	0.0	0.0	0.0
673.0	0.0	0.0	0.0	0.0	0.0
674.0	0.0	0.0	0.0	0.0	0.0
675.0	0.0	0.0	0.0	0.0	0.0
676.0	0.0	0.0	0.0	0.0	0.0
677.0	0.0	0.0	0.0	0.0	0.0
678.0	0.0	0.0	0.0	0.0	0.0
679.0	0.0	0.0	0.0	0.0	0.0
680.0	0.0	0.0	0.0	0.0	0.0
681.0	0.0	0.0	0.0	0.0	0.0
682.0	0.0	0.0	0.0	0.0	0.0
683.0	0.0	0.0	0.0	0.0	0.0
684.0	0.0	0.0	0.0	0.0	0.0
685.0	0.0	0.0	0.0	0.0	0.0
686.0	0.0	0.0	0.0	0.0	0.0
687.0	0.0	0.0	0.0	0.0	0.0
688.0	0.0	0.0	0.0	0.0	0.0
689.0	0.0	0.0	0.0	0.0	0.0
690.0	0.0	0.0	0.0	0.0	0.0
691.0	0.0	0.0	0.0	0.0	0.0
692.0	0.0	0.0	0.0	0.0	0.0
693.0	0.0	0.0	0.0	0.0	0.0
694.0	0.0	0.0	0.0	0.0	0.0
695.0	0.0	0.0	0.0	0.0	0.0
696.0	0.0	0.0	0.0	0.0	0.0
697.0	0.0	0.0	0.0	0.0	0.0
698.0	0.0	0.0	0.0	0.0	0.0
699.0	0.0	0.0	0.0	0.0	0.0
700.0	0.0	0.0	0.0	0.0	0.0
701.0	0.0	0.0	0.0	0.0	0.0
702.0	0.0	0.0	0.0	0.0	0.0
703.0	0.0	0.0	0.0	0.0	0.0
704.0	0.0	0.0	0.0	0.0	0.0
705.0	0.0	0.0	0.0	0.0	0.0
706.0	0.0	0.0	0.0	0.0	0.0
707.0	0.0	0.0	0.0	0.0	0.0
708.0	0.0	0.0	0.0	0.0	0.0
709.0	0.0	0.0	0.0	0.0	0.0
710.0	0.0	0.0	0.0	0.0	0.0
711.0	0.0	0.0	0.0	0.0	0.0
712.0	0.0	0.0	0.0	0.0	0.0
713.0	0.0	0.0	0.0	0.0	0.0
714.0	0.0	0.0	0.0	0.0	0.0
715.0	0.0	0.0	0.0	0.0	0.0
716.0	0.0	0.0	0.0	0.0	0.0
717.0	0.0	0.0	0.0	0.0	0.0
718.0	0.0	0.0	0.0	0.0	0.0
719.0	0.0	0.0	0.0	0.0	0.0
720.0	0.0	0.0	0.0	0.0	0.0
721.0	0.0	0.0	0.0	0.0	0.0
722.0	0.0	0.0	0.0	0.0	0.0
723.0	0.0	0.0	0.0	0.0	0.0
724.0	0.0	0.0	0.0	0.0	0.0
725.0	0.0	0.0	0.0	0.0	0.0
726.0	0.0	0.0	0.0	0.0	0.0
727.0	0.0	0.0	0.0	0.0	0.0
728.0	0.0	0.0	0.0	0.0	0.0
729.0	0.0	0.0	0.0	0.0	0.0
730.0	0.0	0.0	0.0	0.0	0.0
731.0	0.0	0.0	0.0	0.0	0.0
732.0	0.0	0.0	0.0	0.0	0.0
733.0	0.0	0.0	0.0	0.0	0.0
734.0	0.0	0.0	0.0	0.0	0.0
735.0	0.0	0.0	0.0	0.0	0.0
736.0	0.0	0.0	0.0	0.0	0.0
737.0	0.0	0.0	0.0	0.0	0.0
738.0	0.0	0.0	0.0	0.0	0.0
739.0	0.0	0.0	0.0	0.0	0.0
740.0	0.0	0.0	0.0	0.0	0.0
741.0	0.0	0.0	0.0	0.0	0.0
742.0	0.0	0.0	0.0	0.0	0.0
743.0	0.0	0.0	0.0	0.0	0.0
744.0	0.0	0.0	0.0	0.0	0.0
745.0	0.0	0.0	0.0	0.0	0.0
746.0	0.0	0.0	0.0	0.0	0.0
747.0	0.0	0.0	0.0	0.0	0.0
748.0	0.0	0.0	0.0	0.0	0.0
749.0	0.0	0.0	0.0	0.0	0.0
750.0	0.0	0.0	0.0	0.0	0.0
751.0	0.0	0.0	0.0	0.0	0.0
752.0	0.0	0.0	0.0	0.0	0.0
753.0	0.0	0.0	0.0	0.0	0.0
754.0	0.0	0.0	0.0	0.0	0.0
755.0	0.0	0.0	0.0	0.0	0.0
756.0	0.0	0.0	0.0	0.0	0.0
757.0	0.0	0.0	0.0	0.0	0.0
758.0	0.0	0.0	0.0	0.0	0.0
759.0	0.0	0.0	0.0	0.0	0.0
760.0	0.0	0.0	0.0	0.0	0.0
761.0	0.0	0.0	0.0	0.0	0.0
762.0	0.0	0.0	0.0	0.0	0.0
763.0	0.0	0.0	0.0	0.0	0.0
764.0	0.0	0.0	0.0	0.0	0.0
765.0	0.0	0.0	0.0	0.0	0.0
766.0	0.0	0.0	0.0	0.0	0.0
767.0	0.0	0.0	0.0	0.0	0.0
768.0	0.0	0.0	0.0	0.0	0.0
769.0	0.0	0.0	0.0	0.0	0.0
770.0	0.0	0.0	0.0	0.0	0.0
771.0	0.0	0.0	0.0	0.0	0.0
772.0	0.0	0.0	0.0	0.0	0.0
773.0	0.0	0.0	0.0	0.0	0.0
774.0	0.0	0.0	0.0	0.0	0.0
775.0	0.0	0.0	0.0	0.0	0.0
776.0	0.0	0.0	0.0	0.0	0.0
777.0	0.0	0.0	0.0	0.0	0.0
778.0	0.0	0.0	0.0	0.0	0.0
779.0	0.0	0.0	0.0	0.0	0.0
780.0	0.0	0.0	0.0	0.0	0.0
781.0	0.0	0.0	0.0	0.0	0.0
782.0	0.0	0.0	0.0	0.0	0.0
783.0	0.0	0.0	0.0	0.0	0.0
784.0	0.0	0.0	0.0	0.0	0.0
785.0	0.0	0.0	0.0	0.0	0.0
786.0	0.0	0.0	0.0	0.0	0.0
787.0	0.0	0.0	0.0	0.0	0.0
788.0	0.0	0.0	0.0	0.0	0.0
789.0	0.0	0.0	0.0	0.0	0.0
790.0	0.0	0.0	0.0	0.0	0.0
791.0	0.0	0.0	0.0	0.0	0.0
792.0	0.0	0.0	0.0	0.0	0.0
793.0	0.0	0.0	0.0	0.0	0.0
794.0	0.0	0.0	0.0	0.0	0.0
795.0	0.0	0.0	0.0	0.0	0.0
796.0	0.0	0.0	0.0	0.0	0.0
797.0	0.0	0.0	0.0	0.0	0.0
798.0	0.0	0.0	0.0	0.0	0.0
799.0	0.0	0.0	0.0	0.0	0.0
800.0	0.0	0.0	0.0	0.0	0.0
