1.0	0.0009765625	0.0009765625	0.0009765625	0.0009765625	0.0009765625
2.0	0.00138671875	0.00146484375	0.001826171875	0.002099609375	0.00205078125
3.0	0.001513671875	0.002099609375	0.00330078125	0.0036328125	0.00359375
4.0	0.001689453125	0.003525390625	0.005205078125	0.005732421875	0.005224609375
5.0	0.001513671875	0.005380859375	0.00751953125	0.008037109375	0.007421875
6.0	0.001318359375	0.007431640625	0.0105078125	0.010771484375	0.00966796875
7.0	0.001103515625	0.010478515625	0.0139453125	0.014697265625	0.013056640625
8.0	0.00095703125	0.013828125	0.018486328125	0.01912109375	0.016845703125
9.0	0.00078125	0.018369140625	0.024091796875	0.025087890625	0.02267578125
10.0	0.0006640625	0.024384765625	0.031923828125	0.03283203125	0.02962890625
11.0	0.0005078125	0.0321484375	0.042431640625	0.04197265625	0.038271484375
12.0	0.00044921875	0.040966796875	0.05572265625	0.054501953125	0.04921875
13.0	0.000400390625	0.05271484375	0.071904296875	0.070400390625	0.0626171875
14.0	0.00033203125	0.06765625	0.092392578125	0.0889453125	0.0793359375
15.0	0.00021484375	0.087421875	0.1174609375	0.112177734375	0.099345703125
16.0	0.0001953125	0.110703125	0.147763671875	0.138076171875	0.122763671875
17.0	0.00015625	0.13853515625	0.1816796875	0.16875	0.14841796875
18.0	0.0001171875	0.170166015625	0.220166015625	0.20173828125	0.176904296875
19.0	9.765625e-5	0.20619140625	0.26064453125	0.2358203125	0.20484375
20.0	8.7890625e-5	0.243876953125	0.301123046875	0.267158203125	0.232216796875
21.0	6.8359375e-5	0.2815625	0.33623046875	0.2937890625	0.25837890625
22.0	5.859375e-5	0.31853515625	0.36294921875	0.31677734375	0.27994140625
23.0	5.859375e-5	0.346689453125	0.379599609375	0.33046875	0.294609375
24.0	5.859375e-5	0.36701171875	0.388212890625	0.332900390625	0.305263671875
25.0	4.8828125e-5	0.377646484375	0.380791015625	0.329716796875	0.3065234375
26.0	4.8828125e-5	0.3773046875	0.363671875	0.322060546875	0.30447265625
27.0	4.8828125e-5	0.366875	0.339541015625	0.308720703125	0.296015625
28.0	3.90625e-5	0.34853515625	0.311962890625	0.291708984375	0.28443359375
29.0	3.90625e-5	0.32369140625	0.282529296875	0.27203125	0.269482421875
30.0	3.90625e-5	0.294931640625	0.253173828125	0.251611328125	0.253076171875
31.0	3.90625e-5	0.264462890625	0.222890625	0.232138671875	0.23638671875
32.0	3.90625e-5	0.23572265625	0.19458984375	0.212216796875	0.21861328125
33.0	3.90625e-5	0.2076171875	0.16830078125	0.19228515625	0.20078125
34.0	2.9296875e-5	0.18216796875	0.146005859375	0.170849609375	0.183203125
35.0	2.9296875e-5	0.15943359375	0.12517578125	0.15248046875	0.1669921875
36.0	2.9296875e-5	0.137705078125	0.10712890625	0.134931640625	0.150166015625
37.0	1.953125e-5	0.118623046875	0.09162109375	0.11892578125	0.134560546875
38.0	9.765625e-6	0.10232421875	0.07798828125	0.1039453125	0.120263671875
39.0	9.765625e-6	0.0880078125	0.066376953125	0.089375	0.107392578125
40.0	9.765625e-6	0.0754296875	0.05638671875	0.0772265625	0.095595703125
41.0	9.765625e-6	0.063681640625	0.048017578125	0.067705078125	0.084404296875
42.0	9.765625e-6	0.054794921875	0.04103515625	0.058271484375	0.07458984375
43.0	9.765625e-6	0.04703125	0.03484375	0.050556640625	0.065302734375
44.0	9.765625e-6	0.04033203125	0.02970703125	0.043359375	0.056884765625
45.0	9.765625e-6	0.0341796875	0.025283203125	0.037412109375	0.049638671875
46.0	9.765625e-6	0.02923828125	0.021484375	0.03201171875	0.043173828125
47.0	9.765625e-6	0.025322265625	0.01818359375	0.02720703125	0.03728515625
48.0	9.765625e-6	0.02166015625	0.015390625	0.02328125	0.031845703125
49.0	9.765625e-6	0.018525390625	0.012958984375	0.01966796875	0.02783203125
50.0	9.765625e-6	0.015751953125	0.011220703125	0.01685546875	0.02392578125
51.0	9.765625e-6	0.01341796875	0.0096484375	0.014599609375	0.0205859375
52.0	9.765625e-6	0.011298828125	0.008037109375	0.01236328125	0.01751953125
53.0	0.0	0.00974609375	0.006875	0.010498046875	0.0150390625
54.0	0.0	0.00822265625	0.00587890625	0.008984375	0.0127734375
55.0	0.0	0.006982421875	0.005	0.007734375	0.0109375
56.0	0.0	0.00607421875	0.00419921875	0.006455078125	0.00943359375
57.0	0.0	0.005244140625	0.00365234375	0.005478515625	0.008125
58.0	0.0	0.004580078125	0.00302734375	0.004658203125	0.006953125
59.0	0.0	0.003916015625	0.00255859375	0.004013671875	0.005927734375
60.0	0.0	0.003291015625	0.002197265625	0.003330078125	0.005029296875
61.0	0.0	0.00283203125	0.001904296875	0.002841796875	0.004365234375
62.0	0.0	0.002529296875	0.001572265625	0.002431640625	0.00380859375
63.0	0.0	0.002138671875	0.001376953125	0.002060546875	0.003212890625
64.0	0.0	0.001767578125	0.001201171875	0.001748046875	0.0026953125
65.0	0.0	0.00154296875	0.000986328125	0.001435546875	0.002353515625
66.0	0.0	0.00123046875	0.000849609375	0.001201171875	0.001962890625
67.0	0.0	0.0009765625	0.000693359375	0.001005859375	0.001767578125
68.0	0.0	0.000869140625	0.000634765625	0.000869140625	0.001552734375
69.0	0.0	0.0007421875	0.000556640625	0.000693359375	0.00130859375
70.0	0.0	0.000634765625	0.0005078125	0.000615234375	0.00109375
71.0	0.0	0.000546875	0.000458984375	0.000537109375	0.000947265625
72.0	0.0	0.000458984375	0.0003515625	0.000439453125	0.00076171875
73.0	0.0	0.000380859375	0.000302734375	0.000380859375	0.000654296875
74.0	0.0	0.0003515625	0.00025390625	0.000302734375	0.00052734375
75.0	0.0	0.000302734375	0.000234375	0.000224609375	0.000458984375
76.0	0.0	0.000263671875	0.0001953125	0.0001953125	0.000390625
77.0	0.0	0.00021484375	0.000185546875	0.000166015625	0.00033203125
78.0	0.0	0.000166015625	0.000146484375	0.000146484375	0.00029296875
79.0	0.0	0.00015625	0.000107421875	0.0001171875	0.000263671875
80.0	0.0	0.000146484375	8.7890625e-5	7.8125e-5	0.000234375
81.0	0.0	0.0001171875	8.7890625e-5	5.859375e-5	0.000205078125
82.0	0.0	0.000107421875	8.7890625e-5	4.8828125e-5	0.000185546875
83.0	0.0	9.765625e-5	7.8125e-5	4.8828125e-5	0.000146484375
84.0	0.0	7.8125e-5	4.8828125e-5	4.8828125e-5	9.765625e-5
85.0	0.0	5.859375e-5	3.90625e-5	4.8828125e-5	7.8125e-5
86.0	0.0	4.8828125e-5	1.953125e-5	4.8828125e-5	3.90625e-5
87.0	0.0	2.9296875e-5	9.765625e-6	3.90625e-5	3.90625e-5
88.0	0.0	2.9296875e-5	9.765625e-6	2.9296875e-5	2.9296875e-5
89.0	0.0	2.9296875e-5	9.765625e-6	2.9296875e-5	2.9296875e-5
90.0	0.0	1.953125e-5	0.0	1.953125e-5	2.9296875e-5
91.0	0.0	1.953125e-5	0.0	1.953125e-5	1.953125e-5
92.0	0.0	1.953125e-5	0.0	1.953125e-5	9.765625e-6
93.0	0.0	9.765625e-6	0.0	1.953125e-5	9.765625e-6
94.0	0.0	9.765625e-6	0.0	1.953125e-5	0.0
95.0	0.0	9.765625e-6	0.0	9.765625e-6	0.0
96.0	0.0	9.765625e-6	0.0	9.765625e-6	0.0
97.0	0.0	0.0	0.0	9.765625e-6	0.0
98.0	0.0	0.0	0.0	9.765625e-6	0.0
99.0	0.0	0.0	0.0	9.765625e-6	0.0
100.0	0.0	0.0	0.0	9.765625e-6	0.0
101.0	0.0	0.0	0.0	9.765625e-6	0.0
102.0	0.0	0.0	0.0	9.765625e-6	0.0
103.0	0.0	0.0	0.0	9.765625e-6	0.0
104.0	0.0	0.0	0.0	9.765625e-6	0.0
105.0	0.0	0.0	0.0	9.765625e-6	0.0
106.0	0.0	0.0	0.0	9.765625e-6	0.0
107.0	0.0	0.0	0.0	9.765625e-6	0.0
108.0	0.0	0.0	0.0	9.765625e-6	0.0
109.0	0.0	0.0	0.0	9.765625e-6	0.0
110.0	0.0	0.0	0.0	9.765625e-6	0.0
111.0	0.0	0.0	0.0	9.765625e-6	0.0
112.0	0.0	0.0	0.0	9.765625e-6	0.0
113.0	0.0	0.0	0.0	9.765625e-6	0.0
114.0	0.0	0.0	0.0	9.765625e-6	0.0
115.0	0.0	0.0	0.0	9.765625e-6	0.0
116.0	0.0	0.0	0.0	9.765625e-6	0.0
117.0	0.0	0.0	0.0	0.0	0.0
118.0	0.0	0.0	0.0	0.0	0.0
119.0	0.0	0.0	0.0	0.0	0.0
120.0	0.0	0.0	0.0	0.0	0.0
121.0	0.0	0.0	0.0	0.0	0.0
122.0	0.0	0.0	0.0	0.0	0.0
123.0	0.0	0.0	0.0	0.0	0.0
124.0	0.0	0.0	0.0	0.0	0.0
125.0	0.0	0.0	0.0	0.0	0.0
126.0	0.0	0.0	0.0	0.0	0.0
127.0	0.0	0.0	0.0	0.0	0.0
128.0	0.0	0.0	0.0	0.0	0.0
129.0	0.0	0.0	0.0	0.0	0.0
130.0	0.0	0.0	0.0	0.0	0.0
131.0	0.0	0.0	0.0	0.0	0.0
132.0	0.0	0.0	0.0	0.0	0.0
133.0	0.0	0.0	0.0	0.0	0.0
134.0	0.0	0.0	0.0	0.0	0.0
135.0	0.0	0.0	0.0	0.0	0.0
136.0	0.0	0.0	0.0	0.0	0.0
137.0	0.0	0.0	0.0	0.0	0.0
138.0	0.0	0.0	0.0	0.0	0.0
139.0	0.0	0.0	0.0	0.0	0.0
140.0	0.0	0.0	0.0	0.0	0.0
141.0	0.0	0.0	0.0	0.0	0.0
142.0	0.0	0.0	0.0	0.0	0.0
143.0	0.0	0.0	0.0	0.0	0.0
144.0	0.0	0.0	0.0	0.0	0.0
145.0	0.0	0.0	0.0	0.0	0.0
146.0	0.0	0.0	0.0	0.0	0.0
147.0	0.0	0.0	0.0	0.0	0.0
148.0	0.0	0.0	0.0	0.0	0.0
149.0	0.0	0.0	0.0	0.0	0.0
150.0	0.0	0.0	0.0	0.0	0.0
151.0	0.0	0.0	0.0	0.0	0.0
152.0	0.0	0.0	0.0	0.0	0.0
153.0	0.0	0.0	0.0	0.0	0.0
154.0	0.0	0.0	0.0	0.0	0.0
155.0	0.0	0.0	0.0	0.0	0.0
156.0	0.0	0.0	0.0	0.0	0.0
157.0	0.0	0.0	0.0	0.0	0.0
158.0	0.0	0.0	0.0	0.0	0.0
159.0	0.0	0.0	0.0	0.0	0.0
160.0	0.0	0.0	0.0	0.0	0.0
161.0	0.0	0.0	0.0	0.0	0.0
162.0	0.0	0.0	0.0	0.0	0.0
163.0	0.0	0.0	0.0	0.0	0.0
164.0	0.0	0.0	0.0	0.0	0.0
165.0	0.0	0.0	0.0	0.0	0.0
166.0	0.0	0.0	0.0	0.0	0.0
167.0	0.0	0.0	0.0	0.0	0.0
168.0	0.0	0.0	0.0	0.0	0.0
169.0	0.0	0.0	0.0	0.0	0.0
170.0	0.0	0.0	0.0	0.0	0.0
171.0	0.0	0.0	0.0	0.0	0.0
172.0	0.0	0.0	0.0	0.0	0.0
173.0	0.0	0.0	0.0	0.0	0.0
174.0	0.0	0.0	0.0	0.0	0.0
175.0	0.0	0.0	0.0	0.0	0.0
176.0	0.0	0.0	0.0	0.0	0.0
177.0	0.0	0.0	0.0	0.0	0.0
178.0	0.0	0.0	0.0	0.0	0.0
179.0	0.0	0.0	0.0	0.0	0.0
180.0	0.0	0.0	0.0	0.0	0.0
181.0	0.0	0.0	0.0	0.0	0.0
182.0	0.0	0.0	0.0	0.0	0.0
183.0	0.0	0.0	0.0	0.0	0.0
184.0	0.0	0.0	0.0	0.0	0.0
185.0	0.0	0.0	0.0	0.0	0.0
186.0	0.0	0.0	0.0	0.0	0.0
187.0	0.0	0.0	0.0	0.0	0.0
188.0	0.0	0.0	0.0	0.0	0.0
189.0	0.0	0.0	0.0	0.0	0.0
190.0	0.0	0.0	0.0	0.0	0.0
191.0	0.0	0.0	0.0	0.0	0.0
192.0	0.0	0.0	0.0	0.0	0.0
193.0	0.0	0.0	0.0	0.0	0.0
194.0	0.0	0.0	0.0	0.0	0.0
195.0	0.0	0.0	0.0	0.0	0.0
196.0	0.0	0.0	0.0	0.0	0.0
197.0	0.0	0.0	0.0	0.0	0.0
198.0	0.0	0.0	0.0	0.0	0.0
199.0	0.0	0.0	0.0	0.0	0.0
200.0	0.0	0.0	0.0	0.0	0.0
201.0	0.0	0.0	0.0	0.0	0.0
202.0	0.0	0.0	0.0	0.0	0.0
203.0	0.0	0.0	0.0	0.0	0.0
204.0	0.0	0.0	0.0	0.0	0.0
205.0	0.0	0.0	0.0	0.0	0.0
206.0	0.0	0.0	0.0	0.0	0.0
207.0	0.0	0.0	0.0	0.0	0.0
208.0	0.0	0.0	0.0	0.0	0.0
209.0	0.0	0.0	0.0	0.0	0.0
210.0	0.0	0.0	0.0	0.0	0.0
211.0	0.0	0.0	0.0	0.0	0.0
212.0	0.0	0.0	0.0	0.0	0.0
213.0	0.0	0.0	0.0	0.0	0.0
214.0	0.0	0.0	0.0	0.0	0.0
215.0	0.0	0.0	0.0	0.0	0.0
216.0	0.0	0.0	0.0	0.0	0.0
217.0	0.0	0.0	0.0	0.0	0.0
218.0	0.0	0.0	0.0	0.0	0.0
219.0	0.0	0.0	0.0	0.0	0.0
220.0	0.0	0.0	0.0	0.0	0.0
221.0	0.0	0.0	0.0	0.0	0.0
222.0	0.0	0.0	0.0	0.0	0.0
223.0	0.0	0.0	0.0	0.0	0.0
224.0	0.0	0.0	0.0	0.0	0.0
225.0	0.0	0.0	0.0	0.0	0.0
226.0	0.0	0.0	0.0	0.0	0.0
227.0	0.0	0.0	0.0	0.0	0.0
228.0	0.0	0.0	0.0	0.0	0.0
229.0	0.0	0.0	0.0	0.0	0.0
230.0	0.0	0.0	0.0	0.0	0.0
231.0	0.0	0.0	0.0	0.0	0.0
232.0	0.0	0.0	0.0	0.0	0.0
233.0	0.0	0.0	0.0	0.0	0.0
234.0	0.0	0.0	0.0	0.0	0.0
235.0	0.0	0.0	0.0	0.0	0.0
236.0	0.0	0.0	0.0	0.0	0.0
237.0	0.0	0.0	0.0	0.0	0.0
238.0	0.0	0.0	0.0	0.0	0.0
239.0	0.0	0.0	0.0	0.0	0.0
240.0	0.0	0.0	0.0	0.0	0.0
241.0	0.0	0.0	0.0	0.0	0.0
242.0	0.0	0.0	0.0	0.0	0.0
243.0	0.0	0.0	0.0	0.0	0.0
244.0	0.0	0.0	0.0	0.0	0.0
245.0	0.0	0.0	0.0	0.0	0.0
246.0	0.0	0.0	0.0	0.0	0.0
247.0	0.0	0.0	0.0	0.0	0.0
248.0	0.0	0.0	0.0	0.0	0.0
249.0	0.0	0.0	0.0	0.0	0.0
250.0	0.0	0.0	0.0	0.0	0.0
251.0	0.0	0.0	0.0	0.0	0.0
252.0	0.0	0.0	0.0	0.0	0.0
253.0	0.0	0.0	0.0	0.0	0.0
254.0	0.0	0.0	0.0	0.0	0.0
255.0	0.0	0.0	0.0	0.0	0.0
256.0	0.0	0.0	0.0	0.0	0.0
257.0	0.0	0.0	0.0	0.0	0.0
258.0	0.0	0.0	0.0	0.0	0.0
259.0	0.0	0.0	0.0	0.0	0.0
260.0	0.0	0.0	0.0	0.0	0.0
261.0	0.0	0.0	0.0	0.0	0.0
262.0	0.0	0.0	0.0	0.0	0.0
263.0	0.0	0.0	0.0	0.0	0.0
264.0	0.0	0.0	0.0	0.0	0.0
265.0	0.0	0.0	0.0	0.0	0.0
266.0	0.0	0.0	0.0	0.0	0.0
267.0	0.0	0.0	0.0	0.0	0.0
268.0	0.0	0.0	0.0	0.0	0.0
269.0	0.0	0.0	0.0	0.0	0.0
270.0	0.0	0.0	0.0	0.0	0.0
271.0	0.0	0.0	0.0	0.0	0.0
272.0	0.0	0.0	0.0	0.0	0.0
273.0	0.0	0.0	0.0	0.0	0.0
274.0	0.0	0.0	0.0	0.0	0.0
275.0	0.0	0.0	0.0	0.0	0.0
276.0	0.0	0.0	0.0	0.0	0.0
277.0	0.0	0.0	0.0	0.0	0.0
278.0	0.0	0.0	0.0	0.0	0.0
279.0	0.0	0.0	0.0	0.0	0.0
280.0	0.0	0.0	0.0	0.0	0.0
281.0	0.0	0.0	0.0	0.0	0.0
282.0	0.0	0.0	0.0	0.0	0.0
283.0	0.0	0.0	0.0	0.0	0.0
284.0	0.0	0.0	0.0	0.0	0.0
285.0	0.0	0.0	0.0	0.0	0.0
286.0	0.0	0.0	0.0	0.0	0.0
287.0	0.0	0.0	0.0	0.0	0.0
288.0	0.0	0.0	0.0	0.0	0.0
289.0	0.0	0.0	0.0	0.0	0.0
290.0	0.0	0.0	0.0	0.0	0.0
291.0	0.0	0.0	0.0	0.0	0.0
292.0	0.0	0.0	0.0	0.0	0.0
293.0	0.0	0.0	0.0	0.0	0.0
294.0	0.0	0.0	0.0	0.0	0.0
295.0	0.0	0.0	0.0	0.0	0.0
296.0	0.0	0.0	0.0	0.0	0.0
297.0	0.0	0.0	0.0	0.0	0.0
298.0	0.0	0.0	0.0	0.0	0.0
299.0	0.0	0.0	0.0	0.0	0.0
300.0	0.0	0.0	0.0	0.0	0.0
301.0	0.0	0.0	0.0	0.0	0.0
302.0	0.0	0.0	0.0	0.0	0.0
303.0	0.0	0.0	0.0	0.0	0.0
304.0	0.0	0.0	0.0	0.0	0.0
305.0	0.0	0.0	0.0	0.0	0.0
306.0	0.0	0.0	0.0	0.0	0.0
307.0	0.0	0.0	0.0	0.0	0.0
308.0	0.0	0.0	0.0	0.0	0.0
309.0	0.0	0.0	0.0	0.0	0.0
310.0	0.0	0.0	0.0	0.0	0.0
311.0	0.0	0.0	0.0	0.0	0.0
312.0	0.0	0.0	0.0	0.0	0.0
313.0	0.0	0.0	0.0	0.0	0.0
314.0	0.0	0.0	0.0	0.0	0.0
315.0	0.0	0.0	0.0	0.0	0.0
316.0	0.0	0.0	0.0	0.0	0.0
317.0	0.0	0.0	0.0	0.0	0.0
318.0	0.0	0.0	0.0	0.0	0.0
319.0	0.0	0.0	0.0	0.0	0.0
320.0	0.0	0.0	0.0	0.0	0.0
321.0	0.0	0.0	0.0	0.0	0.0
322.0	0.0	0.0	0.0	0.0	0.0
323.0	0.0	0.0	0.0	0.0	0.0
324.0	0.0	0.0	0.0	0.0	0.0
325.0	0.0	0.0	0.0	0.0	0.0
326.0	0.0	0.0	0.0	0.0	0.0
327.0	0.0	0.0	0.0	0.0	0.0
328.0	0.0	0.0	0.0	0.0	0.0
329.0	0.0	0.0	0.0	0.0	0.0
330.0	0.0	0.0	0.0	0.0	0.0
331.0	0.0	0.0	0.0	0.0	0.0
332.0	0.0	0.0	0.0	0.0	0.0
333.0	0.0	0.0	0.0	0.0	0.0
334.0	0.0	0.0	0.0	0.0	0.0
335.0	0.0	0.0	0.0	0.0	0.0
336.0	0.0	0.0	0.0	0.0	0.0
337.0	0.0	0.0	0.0	0.0	0.0
338.0	0.0	0.0	0.0	0.0	0.0
339.0	0.0	0.0	0.0	0.0	0.0
340.0	0.0	0.0	0.0	0.0	0.0
341.0	0.0	0.0	0.0	0.0	0.0
342.0	0.0	0.0	0.0	0.0	0.0
343.0	0.0	0.0	0.0	0.0	0.0
344.0	0.0	0.0	0.0	0.0	0.0
345.0	0.0	0.0	0.0	0.0	0.0
346.0	0.0	0.0	0.0	0.0	0.0
347.0	0.0	0.0	0.0	0.0	0.0
348.0	0.0	0.0	0.0	0.0	0.0
349.0	0.0	0.0	0.0	0.0	0.0
350.0	0.0	0.0	0.0	0.0	0.0
351.0	0.0	0.0	0.0	0.0	0.0
352.0	0.0	0.0	0.0	0.0	0.0
353.0	0.0	0.0	0.0	0.0	0.0
354.0	0.0	0.0	0.0	0.0	0.0
355.0	0.0	0.0	0.0	0.0	0.0
356.0	0.0	0.0	0.0	0.0	0.0
357.0	0.0	0.0	0.0	0.0	0.0
358.0	0.0	0.0	0.0	0.0	0.0
359.0	0.0	0.0	0.0	0.0	0.0
360.0	0.0	0.0	0.0	0.0	0.0
361.0	0.0	0.0	0.0	0.0	0.0
362.0	0.0	0.0	0.0	0.0	0.0
363.0	0.0	0.0	0.0	0.0	0.0
364.0	0.0	0.0	0.0	0.0	0.0
365.0	0.0	0.0	0.0	0.0	0.0
366.0	0.0	0.0	0.0	0.0	0.0
367.0	0.0	0.0	0.0	0.0	0.0
368.0	0.0	0.0	0.0	0.0	0.0
369.0	0.0	0.0	0.0	0.0	0.0
370.0	0.0	0.0	0.0	0.0	0.0
371.0	0.0	0.0	0.0	0.0	0.0
372.0	0.0	0.0	0.0	0.0	0.0
373.0	0.0	0.0	0.0	0.0	0.0
374.0	0.0	0.0	0.0	0.0	0.0
375.0	0.0	0.0	0.0	0.0	0.0
376.0	0.0	0.0	0.0	0.0	0.0
377.0	0.0	0.0	0.0	0.0	0.0
378.0	0.0	0.0	0.0	0.0	0.0
379.0	0.0	0.0	0.0	0.0	0.0
380.0	0.0	0.0	0.0	0.0	0.0
381.0	0.0	0.0	0.0	0.0	0.0
382.0	0.0	0.0	0.0	0.0	0.0
383.0	0.0	0.0	0.0	0.0	0.0
384.0	0.0	0.0	0.0	0.0	0.0
385.0	0.0	0.0	0.0	0.0	0.0
386.0	0.0	0.0	0.0	0.0	0.0
387.0	0.0	0.0	0.0	0.0	0.0
388.0	0.0	0.0	0.0	0.0	0.0
389.0	0.0	0.0	0.0	0.0	0.0
390.0	0.0	0.0	0.0	0.0	0.0
391.0	0.0	0.0	0.0	0.0	0.0
392.0	0.0	0.0	0.0	0.0	0.0
393.0	0.0	0.0	0.0	0.0	0.0
394.0	0.0	0.0	0.0	0.0	0.0
395.0	0.0	0.0	0.0	0.0	0.0
396.0	0.0	0.0	0.0	0.0	0.0
397.0	0.0	0.0	0.0	0.0	0.0
398.0	0.0	0.0	0.0	0.0	0.0
399.0	0.0	0.0	0.0	0.0	0.0
400.0	0.0	0.0	0.0	0.0	0.0
401.0	0.0	0.0	0.0	0.0	0.0
402.0	0.0	0.0	0.0	0.0	0.0
403.0	0.0	0.0	0.0	0.0	0.0
404.0	0.0	0.0	0.0	0.0	0.0
405.0	0.0	0.0	0.0	0.0	0.0
406.0	0.0	0.0	0.0	0.0	0.0
407.0	0.0	0.0	0.0	0.0	0.0
408.0	0.0	0.0	0.0	0.0	0.0
409.0	0.0	0.0	0.0	0.0	0.0
410.0	0.0	0.0	0.0	0.0	0.0
411.0	0.0	0.0	0.0	0.0	0.0
412.0	0.0	0.0	0.0	0.0	0.0
413.0	0.0	0.0	0.0	0.0	0.0
414.0	0.0	0.0	0.0	0.0	0.0
415.0	0.0	0.0	0.0	0.0	0.0
416.0	0.0	0.0	0.0	0.0	0.0
417.0	0.0	0.0	0.0	0.0	0.0
418.0	0.0	0.0	0.0	0.0	0.0
419.0	0.0	0.0	0.0	0.0	0.0
420.0	0.0	0.0	0.0	0.0	0.0
421.0	0.0	0.0	0.0	0.0	0.0
422.0	0.0	0.0	0.0	0.0	0.0
423.0	0.0	0.0	0.0	0.0	0.0
424.0	0.0	0.0	0.0	0.0	0.0
425.0	0.0	0.0	0.0	0.0	0.0
426.0	0.0	0.0	0.0	0.0	0.0
427.0	0.0	0.0	0.0	0.0	0.0
428.0	0.0	0.0	0.0	0.0	0.0
429.0	0.0	0.0	0.0	0.0	0.0
430.0	0.0	0.0	0.0	0.0	0.0
431.0	0.0	0.0	0.0	0.0	0.0
432.0	0.0	0.0	0.0	0.0	0.0
433.0	0.0	0.0	0.0	0.0	0.0
434.0	0.0	0.0	0.0	0.0	0.0
435.0	0.0	0.0	0.0	0.0	0.0
436.0	0.0	0.0	0.0	0.0	0.0
437.0	0.0	0.0	0.0	0.0	0.0
438.0	0.0	0.0	0.0	0.0	0.0
439.0	0.0	0.0	0.0	0.0	0.0
440.0	0.0	0.0	0.0	0.0	0.0
441.0	0.0	0.0	0.0	0.0	0.0
442.0	0.0	0.0	0.0	0.0	0.0
443.0	0.0	0.0	0.0	0.0	0.0
444.0	0.0	0.0	0.0	0.0	0.0
445.0	0.0	0.0	0.0	0.0	0.0
446.0	0.0	0.0	0.0	0.0	0.0
447.0	0.0	0.0	0.0	0.0	0.0
448.0	0.0	0.0	0.0	0.0	0.0
449.0	0.0	0.0	0.0	0.0	0.0
450.0	0.0	0.0	0.0	0.0	0.0
451.0	0.0	0.0	0.0	0.0	0.0
452.0	0.0	0.0	0.0	0.0	0.0
453.0	0.0	0.0	0.0	0.0	0.0
454.0	0.0	0.0	0.0	0.0	0.0
455.0	0.0	0.0	0.0	0.0	0.0
456.0	0.0	0.0	0.0	0.0	0.0
457.0	0.0	0.0	0.0	0.0	0.0
458.0	0.0	0.0	0.0	0.0	0.0
459.0	0.0	0.0	0.0	0.0	0.0
460.0	0.0	0.0	0.0	0.0	0.0
461.0	0.0	0.0	0.0	0.0	0.0
462.0	0.0	0.0	0.0	0.0	0.0
463.0	0.0	0.0	0.0	0.0	0.0
464.0	0.0	0.0	0.0	0.0	0.0
465.0	0.0	0.0	0.0	0.0	0.0
466.0	0.0	0.0	0.0	0.0	0.0
467.0	0.0	0.0	0.0	0.0	0.0
468.0	0.0	0.0	0.0	0.0	0.0
469.0	0.0	0.0	0.0	0.0	0.0
470.0	0.0	0.0	0.0	0.0	0.0
471.0	0.0	0.0	0.0	0.0	0.0
472.0	0.0	0.0	0.0	0.0	0.0
473.0	0.0	0.0	0.0	0.0	0.0
474.0	0.0	0.0	0.0	0.0	0.0
475.0	0.0	0.0	0.0	0.0	0.0
476.0	0.0	0.0	0.0	0.0	0.0
477.0	0.0	0.0	0.0	0.0	0.0
478.0	0.0	0.0	0.0	0.0	0.0
479.0	0.0	0.0	0.0	0.0	0.0
480.0	0.0	0.0	0.0	0.0	0.0
481.0	0.0	0.0	0.0	0.0	0.0
482.0	0.0	0.0	0.0	0.0	0.0
483.0	0.0	0.0	0.0	0.0	0.0
484.0	0.0	0.0	0.0	0.0	0.0
485.0	0.0	0.0	0.0	0.0	0.0
486.0	0.0	0.0	0.0	0.0	0.0
487.0	0.0	0.0	0.0	0.0	0.0
488.0	0.0	0.0	0.0	0.0	0.0
489.0	0.0	0.0	0.0	0.0	0.0
490.0	0.0	0.0	0.0	0.0	0.0
491.0	0.0	0.0	0.0	0.0	0.0
492.0	0.0	0.0	0.0	0.0	0.0
493.0	0.0	0.0	0.0	0.0	0.0
494.0	0.0	0.0	0.0	0.0	0.0
495.0	0.0	0.0	0.0	0.0	0.0
496.0	0.0	0.0	0.0	0.0	0.0
497.0	0.0	0.0	0.0	0.0	0.0
498.0	0.0	0.0	0.0	0.0	0.0
499.0	0.0	0.0	0.0	0.0	0.0
500.0	0.0	0.0	0.0	0.0	0.0
