1.0	0.496708984375	0.502470703125	0.496357421875	0.500703125	0.49880859375	0.49857421875
2.0	0.629375	0.371298828125	0.319501953125	0.2648046875	0.0690234375	0.06751953125
3.0	0.733916015625	0.265634765625	0.181796875	0.1137109375	0.00154296875	0.0014453125
4.0	0.802509765625	0.19904296875	0.107685546875	0.047236328125	9.765625e-6	7.8125e-5
5.0	0.851982421875	0.15140625	0.0628515625	0.019833984375	0.0	0.00021484375
6.0	0.887158203125	0.118388671875	0.038330078125	0.008046875	0.0	0.000576171875
7.0	0.912744140625	0.094658203125	0.0237109375	0.003017578125	0.0	0.000966796875
8.0	0.9313671875	0.07685546875	0.014970703125	0.00111328125	0.0	0.001337890625
9.0	0.944326171875	0.06328125	0.009560546875	0.00046875	0.0	0.0016796875
10.0	0.9538671875	0.052578125	0.006064453125	0.000185546875	0.0	0.00205078125
11.0	0.9609375	0.04423828125	0.003955078125	6.8359375e-5	0.0	0.00244140625
12.0	0.9665625	0.03751953125	0.0025390625	1.953125e-5	0.0	0.002724609375
13.0	0.9708984375	0.032490234375	0.00169921875	0.0	0.0	0.00306640625
14.0	0.974228515625	0.02818359375	0.00125	0.0	0.0	0.00341796875
15.0	0.97642578125	0.024990234375	0.000888671875	0.0	0.0	0.003818359375
16.0	0.978056640625	0.02232421875	0.000615234375	0.0	0.0	0.004365234375
17.0	0.979296875	0.020322265625	0.00046875	0.0	0.0	0.004716796875
18.0	0.980185546875	0.0187109375	0.000341796875	0.0	0.0	0.0051171875
19.0	0.98099609375	0.017314453125	0.00021484375	0.0	0.0	0.005849609375
20.0	0.981552734375	0.016181640625	0.00015625	0.0	0.0	0.00662109375
21.0	0.981982421875	0.015283203125	0.0001171875	0.0	0.0	0.007216796875
22.0	0.982314453125	0.0146875	9.765625e-5	0.0	0.0	0.0078515625
23.0	0.982626953125	0.014189453125	9.765625e-5	0.0	0.0	0.009072265625
24.0	0.982861328125	0.013798828125	9.765625e-5	0.0	0.0	0.009677734375
25.0	0.98302734375	0.0133984375	9.765625e-5	0.0	0.0	0.0102734375
26.0	0.98314453125	0.013076171875	9.765625e-5	0.0	0.0	0.0112890625
27.0	0.983232421875	0.01279296875	9.765625e-5	0.0	0.0	0.01212890625
28.0	0.98330078125	0.0125390625	9.765625e-5	0.0	0.0	0.012568359375
29.0	0.9833203125	0.01228515625	9.765625e-5	0.0	0.0	0.0128515625
30.0	0.983310546875	0.0121484375	9.765625e-5	0.0	0.0	0.014150390625
31.0	0.9833203125	0.011943359375	9.765625e-5	0.0	0.0	0.015849609375
32.0	0.983310546875	0.011865234375	9.765625e-5	0.0	0.0	0.017724609375
33.0	0.9833203125	0.011748046875	9.765625e-5	0.0	0.0	0.019521484375
34.0	0.983310546875	0.01173828125	9.765625e-5	0.0	0.0	0.0211328125
35.0	0.9833203125	0.011689453125	9.765625e-5	0.0	0.0	0.022861328125
36.0	0.983310546875	0.011708984375	9.765625e-5	0.0	0.0	0.02484375
37.0	0.9833203125	0.011689453125	9.765625e-5	0.0	0.0	0.0271484375
38.0	0.983310546875	0.01171875	9.765625e-5	0.0	0.0	0.02853515625
39.0	0.983310546875	0.011689453125	9.765625e-5	0.0	0.0	0.030634765625
40.0	0.983310546875	0.0116796875	9.765625e-5	0.0	0.0	0.032783203125
41.0	0.983310546875	0.01166015625	9.765625e-5	0.0	0.0	0.03462890625
42.0	0.983310546875	0.01166015625	9.765625e-5	0.0	0.0	0.036943359375
43.0	0.983310546875	0.011630859375	9.765625e-5	0.0	0.0	0.039130859375
44.0	0.983310546875	0.01166015625	9.765625e-5	0.0	0.0	0.04138671875
45.0	0.983310546875	0.011669921875	9.765625e-5	0.0	0.0	0.043857421875
46.0	0.983310546875	0.0116796875	9.765625e-5	0.0	0.0	0.04669921875
47.0	0.983310546875	0.011650390625	9.765625e-5	0.0	0.0	0.04884765625
48.0	0.983310546875	0.01166015625	9.765625e-5	0.0	0.0	0.0508984375
49.0	0.983310546875	0.011650390625	9.765625e-5	0.0	0.0	0.0521875
50.0	0.983310546875	0.0116796875	9.765625e-5	0.0	0.0	0.05384765625
51.0	0.983310546875	0.011689453125	9.765625e-5	0.0	0.0	0.055419921875
52.0	0.983310546875	0.011708984375	9.765625e-5	0.0	0.0	0.056513671875
53.0	0.983310546875	0.011708984375	9.765625e-5	0.0	0.0	0.05693359375
54.0	0.983310546875	0.0117578125	9.765625e-5	0.0	0.0	0.056865234375
55.0	0.983310546875	0.0117578125	9.765625e-5	0.0	0.0	0.056005859375
56.0	0.983310546875	0.011796875	9.765625e-5	0.0	0.0	0.05537109375
57.0	0.983310546875	0.011826171875	9.765625e-5	0.0	0.0	0.05482421875
58.0	0.983310546875	0.01181640625	9.765625e-5	0.0	0.0	0.054970703125
59.0	0.983310546875	0.011806640625	9.765625e-5	0.0	0.0	0.054541015625
60.0	0.983310546875	0.0118359375	9.765625e-5	0.0	0.0	0.0532421875
61.0	0.983310546875	0.011796875	9.765625e-5	0.0	0.0	0.0522265625
62.0	0.983310546875	0.011787109375	9.765625e-5	0.0	0.0	0.050791015625
63.0	0.983310546875	0.011748046875	9.765625e-5	0.0	0.0	0.048818359375
64.0	0.983310546875	0.01177734375	9.765625e-5	0.0	0.0	0.046796875
65.0	0.983310546875	0.011767578125	9.765625e-5	0.0	0.0	0.044365234375
66.0	0.983310546875	0.011787109375	9.765625e-5	0.0	0.0	0.04162109375
67.0	0.983310546875	0.0117578125	9.765625e-5	0.0	0.0	0.038828125
68.0	0.983310546875	0.01177734375	9.765625e-5	0.0	0.0	0.036259765625
69.0	0.983310546875	0.0117578125	9.765625e-5	0.0	0.0	0.03345703125
70.0	0.983310546875	0.011767578125	9.765625e-5	0.0	0.0	0.031328125
71.0	0.983310546875	0.01177734375	9.765625e-5	0.0	0.0	0.0291796875
72.0	0.983310546875	0.011767578125	9.765625e-5	0.0	0.0	0.0270703125
73.0	0.983310546875	0.011767578125	9.765625e-5	0.0	0.0	0.025400390625
74.0	0.983310546875	0.011767578125	9.765625e-5	0.0	0.0	0.023564453125
75.0	0.983310546875	0.01177734375	9.765625e-5	0.0	0.0	0.022236328125
76.0	0.983310546875	0.01177734375	9.765625e-5	0.0	0.0	0.021220703125
77.0	0.983310546875	0.011767578125	9.765625e-5	0.0	0.0	0.01974609375
78.0	0.983310546875	0.011767578125	9.765625e-5	0.0	0.0	0.01861328125
79.0	0.983310546875	0.01173828125	9.765625e-5	0.0	0.0	0.017744140625
80.0	0.983310546875	0.01173828125	9.765625e-5	0.0	0.0	0.0166796875
81.0	0.983310546875	0.011728515625	9.765625e-5	0.0	0.0	0.015615234375
82.0	0.983310546875	0.01173828125	9.765625e-5	0.0	0.0	0.01447265625
83.0	0.983310546875	0.011728515625	9.765625e-5	0.0	0.0	0.01361328125
84.0	0.983310546875	0.01173828125	9.765625e-5	0.0	0.0	0.012490234375
85.0	0.983310546875	0.011728515625	9.765625e-5	0.0	0.0	0.011640625
86.0	0.983310546875	0.01173828125	9.765625e-5	0.0	0.0	0.010546875
87.0	0.983310546875	0.01173828125	9.765625e-5	0.0	0.0	0.009599609375
88.0	0.983310546875	0.011748046875	9.765625e-5	0.0	0.0	0.008876953125
89.0	0.983310546875	0.01173828125	9.765625e-5	0.0	0.0	0.008095703125
90.0	0.983310546875	0.011748046875	9.765625e-5	0.0	0.0	0.007099609375
91.0	0.983310546875	0.01173828125	9.765625e-5	0.0	0.0	0.006484375
92.0	0.983310546875	0.01173828125	9.765625e-5	0.0	0.0	0.005908203125
93.0	0.983310546875	0.011728515625	9.765625e-5	0.0	0.0	0.00525390625
94.0	0.983310546875	0.01173828125	9.765625e-5	0.0	0.0	0.00466796875
95.0	0.983310546875	0.011728515625	9.765625e-5	0.0	0.0	0.004365234375
96.0	0.983310546875	0.01173828125	9.765625e-5	0.0	0.0	0.00392578125
97.0	0.983310546875	0.011728515625	9.765625e-5	0.0	0.0	0.003525390625
98.0	0.983310546875	0.01173828125	9.765625e-5	0.0	0.0	0.003125
99.0	0.983310546875	0.011728515625	9.765625e-5	0.0	0.0	0.002861328125
100.0	0.983310546875	0.01173828125	9.765625e-5	0.0	0.0	0.00255859375
101.0	0.983310546875	0.011728515625	9.765625e-5	0.0	0.0	0.002265625
102.0	0.983310546875	0.01173828125	9.765625e-5	0.0	0.0	0.002099609375
103.0	0.983310546875	0.011728515625	9.765625e-5	0.0	0.0	0.001865234375
104.0	0.983310546875	0.01173828125	9.765625e-5	0.0	0.0	0.00158203125
105.0	0.983310546875	0.011728515625	9.765625e-5	0.0	0.0	0.00138671875
106.0	0.983310546875	0.01173828125	9.765625e-5	0.0	0.0	0.001328125
107.0	0.983310546875	0.011728515625	9.765625e-5	0.0	0.0	0.001357421875
108.0	0.983310546875	0.01173828125	9.765625e-5	0.0	0.0	0.00138671875
109.0	0.983310546875	0.011728515625	9.765625e-5	0.0	0.0	0.001396484375
110.0	0.983310546875	0.01173828125	9.765625e-5	0.0	0.0	0.001298828125
111.0	0.983310546875	0.011728515625	9.765625e-5	0.0	0.0	0.001220703125
112.0	0.983310546875	0.01173828125	9.765625e-5	0.0	0.0	0.00119140625
113.0	0.983310546875	0.011728515625	9.765625e-5	0.0	0.0	0.001025390625
114.0	0.983310546875	0.01173828125	9.765625e-5	0.0	0.0	0.000791015625
115.0	0.983310546875	0.011728515625	9.765625e-5	0.0	0.0	0.000634765625
116.0	0.983310546875	0.01173828125	9.765625e-5	0.0	0.0	0.00048828125
117.0	0.983310546875	0.01171875	9.765625e-5	0.0	0.0	0.0004296875
118.0	0.983310546875	0.01173828125	9.765625e-5	0.0	0.0	0.00033203125
119.0	0.983310546875	0.01171875	9.765625e-5	0.0	0.0	0.00025390625
120.0	0.983310546875	0.01173828125	9.765625e-5	0.0	0.0	0.000205078125
121.0	0.983310546875	0.01171875	9.765625e-5	0.0	0.0	0.0001953125
122.0	0.983310546875	0.01173828125	9.765625e-5	0.0	0.0	0.000185546875
123.0	0.983310546875	0.01171875	9.765625e-5	0.0	0.0	0.000234375
124.0	0.983310546875	0.01173828125	9.765625e-5	0.0	0.0	0.0001953125
125.0	0.983310546875	0.011728515625	9.765625e-5	0.0	0.0	0.0001953125
126.0	0.983310546875	0.01173828125	9.765625e-5	0.0	0.0	0.000205078125
127.0	0.983310546875	0.011728515625	9.765625e-5	0.0	0.0	0.0001953125
128.0	0.983310546875	0.01173828125	9.765625e-5	0.0	0.0	0.00017578125
129.0	0.983310546875	0.011728515625	9.765625e-5	0.0	0.0	0.00015625
130.0	0.983310546875	0.01173828125	9.765625e-5	0.0	0.0	0.00015625
131.0	0.983310546875	0.011728515625	9.765625e-5	0.0	0.0	0.000166015625
132.0	0.983310546875	0.01173828125	9.765625e-5	0.0	0.0	0.000146484375
133.0	0.983310546875	0.011728515625	9.765625e-5	0.0	0.0	0.000146484375
134.0	0.983310546875	0.01173828125	9.765625e-5	0.0	0.0	0.000126953125
135.0	0.983310546875	0.011728515625	9.765625e-5	0.0	0.0	7.8125e-5
136.0	0.983310546875	0.01173828125	9.765625e-5	0.0	0.0	3.90625e-5
137.0	0.983310546875	0.011728515625	9.765625e-5	0.0	0.0	3.90625e-5
138.0	0.983310546875	0.01173828125	9.765625e-5	0.0	0.0	3.90625e-5
139.0	0.983310546875	0.011728515625	9.765625e-5	0.0	0.0	4.8828125e-5
140.0	0.983310546875	0.01173828125	9.765625e-5	0.0	0.0	3.90625e-5
141.0	0.983310546875	0.011728515625	9.765625e-5	0.0	0.0	3.90625e-5
142.0	0.983310546875	0.01173828125	9.765625e-5	0.0	0.0	3.90625e-5
143.0	0.983310546875	0.01173828125	9.765625e-5	0.0	0.0	3.90625e-5
144.0	0.983310546875	0.01173828125	9.765625e-5	0.0	0.0	3.90625e-5
145.0	0.983310546875	0.011748046875	9.765625e-5	0.0	0.0	3.90625e-5
146.0	0.983310546875	0.01173828125	9.765625e-5	0.0	0.0	3.90625e-5
147.0	0.983310546875	0.011748046875	9.765625e-5	0.0	0.0	3.90625e-5
148.0	0.983310546875	0.01173828125	9.765625e-5	0.0	0.0	3.90625e-5
149.0	0.983310546875	0.011748046875	9.765625e-5	0.0	0.0	3.90625e-5
150.0	0.983310546875	0.01173828125	9.765625e-5	0.0	0.0	3.90625e-5
151.0	0.983310546875	0.011748046875	9.765625e-5	0.0	0.0	1.953125e-5
152.0	0.983310546875	0.01173828125	9.765625e-5	0.0	0.0	0.0
153.0	0.983310546875	0.011748046875	9.765625e-5	0.0	0.0	0.0
154.0	0.983310546875	0.01173828125	9.765625e-5	0.0	0.0	0.0
155.0	0.983310546875	0.011748046875	9.765625e-5	0.0	0.0	0.0
156.0	0.983310546875	0.01173828125	9.765625e-5	0.0	0.0	0.0
157.0	0.983310546875	0.011748046875	9.765625e-5	0.0	0.0	0.0
158.0	0.983310546875	0.01173828125	9.765625e-5	0.0	0.0	0.0
159.0	0.983310546875	0.01173828125	9.765625e-5	0.0	0.0	0.0
160.0	0.983310546875	0.01173828125	9.765625e-5	0.0	0.0	0.0
161.0	0.983310546875	0.01173828125	9.765625e-5	0.0	0.0	0.0
162.0	0.983310546875	0.01173828125	9.765625e-5	0.0	0.0	0.0
163.0	0.983310546875	0.01173828125	9.765625e-5	0.0	0.0	0.0
164.0	0.983310546875	0.01173828125	9.765625e-5	0.0	0.0	0.0
165.0	0.983310546875	0.01173828125	9.765625e-5	0.0	0.0	0.0
166.0	0.983310546875	0.01173828125	9.765625e-5	0.0	0.0	0.0
167.0	0.983310546875	0.01173828125	9.765625e-5	0.0	0.0	0.0
168.0	0.983310546875	0.01173828125	9.765625e-5	0.0	0.0	0.0
169.0	0.983310546875	0.01173828125	9.765625e-5	0.0	0.0	0.0
170.0	0.983310546875	0.01173828125	9.765625e-5	0.0	0.0	0.0
171.0	0.983310546875	0.01173828125	9.765625e-5	0.0	0.0	0.0
172.0	0.983310546875	0.01173828125	9.765625e-5	0.0	0.0	0.0
173.0	0.983310546875	0.01173828125	9.765625e-5	0.0	0.0	0.0
174.0	0.983310546875	0.01173828125	9.765625e-5	0.0	0.0	0.0
175.0	0.983310546875	0.01173828125	9.765625e-5	0.0	0.0	0.0
176.0	0.983310546875	0.01173828125	9.765625e-5	0.0	0.0	0.0
177.0	0.983310546875	0.01173828125	9.765625e-5	0.0	0.0	0.0
178.0	0.983310546875	0.01173828125	9.765625e-5	0.0	0.0	0.0
179.0	0.983310546875	0.01173828125	9.765625e-5	0.0	0.0	0.0
180.0	0.983310546875	0.01173828125	9.765625e-5	0.0	0.0	0.0
181.0	0.983310546875	0.01173828125	9.765625e-5	0.0	0.0	0.0
182.0	0.983310546875	0.01173828125	9.765625e-5	0.0	0.0	0.0
183.0	0.983310546875	0.01173828125	9.765625e-5	0.0	0.0	0.0
184.0	0.983310546875	0.01173828125	9.765625e-5	0.0	0.0	0.0
185.0	0.983310546875	0.01173828125	9.765625e-5	0.0	0.0	0.0
186.0	0.983310546875	0.01173828125	9.765625e-5	0.0	0.0	0.0
187.0	0.983310546875	0.01173828125	9.765625e-5	0.0	0.0	0.0
188.0	0.983310546875	0.01173828125	9.765625e-5	0.0	0.0	0.0
189.0	0.983310546875	0.01173828125	9.765625e-5	0.0	0.0	0.0
190.0	0.983310546875	0.01173828125	9.765625e-5	0.0	0.0	0.0
191.0	0.983310546875	0.01173828125	9.765625e-5	0.0	0.0	0.0
192.0	0.983310546875	0.01173828125	9.765625e-5	0.0	0.0	0.0
193.0	0.983310546875	0.01173828125	9.765625e-5	0.0	0.0	0.0
194.0	0.983310546875	0.01173828125	9.765625e-5	0.0	0.0	0.0
195.0	0.983310546875	0.01173828125	9.765625e-5	0.0	0.0	0.0
196.0	0.983310546875	0.01173828125	9.765625e-5	0.0	0.0	0.0
197.0	0.983310546875	0.01173828125	9.765625e-5	0.0	0.0	0.0
198.0	0.983310546875	0.01173828125	9.765625e-5	0.0	0.0	0.0
199.0	0.983310546875	0.01173828125	9.765625e-5	0.0	0.0	0.0
200.0	0.983310546875	0.01173828125	9.765625e-5	0.0	0.0	0.0
201.0	0.983310546875	0.01173828125	9.765625e-5	0.0	0.0	0.0
202.0	0.983310546875	0.01173828125	9.765625e-5	0.0	0.0	0.0
203.0	0.983310546875	0.01173828125	9.765625e-5	0.0	0.0	0.0
204.0	0.983310546875	0.01173828125	9.765625e-5	0.0	0.0	0.0
205.0	0.983310546875	0.01173828125	9.765625e-5	0.0	0.0	0.0
206.0	0.983310546875	0.01173828125	9.765625e-5	0.0	0.0	0.0
207.0	0.983310546875	0.01173828125	9.765625e-5	0.0	0.0	0.0
208.0	0.983310546875	0.01173828125	9.765625e-5	0.0	0.0	0.0
209.0	0.983310546875	0.01173828125	9.765625e-5	0.0	0.0	0.0
210.0	0.983310546875	0.01173828125	9.765625e-5	0.0	0.0	0.0
211.0	0.983310546875	0.01173828125	9.765625e-5	0.0	0.0	0.0
212.0	0.983310546875	0.01173828125	9.765625e-5	0.0	0.0	0.0
213.0	0.983310546875	0.01173828125	9.765625e-5	0.0	0.0	0.0
214.0	0.983310546875	0.01173828125	9.765625e-5	0.0	0.0	0.0
215.0	0.983310546875	0.01173828125	9.765625e-5	0.0	0.0	0.0
216.0	0.983310546875	0.01173828125	9.765625e-5	0.0	0.0	0.0
217.0	0.983310546875	0.01173828125	9.765625e-5	0.0	0.0	0.0
218.0	0.983310546875	0.01173828125	9.765625e-5	0.0	0.0	0.0
219.0	0.983310546875	0.01173828125	9.765625e-5	0.0	0.0	0.0
220.0	0.983310546875	0.01173828125	9.765625e-5	0.0	0.0	0.0
221.0	0.983310546875	0.01173828125	9.765625e-5	0.0	0.0	0.0
222.0	0.983310546875	0.01173828125	9.765625e-5	0.0	0.0	0.0
223.0	0.983310546875	0.01173828125	9.765625e-5	0.0	0.0	0.0
224.0	0.983310546875	0.01173828125	9.765625e-5	0.0	0.0	0.0
225.0	0.983310546875	0.01173828125	9.765625e-5	0.0	0.0	0.0
226.0	0.983310546875	0.01173828125	9.765625e-5	0.0	0.0	0.0
227.0	0.983310546875	0.01173828125	9.765625e-5	0.0	0.0	0.0
228.0	0.983310546875	0.01173828125	9.765625e-5	0.0	0.0	0.0
229.0	0.983310546875	0.01173828125	9.765625e-5	0.0	0.0	0.0
230.0	0.983310546875	0.01173828125	9.765625e-5	0.0	0.0	0.0
231.0	0.983310546875	0.01173828125	9.765625e-5	0.0	0.0	0.0
232.0	0.983310546875	0.01173828125	9.765625e-5	0.0	0.0	0.0
233.0	0.983310546875	0.01173828125	9.765625e-5	0.0	0.0	0.0
234.0	0.983310546875	0.01173828125	9.765625e-5	0.0	0.0	0.0
235.0	0.983310546875	0.01173828125	9.765625e-5	0.0	0.0	0.0
236.0	0.983310546875	0.01173828125	9.765625e-5	0.0	0.0	0.0
237.0	0.983310546875	0.01173828125	9.765625e-5	0.0	0.0	0.0
238.0	0.983310546875	0.01173828125	9.765625e-5	0.0	0.0	0.0
239.0	0.983310546875	0.01173828125	9.765625e-5	0.0	0.0	0.0
240.0	0.983310546875	0.01173828125	9.765625e-5	0.0	0.0	0.0
241.0	0.983310546875	0.01173828125	9.765625e-5	0.0	0.0	0.0
242.0	0.983310546875	0.01173828125	9.765625e-5	0.0	0.0	0.0
243.0	0.983310546875	0.01173828125	9.765625e-5	0.0	0.0	0.0
244.0	0.983310546875	0.01173828125	9.765625e-5	0.0	0.0	0.0
245.0	0.983310546875	0.01173828125	9.765625e-5	0.0	0.0	0.0
246.0	0.983310546875	0.01173828125	9.765625e-5	0.0	0.0	0.0
247.0	0.983310546875	0.01173828125	9.765625e-5	0.0	0.0	0.0
248.0	0.983310546875	0.01173828125	9.765625e-5	0.0	0.0	0.0
249.0	0.983310546875	0.01173828125	9.765625e-5	0.0	0.0	0.0
250.0	0.983310546875	0.01173828125	9.765625e-5	0.0	0.0	0.0
251.0	0.983310546875	0.01173828125	9.765625e-5	0.0	0.0	0.0
252.0	0.983310546875	0.01173828125	9.765625e-5	0.0	0.0	0.0
253.0	0.983310546875	0.01173828125	9.765625e-5	0.0	0.0	0.0
254.0	0.983310546875	0.01173828125	9.765625e-5	0.0	0.0	0.0
255.0	0.983310546875	0.01173828125	9.765625e-5	0.0	0.0	0.0
256.0	0.983310546875	0.01173828125	9.765625e-5	0.0	0.0	0.0
257.0	0.983310546875	0.01173828125	9.765625e-5	0.0	0.0	0.0
258.0	0.983310546875	0.01173828125	9.765625e-5	0.0	0.0	0.0
259.0	0.983310546875	0.01173828125	9.765625e-5	0.0	0.0	0.0
260.0	0.983310546875	0.01173828125	9.765625e-5	0.0	0.0	0.0
261.0	0.983310546875	0.01173828125	9.765625e-5	0.0	0.0	0.0
262.0	0.983310546875	0.01173828125	9.765625e-5	0.0	0.0	0.0
263.0	0.983310546875	0.01173828125	9.765625e-5	0.0	0.0	0.0
264.0	0.983310546875	0.01173828125	9.765625e-5	0.0	0.0	0.0
265.0	0.983310546875	0.01173828125	9.765625e-5	0.0	0.0	0.0
266.0	0.983310546875	0.01173828125	9.765625e-5	0.0	0.0	0.0
267.0	0.983310546875	0.01173828125	9.765625e-5	0.0	0.0	0.0
268.0	0.983310546875	0.01173828125	9.765625e-5	0.0	0.0	0.0
269.0	0.983310546875	0.01173828125	9.765625e-5	0.0	0.0	0.0
270.0	0.983310546875	0.01173828125	9.765625e-5	0.0	0.0	0.0
271.0	0.983310546875	0.01173828125	9.765625e-5	0.0	0.0	0.0
272.0	0.983310546875	0.01173828125	9.765625e-5	0.0	0.0	0.0
273.0	0.983310546875	0.01173828125	9.765625e-5	0.0	0.0	0.0
274.0	0.983310546875	0.01173828125	9.765625e-5	0.0	0.0	0.0
275.0	0.983310546875	0.01173828125	9.765625e-5	0.0	0.0	0.0
276.0	0.983310546875	0.01173828125	9.765625e-5	0.0	0.0	0.0
277.0	0.983310546875	0.01173828125	9.765625e-5	0.0	0.0	0.0
278.0	0.983310546875	0.01173828125	9.765625e-5	0.0	0.0	0.0
279.0	0.983310546875	0.01173828125	9.765625e-5	0.0	0.0	0.0
280.0	0.983310546875	0.01173828125	9.765625e-5	0.0	0.0	0.0
281.0	0.983310546875	0.01173828125	9.765625e-5	0.0	0.0	0.0
282.0	0.983310546875	0.01173828125	9.765625e-5	0.0	0.0	0.0
283.0	0.983310546875	0.01173828125	9.765625e-5	0.0	0.0	0.0
284.0	0.983310546875	0.01173828125	9.765625e-5	0.0	0.0	0.0
285.0	0.983310546875	0.01173828125	9.765625e-5	0.0	0.0	0.0
286.0	0.983310546875	0.01173828125	9.765625e-5	0.0	0.0	0.0
287.0	0.983310546875	0.01173828125	9.765625e-5	0.0	0.0	0.0
288.0	0.983310546875	0.01173828125	9.765625e-5	0.0	0.0	0.0
289.0	0.983310546875	0.01173828125	9.765625e-5	0.0	0.0	0.0
290.0	0.983310546875	0.01173828125	9.765625e-5	0.0	0.0	0.0
291.0	0.983310546875	0.01173828125	9.765625e-5	0.0	0.0	0.0
292.0	0.983310546875	0.01173828125	9.765625e-5	0.0	0.0	0.0
293.0	0.983310546875	0.01173828125	9.765625e-5	0.0	0.0	0.0
294.0	0.983310546875	0.01173828125	9.765625e-5	0.0	0.0	0.0
295.0	0.983310546875	0.01173828125	9.765625e-5	0.0	0.0	0.0
296.0	0.983310546875	0.01173828125	9.765625e-5	0.0	0.0	0.0
297.0	0.983310546875	0.01173828125	9.765625e-5	0.0	0.0	0.0
298.0	0.983310546875	0.01173828125	9.765625e-5	0.0	0.0	0.0
299.0	0.983310546875	0.01173828125	9.765625e-5	0.0	0.0	0.0
300.0	0.983310546875	0.01173828125	9.765625e-5	0.0	0.0	0.0
301.0	0.983310546875	0.01173828125	9.765625e-5	0.0	0.0	0.0
302.0	0.983310546875	0.01173828125	9.765625e-5	0.0	0.0	0.0
303.0	0.983310546875	0.01173828125	9.765625e-5	0.0	0.0	0.0
304.0	0.983310546875	0.01173828125	9.765625e-5	0.0	0.0	0.0
305.0	0.983310546875	0.01173828125	9.765625e-5	0.0	0.0	0.0
306.0	0.983310546875	0.01173828125	9.765625e-5	0.0	0.0	0.0
307.0	0.983310546875	0.01173828125	9.765625e-5	0.0	0.0	0.0
308.0	0.983310546875	0.01173828125	9.765625e-5	0.0	0.0	0.0
309.0	0.983310546875	0.01173828125	9.765625e-5	0.0	0.0	0.0
310.0	0.983310546875	0.01173828125	9.765625e-5	0.0	0.0	0.0
311.0	0.983310546875	0.01173828125	9.765625e-5	0.0	0.0	0.0
312.0	0.983310546875	0.01173828125	9.765625e-5	0.0	0.0	0.0
313.0	0.983310546875	0.01173828125	9.765625e-5	0.0	0.0	0.0
314.0	0.983310546875	0.01173828125	9.765625e-5	0.0	0.0	0.0
315.0	0.983310546875	0.01173828125	9.765625e-5	0.0	0.0	0.0
316.0	0.983310546875	0.01173828125	9.765625e-5	0.0	0.0	0.0
317.0	0.983310546875	0.01173828125	9.765625e-5	0.0	0.0	0.0
318.0	0.983310546875	0.01173828125	9.765625e-5	0.0	0.0	0.0
319.0	0.983310546875	0.01173828125	9.765625e-5	0.0	0.0	0.0
320.0	0.983310546875	0.01173828125	9.765625e-5	0.0	0.0	0.0
321.0	0.983310546875	0.01173828125	9.765625e-5	0.0	0.0	0.0
322.0	0.983310546875	0.01173828125	9.765625e-5	0.0	0.0	0.0
323.0	0.983310546875	0.01173828125	9.765625e-5	0.0	0.0	0.0
324.0	0.983310546875	0.01173828125	9.765625e-5	0.0	0.0	0.0
325.0	0.983310546875	0.01173828125	9.765625e-5	0.0	0.0	0.0
326.0	0.983310546875	0.01173828125	9.765625e-5	0.0	0.0	0.0
327.0	0.983310546875	0.01173828125	9.765625e-5	0.0	0.0	0.0
328.0	0.983310546875	0.01173828125	9.765625e-5	0.0	0.0	0.0
329.0	0.983310546875	0.01173828125	9.765625e-5	0.0	0.0	0.0
330.0	0.983310546875	0.01173828125	9.765625e-5	0.0	0.0	0.0
331.0	0.983310546875	0.01173828125	9.765625e-5	0.0	0.0	0.0
332.0	0.983310546875	0.01173828125	9.765625e-5	0.0	0.0	0.0
333.0	0.983310546875	0.01173828125	9.765625e-5	0.0	0.0	0.0
334.0	0.983310546875	0.01173828125	9.765625e-5	0.0	0.0	0.0
335.0	0.983310546875	0.01173828125	9.765625e-5	0.0	0.0	0.0
336.0	0.983310546875	0.01173828125	9.765625e-5	0.0	0.0	0.0
337.0	0.983310546875	0.01173828125	9.765625e-5	0.0	0.0	0.0
338.0	0.983310546875	0.01173828125	9.765625e-5	0.0	0.0	0.0
339.0	0.983310546875	0.01173828125	9.765625e-5	0.0	0.0	0.0
340.0	0.983310546875	0.01173828125	9.765625e-5	0.0	0.0	0.0
341.0	0.983310546875	0.01173828125	9.765625e-5	0.0	0.0	0.0
342.0	0.983310546875	0.01173828125	9.765625e-5	0.0	0.0	0.0
343.0	0.983310546875	0.01173828125	9.765625e-5	0.0	0.0	0.0
344.0	0.983310546875	0.01173828125	9.765625e-5	0.0	0.0	0.0
345.0	0.983310546875	0.01173828125	9.765625e-5	0.0	0.0	0.0
346.0	0.983310546875	0.01173828125	9.765625e-5	0.0	0.0	0.0
347.0	0.983310546875	0.01173828125	9.765625e-5	0.0	0.0	0.0
348.0	0.983310546875	0.01173828125	9.765625e-5	0.0	0.0	0.0
349.0	0.983310546875	0.01173828125	9.765625e-5	0.0	0.0	0.0
350.0	0.983310546875	0.01173828125	9.765625e-5	0.0	0.0	0.0
351.0	0.983310546875	0.01173828125	9.765625e-5	0.0	0.0	0.0
352.0	0.983310546875	0.01173828125	9.765625e-5	0.0	0.0	0.0
353.0	0.983310546875	0.01173828125	9.765625e-5	0.0	0.0	0.0
354.0	0.983310546875	0.01173828125	9.765625e-5	0.0	0.0	0.0
355.0	0.983310546875	0.01173828125	9.765625e-5	0.0	0.0	0.0
356.0	0.983310546875	0.01173828125	9.765625e-5	0.0	0.0	0.0
357.0	0.983310546875	0.01173828125	9.765625e-5	0.0	0.0	0.0
358.0	0.983310546875	0.01173828125	9.765625e-5	0.0	0.0	0.0
359.0	0.983310546875	0.01173828125	9.765625e-5	0.0	0.0	0.0
360.0	0.983310546875	0.01173828125	9.765625e-5	0.0	0.0	0.0
361.0	0.983310546875	0.01173828125	9.765625e-5	0.0	0.0	0.0
362.0	0.983310546875	0.01173828125	9.765625e-5	0.0	0.0	0.0
363.0	0.983310546875	0.01173828125	9.765625e-5	0.0	0.0	0.0
364.0	0.983310546875	0.01173828125	9.765625e-5	0.0	0.0	0.0
365.0	0.983310546875	0.01173828125	9.765625e-5	0.0	0.0	0.0
366.0	0.983310546875	0.01173828125	9.765625e-5	0.0	0.0	0.0
367.0	0.983310546875	0.01173828125	9.765625e-5	0.0	0.0	0.0
368.0	0.983310546875	0.01173828125	9.765625e-5	0.0	0.0	0.0
369.0	0.983310546875	0.01173828125	9.765625e-5	0.0	0.0	0.0
370.0	0.983310546875	0.01173828125	9.765625e-5	0.0	0.0	0.0
371.0	0.983310546875	0.01173828125	9.765625e-5	0.0	0.0	0.0
372.0	0.983310546875	0.01173828125	9.765625e-5	0.0	0.0	0.0
373.0	0.983310546875	0.01173828125	9.765625e-5	0.0	0.0	0.0
374.0	0.983310546875	0.01173828125	9.765625e-5	0.0	0.0	0.0
375.0	0.983310546875	0.01173828125	9.765625e-5	0.0	0.0	0.0
376.0	0.983310546875	0.01173828125	9.765625e-5	0.0	0.0	0.0
377.0	0.983310546875	0.01173828125	9.765625e-5	0.0	0.0	0.0
378.0	0.983310546875	0.01173828125	9.765625e-5	0.0	0.0	0.0
379.0	0.983310546875	0.01173828125	9.765625e-5	0.0	0.0	0.0
380.0	0.983310546875	0.01173828125	9.765625e-5	0.0	0.0	0.0
381.0	0.983310546875	0.01173828125	9.765625e-5	0.0	0.0	0.0
382.0	0.983310546875	0.01173828125	9.765625e-5	0.0	0.0	0.0
383.0	0.983310546875	0.01173828125	9.765625e-5	0.0	0.0	0.0
384.0	0.983310546875	0.01173828125	9.765625e-5	0.0	0.0	0.0
385.0	0.983310546875	0.01173828125	9.765625e-5	0.0	0.0	0.0
386.0	0.983310546875	0.01173828125	9.765625e-5	0.0	0.0	0.0
387.0	0.983310546875	0.01173828125	9.765625e-5	0.0	0.0	0.0
388.0	0.983310546875	0.01173828125	9.765625e-5	0.0	0.0	0.0
389.0	0.983310546875	0.01173828125	9.765625e-5	0.0	0.0	0.0
390.0	0.983310546875	0.01173828125	9.765625e-5	0.0	0.0	0.0
391.0	0.983310546875	0.01173828125	9.765625e-5	0.0	0.0	0.0
392.0	0.983310546875	0.01173828125	9.765625e-5	0.0	0.0	0.0
393.0	0.983310546875	0.01173828125	9.765625e-5	0.0	0.0	0.0
394.0	0.983310546875	0.01173828125	9.765625e-5	0.0	0.0	0.0
395.0	0.983310546875	0.01173828125	9.765625e-5	0.0	0.0	0.0
396.0	0.983310546875	0.01173828125	9.765625e-5	0.0	0.0	0.0
397.0	0.983310546875	0.01173828125	9.765625e-5	0.0	0.0	0.0
398.0	0.983310546875	0.01173828125	9.765625e-5	0.0	0.0	0.0
399.0	0.983310546875	0.01173828125	9.765625e-5	0.0	0.0	0.0
400.0	0.983310546875	0.01173828125	9.765625e-5	0.0	0.0	0.0
401.0	0.983310546875	0.01173828125	9.765625e-5	0.0	0.0	0.0
402.0	0.983310546875	0.01173828125	9.765625e-5	0.0	0.0	0.0
403.0	0.983310546875	0.01173828125	9.765625e-5	0.0	0.0	0.0
404.0	0.983310546875	0.01173828125	9.765625e-5	0.0	0.0	0.0
405.0	0.983310546875	0.01173828125	9.765625e-5	0.0	0.0	0.0
406.0	0.983310546875	0.01173828125	9.765625e-5	0.0	0.0	0.0
407.0	0.983310546875	0.01173828125	9.765625e-5	0.0	0.0	0.0
408.0	0.983310546875	0.01173828125	9.765625e-5	0.0	0.0	0.0
409.0	0.983310546875	0.01173828125	9.765625e-5	0.0	0.0	0.0
410.0	0.983310546875	0.01173828125	9.765625e-5	0.0	0.0	0.0
411.0	0.983310546875	0.01173828125	9.765625e-5	0.0	0.0	0.0
412.0	0.983310546875	0.01173828125	9.765625e-5	0.0	0.0	0.0
413.0	0.983310546875	0.01173828125	9.765625e-5	0.0	0.0	0.0
414.0	0.983310546875	0.01173828125	9.765625e-5	0.0	0.0	0.0
415.0	0.983310546875	0.01173828125	9.765625e-5	0.0	0.0	0.0
416.0	0.983310546875	0.01173828125	9.765625e-5	0.0	0.0	0.0
417.0	0.983310546875	0.01173828125	9.765625e-5	0.0	0.0	0.0
418.0	0.983310546875	0.01173828125	9.765625e-5	0.0	0.0	0.0
419.0	0.983310546875	0.01173828125	9.765625e-5	0.0	0.0	0.0
420.0	0.983310546875	0.01173828125	9.765625e-5	0.0	0.0	0.0
421.0	0.983310546875	0.01173828125	9.765625e-5	0.0	0.0	0.0
422.0	0.983310546875	0.01173828125	9.765625e-5	0.0	0.0	0.0
423.0	0.983310546875	0.01173828125	9.765625e-5	0.0	0.0	0.0
424.0	0.983310546875	0.01173828125	9.765625e-5	0.0	0.0	0.0
425.0	0.983310546875	0.01173828125	9.765625e-5	0.0	0.0	0.0
426.0	0.983310546875	0.01173828125	9.765625e-5	0.0	0.0	0.0
427.0	0.983310546875	0.01173828125	9.765625e-5	0.0	0.0	0.0
428.0	0.983310546875	0.01173828125	9.765625e-5	0.0	0.0	0.0
429.0	0.983310546875	0.01173828125	9.765625e-5	0.0	0.0	0.0
430.0	0.983310546875	0.01173828125	9.765625e-5	0.0	0.0	0.0
431.0	0.983310546875	0.01173828125	9.765625e-5	0.0	0.0	0.0
432.0	0.983310546875	0.01173828125	9.765625e-5	0.0	0.0	0.0
433.0	0.983310546875	0.01173828125	9.765625e-5	0.0	0.0	0.0
434.0	0.983310546875	0.01173828125	9.765625e-5	0.0	0.0	0.0
435.0	0.983310546875	0.01173828125	9.765625e-5	0.0	0.0	0.0
436.0	0.983310546875	0.01173828125	9.765625e-5	0.0	0.0	0.0
437.0	0.983310546875	0.01173828125	9.765625e-5	0.0	0.0	0.0
438.0	0.983310546875	0.01173828125	9.765625e-5	0.0	0.0	0.0
439.0	0.983310546875	0.01173828125	9.765625e-5	0.0	0.0	0.0
440.0	0.983310546875	0.01173828125	9.765625e-5	0.0	0.0	0.0
441.0	0.983310546875	0.01173828125	9.765625e-5	0.0	0.0	0.0
442.0	0.983310546875	0.01173828125	9.765625e-5	0.0	0.0	0.0
443.0	0.983310546875	0.01173828125	9.765625e-5	0.0	0.0	0.0
444.0	0.983310546875	0.01173828125	9.765625e-5	0.0	0.0	0.0
445.0	0.983310546875	0.01173828125	9.765625e-5	0.0	0.0	0.0
446.0	0.983310546875	0.01173828125	9.765625e-5	0.0	0.0	0.0
447.0	0.983310546875	0.01173828125	9.765625e-5	0.0	0.0	0.0
448.0	0.983310546875	0.01173828125	9.765625e-5	0.0	0.0	0.0
449.0	0.983310546875	0.01173828125	9.765625e-5	0.0	0.0	0.0
450.0	0.983310546875	0.01173828125	9.765625e-5	0.0	0.0	0.0
451.0	0.983310546875	0.01173828125	9.765625e-5	0.0	0.0	0.0
452.0	0.983310546875	0.01173828125	9.765625e-5	0.0	0.0	0.0
453.0	0.983310546875	0.01173828125	9.765625e-5	0.0	0.0	0.0
454.0	0.983310546875	0.01173828125	9.765625e-5	0.0	0.0	0.0
455.0	0.983310546875	0.01173828125	9.765625e-5	0.0	0.0	0.0
456.0	0.983310546875	0.01173828125	9.765625e-5	0.0	0.0	0.0
457.0	0.983310546875	0.01173828125	9.765625e-5	0.0	0.0	0.0
458.0	0.983310546875	0.01173828125	9.765625e-5	0.0	0.0	0.0
459.0	0.983310546875	0.01173828125	9.765625e-5	0.0	0.0	0.0
460.0	0.983310546875	0.01173828125	9.765625e-5	0.0	0.0	0.0
461.0	0.983310546875	0.01173828125	9.765625e-5	0.0	0.0	0.0
462.0	0.983310546875	0.01173828125	9.765625e-5	0.0	0.0	0.0
463.0	0.983310546875	0.01173828125	9.765625e-5	0.0	0.0	0.0
464.0	0.983310546875	0.01173828125	9.765625e-5	0.0	0.0	0.0
465.0	0.983310546875	0.01173828125	9.765625e-5	0.0	0.0	0.0
466.0	0.983310546875	0.01173828125	9.765625e-5	0.0	0.0	0.0
467.0	0.983310546875	0.01173828125	9.765625e-5	0.0	0.0	0.0
468.0	0.983310546875	0.01173828125	9.765625e-5	0.0	0.0	0.0
469.0	0.983310546875	0.01173828125	9.765625e-5	0.0	0.0	0.0
470.0	0.983310546875	0.01173828125	9.765625e-5	0.0	0.0	0.0
471.0	0.983310546875	0.01173828125	9.765625e-5	0.0	0.0	0.0
472.0	0.983310546875	0.01173828125	9.765625e-5	0.0	0.0	0.0
473.0	0.983310546875	0.01173828125	9.765625e-5	0.0	0.0	0.0
474.0	0.983310546875	0.01173828125	9.765625e-5	0.0	0.0	0.0
475.0	0.983310546875	0.01173828125	9.765625e-5	0.0	0.0	0.0
476.0	0.983310546875	0.01173828125	9.765625e-5	0.0	0.0	0.0
477.0	0.983310546875	0.01173828125	9.765625e-5	0.0	0.0	0.0
478.0	0.983310546875	0.01173828125	9.765625e-5	0.0	0.0	0.0
479.0	0.983310546875	0.01173828125	9.765625e-5	0.0	0.0	0.0
480.0	0.983310546875	0.01173828125	9.765625e-5	0.0	0.0	0.0
481.0	0.983310546875	0.01173828125	9.765625e-5	0.0	0.0	0.0
482.0	0.983310546875	0.01173828125	9.765625e-5	0.0	0.0	0.0
483.0	0.983310546875	0.01173828125	9.765625e-5	0.0	0.0	0.0
484.0	0.983310546875	0.01173828125	9.765625e-5	0.0	0.0	0.0
485.0	0.983310546875	0.01173828125	9.765625e-5	0.0	0.0	0.0
486.0	0.983310546875	0.01173828125	9.765625e-5	0.0	0.0	0.0
487.0	0.983310546875	0.01173828125	9.765625e-5	0.0	0.0	0.0
488.0	0.983310546875	0.01173828125	9.765625e-5	0.0	0.0	0.0
489.0	0.983310546875	0.01173828125	9.765625e-5	0.0	0.0	0.0
490.0	0.983310546875	0.01173828125	9.765625e-5	0.0	0.0	0.0
491.0	0.983310546875	0.01173828125	9.765625e-5	0.0	0.0	0.0
492.0	0.983310546875	0.01173828125	9.765625e-5	0.0	0.0	0.0
493.0	0.983310546875	0.01173828125	9.765625e-5	0.0	0.0	0.0
494.0	0.983310546875	0.01173828125	9.765625e-5	0.0	0.0	0.0
495.0	0.983310546875	0.01173828125	9.765625e-5	0.0	0.0	0.0
496.0	0.983310546875	0.01173828125	9.765625e-5	0.0	0.0	0.0
497.0	0.983310546875	0.01173828125	9.765625e-5	0.0	0.0	0.0
498.0	0.983310546875	0.01173828125	9.765625e-5	0.0	0.0	0.0
499.0	0.983310546875	0.01173828125	9.765625e-5	0.0	0.0	0.0
500.0	0.983310546875	0.01173828125	9.765625e-5	0.0	0.0	0.0
