1.0	0.4969921875	0.5025	0.4996875	0.500341796875	0.499384765625	0.4991796875
2.0	0.628701171875	0.371123046875	0.324404296875	0.266201171875	0.069091796875	0.06943359375
3.0	0.73427734375	0.26478515625	0.184228515625	0.11513671875	0.0012109375	0.001376953125
4.0	0.802607421875	0.199013671875	0.10849609375	0.04796875	9.765625e-6	0.000107421875
5.0	0.851416015625	0.149951171875	0.06224609375	0.019755859375	0.0	0.000234375
6.0	0.88623046875	0.115791015625	0.037421875	0.00810546875	0.0	0.000615234375
7.0	0.911943359375	0.090361328125	0.02306640625	0.0031640625	0.0	0.00091796875
8.0	0.930341796875	0.072646484375	0.014306640625	0.00123046875	0.0	0.001279296875
9.0	0.94390625	0.059140625	0.00900390625	0.000478515625	0.0	0.0016015625
10.0	0.953974609375	0.04884765625	0.00583984375	0.00013671875	0.0	0.0019921875
11.0	0.96177734375	0.04052734375	0.00396484375	1.953125e-5	0.0	0.002294921875
12.0	0.967470703125	0.03419921875	0.0027734375	0.0	0.0	0.002666015625
13.0	0.97138671875	0.029208984375	0.001962890625	0.0	0.0	0.00302734375
14.0	0.974306640625	0.0254296875	0.001376953125	0.0	0.0	0.003525390625
15.0	0.976875	0.0221875	0.001083984375	0.0	0.0	0.004189453125
16.0	0.978662109375	0.019599609375	0.000830078125	0.0	0.0	0.004873046875
17.0	0.980068359375	0.017421875	0.000654296875	0.0	0.0	0.005546875
18.0	0.98115234375	0.01578125	0.000537109375	0.0	0.0	0.006259765625
19.0	0.98201171875	0.014375	0.000478515625	0.0	0.0	0.006904296875
20.0	0.98263671875	0.013388671875	0.0004296875	0.0	0.0	0.00775390625
21.0	0.983154296875	0.012578125	0.000380859375	0.0	0.0	0.00884765625
22.0	0.98361328125	0.011884765625	0.000341796875	0.0	0.0	0.0098046875
23.0	0.9839453125	0.0113671875	0.000302734375	0.0	0.0	0.01037109375
24.0	0.984208984375	0.0109765625	0.000263671875	0.0	0.0	0.011201171875
25.0	0.98435546875	0.0106640625	0.000244140625	0.0	0.0	0.012255859375
26.0	0.984443359375	0.010380859375	0.000224609375	0.0	0.0	0.012822265625
27.0	0.984521484375	0.010146484375	0.000185546875	0.0	0.0	0.013623046875
28.0	0.9845703125	0.009970703125	0.00015625	0.0	0.0	0.014853515625
29.0	0.984609375	0.009833984375	0.00013671875	0.0	0.0	0.016318359375
30.0	0.984599609375	0.0096875	0.0001171875	0.0	0.0	0.018359375
31.0	0.984609375	0.00958984375	9.765625e-5	0.0	0.0	0.020478515625
32.0	0.984599609375	0.009560546875	9.765625e-5	0.0	0.0	0.021904296875
33.0	0.984609375	0.00951171875	9.765625e-5	0.0	0.0	0.023369140625
34.0	0.984599609375	0.009482421875	0.000107421875	0.0	0.0	0.025283203125
35.0	0.984609375	0.009453125	9.765625e-5	0.0	0.0	0.027841796875
36.0	0.984599609375	0.009443359375	9.765625e-5	0.0	0.0	0.03
37.0	0.984609375	0.009423828125	9.765625e-5	0.0	0.0	0.032177734375
38.0	0.984599609375	0.009423828125	9.765625e-5	0.0	0.0	0.03458984375
39.0	0.984609375	0.00939453125	9.765625e-5	0.0	0.0	0.0369921875
40.0	0.984599609375	0.009404296875	9.765625e-5	0.0	0.0	0.03947265625
41.0	0.984609375	0.009384765625	9.765625e-5	0.0	0.0	0.04228515625
42.0	0.984599609375	0.0094140625	9.765625e-5	0.0	0.0	0.045166015625
43.0	0.984609375	0.009384765625	9.765625e-5	0.0	0.0	0.04814453125
44.0	0.984599609375	0.00939453125	9.765625e-5	0.0	0.0	0.050263671875
45.0	0.984609375	0.00939453125	9.765625e-5	0.0	0.0	0.05177734375
46.0	0.984599609375	0.009384765625	9.765625e-5	0.0	0.0	0.0530859375
47.0	0.984609375	0.009404296875	9.765625e-5	0.0	0.0	0.0539453125
48.0	0.984599609375	0.0094140625	9.765625e-5	0.0	0.0	0.054658203125
49.0	0.984609375	0.009404296875	9.765625e-5	0.0	0.0	0.055546875
50.0	0.984599609375	0.009404296875	9.765625e-5	0.0	0.0	0.0568359375
51.0	0.984609375	0.009384765625	9.765625e-5	0.0	0.0	0.05611328125
52.0	0.984599609375	0.0094140625	9.765625e-5	0.0	0.0	0.0554296875
53.0	0.984609375	0.009404296875	9.765625e-5	0.0	0.0	0.054599609375
54.0	0.984599609375	0.009443359375	9.765625e-5	0.0	0.0	0.05392578125
55.0	0.984609375	0.00943359375	9.765625e-5	0.0	0.0	0.05423828125
56.0	0.984599609375	0.00943359375	9.765625e-5	0.0	0.0	0.05349609375
57.0	0.984609375	0.009423828125	9.765625e-5	0.0	0.0	0.052626953125
58.0	0.984599609375	0.00943359375	9.765625e-5	0.0	0.0	0.051552734375
59.0	0.984609375	0.009443359375	9.765625e-5	0.0	0.0	0.050126953125
60.0	0.984599609375	0.009453125	9.765625e-5	0.0	0.0	0.048154296875
61.0	0.984609375	0.009443359375	9.765625e-5	0.0	0.0	0.045888671875
62.0	0.984599609375	0.009443359375	9.765625e-5	0.0	0.0	0.043642578125
63.0	0.984609375	0.009423828125	9.765625e-5	0.0	0.0	0.041181640625
64.0	0.984599609375	0.00943359375	9.765625e-5	0.0	0.0	0.038681640625
65.0	0.984599609375	0.00943359375	9.765625e-5	0.0	0.0	0.036220703125
66.0	0.984599609375	0.009462890625	9.765625e-5	0.0	0.0	0.033564453125
67.0	0.984599609375	0.009462890625	9.765625e-5	0.0	0.0	0.0321484375
68.0	0.984599609375	0.00947265625	9.765625e-5	0.0	0.0	0.030859375
69.0	0.984599609375	0.0094921875	9.765625e-5	0.0	0.0	0.028662109375
70.0	0.984599609375	0.009521484375	9.765625e-5	0.0	0.0	0.026337890625
71.0	0.984599609375	0.00951171875	9.765625e-5	0.0	0.0	0.024560546875
72.0	0.984599609375	0.00953125	9.765625e-5	0.0	0.0	0.02224609375
73.0	0.984599609375	0.00951171875	9.765625e-5	0.0	0.0	0.019970703125
74.0	0.984599609375	0.009541015625	9.765625e-5	0.0	0.0	0.01796875
75.0	0.984599609375	0.00951171875	9.765625e-5	0.0	0.0	0.016923828125
76.0	0.984599609375	0.009521484375	9.765625e-5	0.0	0.0	0.015361328125
77.0	0.984599609375	0.00947265625	9.765625e-5	0.0	0.0	0.01416015625
78.0	0.984599609375	0.009482421875	9.765625e-5	0.0	0.0	0.01263671875
79.0	0.984599609375	0.009453125	9.765625e-5	0.0	0.0	0.011416015625
80.0	0.984599609375	0.009462890625	9.765625e-5	0.0	0.0	0.009765625
81.0	0.984599609375	0.009443359375	9.765625e-5	0.0	0.0	0.008740234375
82.0	0.984599609375	0.009453125	9.765625e-5	0.0	0.0	0.00748046875
83.0	0.984599609375	0.00943359375	9.765625e-5	0.0	0.0	0.0067578125
84.0	0.984599609375	0.009443359375	9.765625e-5	0.0	0.0	0.006259765625
85.0	0.984599609375	0.00943359375	9.765625e-5	0.0	0.0	0.005703125
86.0	0.984599609375	0.00943359375	9.765625e-5	0.0	0.0	0.00537109375
87.0	0.984599609375	0.00943359375	9.765625e-5	0.0	0.0	0.004970703125
88.0	0.984599609375	0.00943359375	9.765625e-5	0.0	0.0	0.004658203125
89.0	0.984599609375	0.0094140625	9.765625e-5	0.0	0.0	0.00427734375
90.0	0.984599609375	0.0094140625	9.765625e-5	0.0	0.0	0.003955078125
91.0	0.984599609375	0.00939453125	9.765625e-5	0.0	0.0	0.0037109375
92.0	0.984599609375	0.00939453125	9.765625e-5	0.0	0.0	0.00328125
93.0	0.984599609375	0.009384765625	9.765625e-5	0.0	0.0	0.003056640625
94.0	0.984599609375	0.00939453125	9.765625e-5	0.0	0.0	0.002763671875
95.0	0.984599609375	0.009384765625	9.765625e-5	0.0	0.0	0.002548828125
96.0	0.984599609375	0.00939453125	9.765625e-5	0.0	0.0	0.002392578125
97.0	0.984599609375	0.009384765625	9.765625e-5	0.0	0.0	0.002177734375
98.0	0.984599609375	0.00939453125	9.765625e-5	0.0	0.0	0.00205078125
99.0	0.984599609375	0.009384765625	9.765625e-5	0.0	0.0	0.001728515625
100.0	0.984599609375	0.00939453125	9.765625e-5	0.0	0.0	0.001455078125
101.0	0.984599609375	0.009384765625	9.765625e-5	0.0	0.0	0.001318359375
102.0	0.984599609375	0.009384765625	9.765625e-5	0.0	0.0	0.001083984375
103.0	0.984599609375	0.009375	9.765625e-5	0.0	0.0	0.000810546875
104.0	0.984599609375	0.009384765625	9.765625e-5	0.0	0.0	0.000693359375
105.0	0.984599609375	0.009375	9.765625e-5	0.0	0.0	0.0005859375
106.0	0.984599609375	0.009384765625	9.765625e-5	0.0	0.0	0.00048828125
107.0	0.984599609375	0.009375	9.765625e-5	0.0	0.0	0.000498046875
108.0	0.984599609375	0.009384765625	9.765625e-5	0.0	0.0	0.000517578125
109.0	0.984599609375	0.009375	9.765625e-5	0.0	0.0	0.00048828125
110.0	0.984599609375	0.009384765625	9.765625e-5	0.0	0.0	0.00044921875
111.0	0.984599609375	0.009375	9.765625e-5	0.0	0.0	0.000458984375
112.0	0.984599609375	0.009384765625	9.765625e-5	0.0	0.0	0.00046875
113.0	0.984599609375	0.009375	9.765625e-5	0.0	0.0	0.000400390625
114.0	0.984599609375	0.009384765625	9.765625e-5	0.0	0.0	0.000322265625
115.0	0.984599609375	0.009375	9.765625e-5	0.0	0.0	0.000361328125
116.0	0.984599609375	0.009384765625	9.765625e-5	0.0	0.0	0.000361328125
117.0	0.984599609375	0.009375	9.765625e-5	0.0	0.0	0.00037109375
118.0	0.984599609375	0.009384765625	9.765625e-5	0.0	0.0	0.00033203125
119.0	0.984599609375	0.009375	9.765625e-5	0.0	0.0	0.0003515625
120.0	0.984599609375	0.009384765625	9.765625e-5	0.0	0.0	0.000341796875
121.0	0.984599609375	0.009375	9.765625e-5	0.0	0.0	0.000322265625
122.0	0.984599609375	0.009384765625	9.765625e-5	0.0	0.0	0.000283203125
123.0	0.984599609375	0.009375	9.765625e-5	0.0	0.0	0.000234375
124.0	0.984599609375	0.009384765625	9.765625e-5	0.0	0.0	0.000244140625
125.0	0.984599609375	0.009375	9.765625e-5	0.0	0.0	0.000224609375
126.0	0.984599609375	0.009384765625	9.765625e-5	0.0	0.0	0.00017578125
127.0	0.984599609375	0.009375	9.765625e-5	0.0	0.0	0.00015625
128.0	0.984599609375	0.009384765625	9.765625e-5	0.0	0.0	0.00017578125
129.0	0.984599609375	0.009375	9.765625e-5	0.0	0.0	0.00017578125
130.0	0.984599609375	0.009384765625	9.765625e-5	0.0	0.0	0.000185546875
131.0	0.984599609375	0.009384765625	9.765625e-5	0.0	0.0	0.000185546875
132.0	0.984599609375	0.009384765625	9.765625e-5	0.0	0.0	0.00017578125
133.0	0.984599609375	0.009384765625	9.765625e-5	0.0	0.0	0.000166015625
134.0	0.984599609375	0.009384765625	9.765625e-5	0.0	0.0	0.00013671875
135.0	0.984599609375	0.009384765625	9.765625e-5	0.0	0.0	0.000126953125
136.0	0.984599609375	0.009384765625	9.765625e-5	0.0	0.0	5.859375e-5
137.0	0.984599609375	0.009384765625	9.765625e-5	0.0	0.0	0.0
138.0	0.984599609375	0.009384765625	9.765625e-5	0.0	0.0	0.0
139.0	0.984599609375	0.009384765625	9.765625e-5	0.0	0.0	0.0
140.0	0.984599609375	0.009384765625	9.765625e-5	0.0	0.0	0.0
141.0	0.984599609375	0.009384765625	9.765625e-5	0.0	0.0	0.0
142.0	0.984599609375	0.009384765625	9.765625e-5	0.0	0.0	0.0
143.0	0.984599609375	0.00939453125	9.765625e-5	0.0	0.0	0.0
144.0	0.984599609375	0.009384765625	9.765625e-5	0.0	0.0	0.0
145.0	0.984599609375	0.00939453125	9.765625e-5	0.0	0.0	0.0
146.0	0.984599609375	0.009384765625	9.765625e-5	0.0	0.0	0.0
147.0	0.984599609375	0.00939453125	9.765625e-5	0.0	0.0	0.0
148.0	0.984599609375	0.009384765625	9.765625e-5	0.0	0.0	0.0
149.0	0.984599609375	0.00939453125	9.765625e-5	0.0	0.0	0.0
150.0	0.984599609375	0.009384765625	9.765625e-5	0.0	0.0	0.0
151.0	0.984599609375	0.00939453125	9.765625e-5	0.0	0.0	0.0
152.0	0.984599609375	0.009384765625	9.765625e-5	0.0	0.0	0.0
153.0	0.984599609375	0.00939453125	9.765625e-5	0.0	0.0	0.0
154.0	0.984599609375	0.009384765625	9.765625e-5	0.0	0.0	0.0
155.0	0.984599609375	0.00939453125	9.765625e-5	0.0	0.0	0.0
156.0	0.984599609375	0.009384765625	9.765625e-5	0.0	0.0	0.0
157.0	0.984599609375	0.00939453125	9.765625e-5	0.0	0.0	0.0
158.0	0.984599609375	0.009384765625	9.765625e-5	0.0	0.0	0.0
159.0	0.984599609375	0.00939453125	9.765625e-5	0.0	0.0	0.0
160.0	0.984599609375	0.009384765625	9.765625e-5	0.0	0.0	0.0
161.0	0.984599609375	0.00939453125	9.765625e-5	0.0	0.0	0.0
162.0	0.984599609375	0.009384765625	9.765625e-5	0.0	0.0	0.0
163.0	0.984599609375	0.009384765625	9.765625e-5	0.0	0.0	0.0
164.0	0.984599609375	0.009384765625	9.765625e-5	0.0	0.0	0.0
165.0	0.984599609375	0.009384765625	9.765625e-5	0.0	0.0	0.0
166.0	0.984599609375	0.009384765625	9.765625e-5	0.0	0.0	0.0
167.0	0.984599609375	0.009384765625	9.765625e-5	0.0	0.0	0.0
168.0	0.984599609375	0.009384765625	9.765625e-5	0.0	0.0	0.0
169.0	0.984599609375	0.009384765625	9.765625e-5	0.0	0.0	0.0
170.0	0.984599609375	0.009384765625	9.765625e-5	0.0	0.0	0.0
171.0	0.984599609375	0.009384765625	9.765625e-5	0.0	0.0	0.0
172.0	0.984599609375	0.009384765625	9.765625e-5	0.0	0.0	0.0
173.0	0.984599609375	0.009384765625	9.765625e-5	0.0	0.0	0.0
174.0	0.984599609375	0.009384765625	9.765625e-5	0.0	0.0	0.0
175.0	0.984599609375	0.009384765625	9.765625e-5	0.0	0.0	0.0
176.0	0.984599609375	0.009384765625	9.765625e-5	0.0	0.0	0.0
177.0	0.984599609375	0.009384765625	9.765625e-5	0.0	0.0	0.0
178.0	0.984599609375	0.009384765625	9.765625e-5	0.0	0.0	0.0
179.0	0.984599609375	0.009384765625	9.765625e-5	0.0	0.0	0.0
180.0	0.984599609375	0.009384765625	9.765625e-5	0.0	0.0	0.0
181.0	0.984599609375	0.009384765625	9.765625e-5	0.0	0.0	0.0
182.0	0.984599609375	0.009384765625	9.765625e-5	0.0	0.0	0.0
183.0	0.984599609375	0.009384765625	9.765625e-5	0.0	0.0	0.0
184.0	0.984599609375	0.009384765625	9.765625e-5	0.0	0.0	0.0
185.0	0.984599609375	0.009384765625	9.765625e-5	0.0	0.0	0.0
186.0	0.984599609375	0.009384765625	9.765625e-5	0.0	0.0	0.0
187.0	0.984599609375	0.009384765625	9.765625e-5	0.0	0.0	0.0
188.0	0.984599609375	0.009384765625	9.765625e-5	0.0	0.0	0.0
189.0	0.984599609375	0.009384765625	9.765625e-5	0.0	0.0	0.0
190.0	0.984599609375	0.009384765625	9.765625e-5	0.0	0.0	0.0
191.0	0.984599609375	0.009384765625	9.765625e-5	0.0	0.0	0.0
192.0	0.984599609375	0.009384765625	9.765625e-5	0.0	0.0	0.0
193.0	0.984599609375	0.009384765625	9.765625e-5	0.0	0.0	0.0
194.0	0.984599609375	0.009384765625	9.765625e-5	0.0	0.0	0.0
195.0	0.984599609375	0.009384765625	9.765625e-5	0.0	0.0	0.0
196.0	0.984599609375	0.009384765625	9.765625e-5	0.0	0.0	0.0
197.0	0.984599609375	0.009384765625	9.765625e-5	0.0	0.0	0.0
198.0	0.984599609375	0.009384765625	9.765625e-5	0.0	0.0	0.0
199.0	0.984599609375	0.009384765625	9.765625e-5	0.0	0.0	0.0
200.0	0.984599609375	0.009384765625	9.765625e-5	0.0	0.0	0.0
201.0	0.984599609375	0.009384765625	9.765625e-5	0.0	0.0	0.0
202.0	0.984599609375	0.009384765625	9.765625e-5	0.0	0.0	0.0
203.0	0.984599609375	0.009384765625	9.765625e-5	0.0	0.0	0.0
204.0	0.984599609375	0.009384765625	9.765625e-5	0.0	0.0	0.0
205.0	0.984599609375	0.009384765625	9.765625e-5	0.0	0.0	0.0
206.0	0.984599609375	0.009384765625	9.765625e-5	0.0	0.0	0.0
207.0	0.984599609375	0.009384765625	9.765625e-5	0.0	0.0	0.0
208.0	0.984599609375	0.009384765625	9.765625e-5	0.0	0.0	0.0
209.0	0.984599609375	0.009384765625	9.765625e-5	0.0	0.0	0.0
210.0	0.984599609375	0.009384765625	9.765625e-5	0.0	0.0	0.0
211.0	0.984599609375	0.009384765625	9.765625e-5	0.0	0.0	0.0
212.0	0.984599609375	0.009384765625	9.765625e-5	0.0	0.0	0.0
213.0	0.984599609375	0.009384765625	9.765625e-5	0.0	0.0	0.0
214.0	0.984599609375	0.009384765625	9.765625e-5	0.0	0.0	0.0
215.0	0.984599609375	0.009384765625	9.765625e-5	0.0	0.0	0.0
216.0	0.984599609375	0.009384765625	9.765625e-5	0.0	0.0	0.0
217.0	0.984599609375	0.009384765625	9.765625e-5	0.0	0.0	0.0
218.0	0.984599609375	0.009384765625	9.765625e-5	0.0	0.0	0.0
219.0	0.984599609375	0.009384765625	9.765625e-5	0.0	0.0	0.0
220.0	0.984599609375	0.009384765625	9.765625e-5	0.0	0.0	0.0
221.0	0.984599609375	0.009384765625	9.765625e-5	0.0	0.0	0.0
222.0	0.984599609375	0.009384765625	9.765625e-5	0.0	0.0	0.0
223.0	0.984599609375	0.009384765625	9.765625e-5	0.0	0.0	0.0
224.0	0.984599609375	0.009384765625	9.765625e-5	0.0	0.0	0.0
225.0	0.984599609375	0.009384765625	9.765625e-5	0.0	0.0	0.0
226.0	0.984599609375	0.009384765625	9.765625e-5	0.0	0.0	0.0
227.0	0.984599609375	0.009384765625	9.765625e-5	0.0	0.0	0.0
228.0	0.984599609375	0.009384765625	9.765625e-5	0.0	0.0	0.0
229.0	0.984599609375	0.009384765625	9.765625e-5	0.0	0.0	0.0
230.0	0.984599609375	0.009384765625	9.765625e-5	0.0	0.0	0.0
231.0	0.984599609375	0.009384765625	9.765625e-5	0.0	0.0	0.0
232.0	0.984599609375	0.009384765625	9.765625e-5	0.0	0.0	0.0
233.0	0.984599609375	0.009384765625	9.765625e-5	0.0	0.0	0.0
234.0	0.984599609375	0.009384765625	9.765625e-5	0.0	0.0	0.0
235.0	0.984599609375	0.009384765625	9.765625e-5	0.0	0.0	0.0
236.0	0.984599609375	0.009384765625	9.765625e-5	0.0	0.0	0.0
237.0	0.984599609375	0.009384765625	9.765625e-5	0.0	0.0	0.0
238.0	0.984599609375	0.009384765625	9.765625e-5	0.0	0.0	0.0
239.0	0.984599609375	0.009384765625	9.765625e-5	0.0	0.0	0.0
240.0	0.984599609375	0.009384765625	9.765625e-5	0.0	0.0	0.0
241.0	0.984599609375	0.009384765625	9.765625e-5	0.0	0.0	0.0
242.0	0.984599609375	0.009384765625	9.765625e-5	0.0	0.0	0.0
243.0	0.984599609375	0.009384765625	9.765625e-5	0.0	0.0	0.0
244.0	0.984599609375	0.009384765625	9.765625e-5	0.0	0.0	0.0
245.0	0.984599609375	0.009384765625	9.765625e-5	0.0	0.0	0.0
246.0	0.984599609375	0.009384765625	9.765625e-5	0.0	0.0	0.0
247.0	0.984599609375	0.009384765625	9.765625e-5	0.0	0.0	0.0
248.0	0.984599609375	0.009384765625	9.765625e-5	0.0	0.0	0.0
249.0	0.984599609375	0.009384765625	9.765625e-5	0.0	0.0	0.0
250.0	0.984599609375	0.009384765625	9.765625e-5	0.0	0.0	0.0
251.0	0.984599609375	0.009384765625	9.765625e-5	0.0	0.0	0.0
252.0	0.984599609375	0.009384765625	9.765625e-5	0.0	0.0	0.0
253.0	0.984599609375	0.009384765625	9.765625e-5	0.0	0.0	0.0
254.0	0.984599609375	0.009384765625	9.765625e-5	0.0	0.0	0.0
255.0	0.984599609375	0.009384765625	9.765625e-5	0.0	0.0	0.0
256.0	0.984599609375	0.009384765625	9.765625e-5	0.0	0.0	0.0
257.0	0.984599609375	0.009384765625	9.765625e-5	0.0	0.0	0.0
258.0	0.984599609375	0.009384765625	9.765625e-5	0.0	0.0	0.0
259.0	0.984599609375	0.009384765625	9.765625e-5	0.0	0.0	0.0
260.0	0.984599609375	0.009384765625	9.765625e-5	0.0	0.0	0.0
261.0	0.984599609375	0.009384765625	9.765625e-5	0.0	0.0	0.0
262.0	0.984599609375	0.009384765625	9.765625e-5	0.0	0.0	0.0
263.0	0.984599609375	0.009384765625	9.765625e-5	0.0	0.0	0.0
264.0	0.984599609375	0.009384765625	9.765625e-5	0.0	0.0	0.0
265.0	0.984599609375	0.009384765625	9.765625e-5	0.0	0.0	0.0
266.0	0.984599609375	0.009384765625	9.765625e-5	0.0	0.0	0.0
267.0	0.984599609375	0.009384765625	9.765625e-5	0.0	0.0	0.0
268.0	0.984599609375	0.009384765625	9.765625e-5	0.0	0.0	0.0
269.0	0.984599609375	0.009384765625	9.765625e-5	0.0	0.0	0.0
270.0	0.984599609375	0.009384765625	9.765625e-5	0.0	0.0	0.0
271.0	0.984599609375	0.009384765625	9.765625e-5	0.0	0.0	0.0
272.0	0.984599609375	0.009384765625	9.765625e-5	0.0	0.0	0.0
273.0	0.984599609375	0.009384765625	9.765625e-5	0.0	0.0	0.0
274.0	0.984599609375	0.009384765625	9.765625e-5	0.0	0.0	0.0
275.0	0.984599609375	0.009384765625	9.765625e-5	0.0	0.0	0.0
276.0	0.984599609375	0.009384765625	9.765625e-5	0.0	0.0	0.0
277.0	0.984599609375	0.009384765625	9.765625e-5	0.0	0.0	0.0
278.0	0.984599609375	0.009384765625	9.765625e-5	0.0	0.0	0.0
279.0	0.984599609375	0.009384765625	9.765625e-5	0.0	0.0	0.0
280.0	0.984599609375	0.009384765625	9.765625e-5	0.0	0.0	0.0
281.0	0.984599609375	0.009384765625	9.765625e-5	0.0	0.0	0.0
282.0	0.984599609375	0.009384765625	9.765625e-5	0.0	0.0	0.0
283.0	0.984599609375	0.009384765625	9.765625e-5	0.0	0.0	0.0
284.0	0.984599609375	0.009384765625	9.765625e-5	0.0	0.0	0.0
285.0	0.984599609375	0.009384765625	9.765625e-5	0.0	0.0	0.0
286.0	0.984599609375	0.009384765625	9.765625e-5	0.0	0.0	0.0
287.0	0.984599609375	0.009384765625	9.765625e-5	0.0	0.0	0.0
288.0	0.984599609375	0.009384765625	9.765625e-5	0.0	0.0	0.0
289.0	0.984599609375	0.009384765625	9.765625e-5	0.0	0.0	0.0
290.0	0.984599609375	0.009384765625	9.765625e-5	0.0	0.0	0.0
291.0	0.984599609375	0.009384765625	9.765625e-5	0.0	0.0	0.0
292.0	0.984599609375	0.009384765625	9.765625e-5	0.0	0.0	0.0
293.0	0.984599609375	0.009384765625	9.765625e-5	0.0	0.0	0.0
294.0	0.984599609375	0.009384765625	9.765625e-5	0.0	0.0	0.0
295.0	0.984599609375	0.009384765625	9.765625e-5	0.0	0.0	0.0
296.0	0.984599609375	0.009384765625	9.765625e-5	0.0	0.0	0.0
297.0	0.984599609375	0.009384765625	9.765625e-5	0.0	0.0	0.0
298.0	0.984599609375	0.009384765625	9.765625e-5	0.0	0.0	0.0
299.0	0.984599609375	0.009384765625	9.765625e-5	0.0	0.0	0.0
300.0	0.984599609375	0.009384765625	9.765625e-5	0.0	0.0	0.0
301.0	0.984599609375	0.009384765625	9.765625e-5	0.0	0.0	0.0
302.0	0.984599609375	0.009384765625	9.765625e-5	0.0	0.0	0.0
303.0	0.984599609375	0.009384765625	9.765625e-5	0.0	0.0	0.0
304.0	0.984599609375	0.009384765625	9.765625e-5	0.0	0.0	0.0
305.0	0.984599609375	0.009384765625	9.765625e-5	0.0	0.0	0.0
306.0	0.984599609375	0.009384765625	9.765625e-5	0.0	0.0	0.0
307.0	0.984599609375	0.009384765625	9.765625e-5	0.0	0.0	0.0
308.0	0.984599609375	0.009384765625	9.765625e-5	0.0	0.0	0.0
309.0	0.984599609375	0.009384765625	9.765625e-5	0.0	0.0	0.0
310.0	0.984599609375	0.009384765625	9.765625e-5	0.0	0.0	0.0
311.0	0.984599609375	0.009384765625	9.765625e-5	0.0	0.0	0.0
312.0	0.984599609375	0.009384765625	9.765625e-5	0.0	0.0	0.0
313.0	0.984599609375	0.009384765625	9.765625e-5	0.0	0.0	0.0
314.0	0.984599609375	0.009384765625	9.765625e-5	0.0	0.0	0.0
315.0	0.984599609375	0.009384765625	9.765625e-5	0.0	0.0	0.0
316.0	0.984599609375	0.009384765625	9.765625e-5	0.0	0.0	0.0
317.0	0.984599609375	0.009384765625	9.765625e-5	0.0	0.0	0.0
318.0	0.984599609375	0.009384765625	9.765625e-5	0.0	0.0	0.0
319.0	0.984599609375	0.009384765625	9.765625e-5	0.0	0.0	0.0
320.0	0.984599609375	0.009384765625	9.765625e-5	0.0	0.0	0.0
321.0	0.984599609375	0.009384765625	9.765625e-5	0.0	0.0	0.0
322.0	0.984599609375	0.009384765625	9.765625e-5	0.0	0.0	0.0
323.0	0.984599609375	0.009384765625	9.765625e-5	0.0	0.0	0.0
324.0	0.984599609375	0.009384765625	9.765625e-5	0.0	0.0	0.0
325.0	0.984599609375	0.009384765625	9.765625e-5	0.0	0.0	0.0
326.0	0.984599609375	0.009384765625	9.765625e-5	0.0	0.0	0.0
327.0	0.984599609375	0.009384765625	9.765625e-5	0.0	0.0	0.0
328.0	0.984599609375	0.009384765625	9.765625e-5	0.0	0.0	0.0
329.0	0.984599609375	0.009384765625	9.765625e-5	0.0	0.0	0.0
330.0	0.984599609375	0.009384765625	9.765625e-5	0.0	0.0	0.0
331.0	0.984599609375	0.009384765625	9.765625e-5	0.0	0.0	0.0
332.0	0.984599609375	0.009384765625	9.765625e-5	0.0	0.0	0.0
333.0	0.984599609375	0.009384765625	9.765625e-5	0.0	0.0	0.0
334.0	0.984599609375	0.009384765625	9.765625e-5	0.0	0.0	0.0
335.0	0.984599609375	0.009384765625	9.765625e-5	0.0	0.0	0.0
336.0	0.984599609375	0.009384765625	9.765625e-5	0.0	0.0	0.0
337.0	0.984599609375	0.009384765625	9.765625e-5	0.0	0.0	0.0
338.0	0.984599609375	0.009384765625	9.765625e-5	0.0	0.0	0.0
339.0	0.984599609375	0.009384765625	9.765625e-5	0.0	0.0	0.0
340.0	0.984599609375	0.009384765625	9.765625e-5	0.0	0.0	0.0
341.0	0.984599609375	0.009384765625	9.765625e-5	0.0	0.0	0.0
342.0	0.984599609375	0.009384765625	9.765625e-5	0.0	0.0	0.0
343.0	0.984599609375	0.009384765625	9.765625e-5	0.0	0.0	0.0
344.0	0.984599609375	0.009384765625	9.765625e-5	0.0	0.0	0.0
345.0	0.984599609375	0.009384765625	9.765625e-5	0.0	0.0	0.0
346.0	0.984599609375	0.009384765625	9.765625e-5	0.0	0.0	0.0
347.0	0.984599609375	0.009384765625	9.765625e-5	0.0	0.0	0.0
348.0	0.984599609375	0.009384765625	9.765625e-5	0.0	0.0	0.0
349.0	0.984599609375	0.009384765625	9.765625e-5	0.0	0.0	0.0
350.0	0.984599609375	0.009384765625	9.765625e-5	0.0	0.0	0.0
351.0	0.984599609375	0.009384765625	9.765625e-5	0.0	0.0	0.0
352.0	0.984599609375	0.009384765625	9.765625e-5	0.0	0.0	0.0
353.0	0.984599609375	0.009384765625	9.765625e-5	0.0	0.0	0.0
354.0	0.984599609375	0.009384765625	9.765625e-5	0.0	0.0	0.0
355.0	0.984599609375	0.009384765625	9.765625e-5	0.0	0.0	0.0
356.0	0.984599609375	0.009384765625	9.765625e-5	0.0	0.0	0.0
357.0	0.984599609375	0.009384765625	9.765625e-5	0.0	0.0	0.0
358.0	0.984599609375	0.009384765625	9.765625e-5	0.0	0.0	0.0
359.0	0.984599609375	0.009384765625	9.765625e-5	0.0	0.0	0.0
360.0	0.984599609375	0.009384765625	9.765625e-5	0.0	0.0	0.0
361.0	0.984599609375	0.009384765625	9.765625e-5	0.0	0.0	0.0
362.0	0.984599609375	0.009384765625	9.765625e-5	0.0	0.0	0.0
363.0	0.984599609375	0.009384765625	9.765625e-5	0.0	0.0	0.0
364.0	0.984599609375	0.009384765625	9.765625e-5	0.0	0.0	0.0
365.0	0.984599609375	0.009384765625	9.765625e-5	0.0	0.0	0.0
366.0	0.984599609375	0.009384765625	9.765625e-5	0.0	0.0	0.0
367.0	0.984599609375	0.009384765625	9.765625e-5	0.0	0.0	0.0
368.0	0.984599609375	0.009384765625	9.765625e-5	0.0	0.0	0.0
369.0	0.984599609375	0.009384765625	9.765625e-5	0.0	0.0	0.0
370.0	0.984599609375	0.009384765625	9.765625e-5	0.0	0.0	0.0
371.0	0.984599609375	0.009384765625	9.765625e-5	0.0	0.0	0.0
372.0	0.984599609375	0.009384765625	9.765625e-5	0.0	0.0	0.0
373.0	0.984599609375	0.009384765625	9.765625e-5	0.0	0.0	0.0
374.0	0.984599609375	0.009384765625	9.765625e-5	0.0	0.0	0.0
375.0	0.984599609375	0.009384765625	9.765625e-5	0.0	0.0	0.0
376.0	0.984599609375	0.009384765625	9.765625e-5	0.0	0.0	0.0
377.0	0.984599609375	0.009384765625	9.765625e-5	0.0	0.0	0.0
378.0	0.984599609375	0.009384765625	9.765625e-5	0.0	0.0	0.0
379.0	0.984599609375	0.009384765625	9.765625e-5	0.0	0.0	0.0
380.0	0.984599609375	0.009384765625	9.765625e-5	0.0	0.0	0.0
381.0	0.984599609375	0.009384765625	9.765625e-5	0.0	0.0	0.0
382.0	0.984599609375	0.009384765625	9.765625e-5	0.0	0.0	0.0
383.0	0.984599609375	0.009384765625	9.765625e-5	0.0	0.0	0.0
384.0	0.984599609375	0.009384765625	9.765625e-5	0.0	0.0	0.0
385.0	0.984599609375	0.009384765625	9.765625e-5	0.0	0.0	0.0
386.0	0.984599609375	0.009384765625	9.765625e-5	0.0	0.0	0.0
387.0	0.984599609375	0.009384765625	9.765625e-5	0.0	0.0	0.0
388.0	0.984599609375	0.009384765625	9.765625e-5	0.0	0.0	0.0
389.0	0.984599609375	0.009384765625	9.765625e-5	0.0	0.0	0.0
390.0	0.984599609375	0.009384765625	9.765625e-5	0.0	0.0	0.0
391.0	0.984599609375	0.009384765625	9.765625e-5	0.0	0.0	0.0
392.0	0.984599609375	0.009384765625	9.765625e-5	0.0	0.0	0.0
393.0	0.984599609375	0.009384765625	9.765625e-5	0.0	0.0	0.0
394.0	0.984599609375	0.009384765625	9.765625e-5	0.0	0.0	0.0
395.0	0.984599609375	0.009384765625	9.765625e-5	0.0	0.0	0.0
396.0	0.984599609375	0.009384765625	9.765625e-5	0.0	0.0	0.0
397.0	0.984599609375	0.009384765625	9.765625e-5	0.0	0.0	0.0
398.0	0.984599609375	0.009384765625	9.765625e-5	0.0	0.0	0.0
399.0	0.984599609375	0.009384765625	9.765625e-5	0.0	0.0	0.0
400.0	0.984599609375	0.009384765625	9.765625e-5	0.0	0.0	0.0
401.0	0.984599609375	0.009384765625	9.765625e-5	0.0	0.0	0.0
402.0	0.984599609375	0.009384765625	9.765625e-5	0.0	0.0	0.0
403.0	0.984599609375	0.009384765625	9.765625e-5	0.0	0.0	0.0
404.0	0.984599609375	0.009384765625	9.765625e-5	0.0	0.0	0.0
405.0	0.984599609375	0.009384765625	9.765625e-5	0.0	0.0	0.0
406.0	0.984599609375	0.009384765625	9.765625e-5	0.0	0.0	0.0
407.0	0.984599609375	0.009384765625	9.765625e-5	0.0	0.0	0.0
408.0	0.984599609375	0.009384765625	9.765625e-5	0.0	0.0	0.0
409.0	0.984599609375	0.009384765625	9.765625e-5	0.0	0.0	0.0
410.0	0.984599609375	0.009384765625	9.765625e-5	0.0	0.0	0.0
411.0	0.984599609375	0.009384765625	9.765625e-5	0.0	0.0	0.0
412.0	0.984599609375	0.009384765625	9.765625e-5	0.0	0.0	0.0
413.0	0.984599609375	0.009384765625	9.765625e-5	0.0	0.0	0.0
414.0	0.984599609375	0.009384765625	9.765625e-5	0.0	0.0	0.0
415.0	0.984599609375	0.009384765625	9.765625e-5	0.0	0.0	0.0
416.0	0.984599609375	0.009384765625	9.765625e-5	0.0	0.0	0.0
417.0	0.984599609375	0.009384765625	9.765625e-5	0.0	0.0	0.0
418.0	0.984599609375	0.009384765625	9.765625e-5	0.0	0.0	0.0
419.0	0.984599609375	0.009384765625	9.765625e-5	0.0	0.0	0.0
420.0	0.984599609375	0.009384765625	9.765625e-5	0.0	0.0	0.0
421.0	0.984599609375	0.009384765625	9.765625e-5	0.0	0.0	0.0
422.0	0.984599609375	0.009384765625	9.765625e-5	0.0	0.0	0.0
423.0	0.984599609375	0.009384765625	9.765625e-5	0.0	0.0	0.0
424.0	0.984599609375	0.009384765625	9.765625e-5	0.0	0.0	0.0
425.0	0.984599609375	0.009384765625	9.765625e-5	0.0	0.0	0.0
426.0	0.984599609375	0.009384765625	9.765625e-5	0.0	0.0	0.0
427.0	0.984599609375	0.009384765625	9.765625e-5	0.0	0.0	0.0
428.0	0.984599609375	0.009384765625	9.765625e-5	0.0	0.0	0.0
429.0	0.984599609375	0.009384765625	9.765625e-5	0.0	0.0	0.0
430.0	0.984599609375	0.009384765625	9.765625e-5	0.0	0.0	0.0
431.0	0.984599609375	0.009384765625	9.765625e-5	0.0	0.0	0.0
432.0	0.984599609375	0.009384765625	9.765625e-5	0.0	0.0	0.0
433.0	0.984599609375	0.009384765625	9.765625e-5	0.0	0.0	0.0
434.0	0.984599609375	0.009384765625	9.765625e-5	0.0	0.0	0.0
435.0	0.984599609375	0.009384765625	9.765625e-5	0.0	0.0	0.0
436.0	0.984599609375	0.009384765625	9.765625e-5	0.0	0.0	0.0
437.0	0.984599609375	0.009384765625	9.765625e-5	0.0	0.0	0.0
438.0	0.984599609375	0.009384765625	9.765625e-5	0.0	0.0	0.0
439.0	0.984599609375	0.009384765625	9.765625e-5	0.0	0.0	0.0
440.0	0.984599609375	0.009384765625	9.765625e-5	0.0	0.0	0.0
441.0	0.984599609375	0.009384765625	9.765625e-5	0.0	0.0	0.0
442.0	0.984599609375	0.009384765625	9.765625e-5	0.0	0.0	0.0
443.0	0.984599609375	0.009384765625	9.765625e-5	0.0	0.0	0.0
444.0	0.984599609375	0.009384765625	9.765625e-5	0.0	0.0	0.0
445.0	0.984599609375	0.009384765625	9.765625e-5	0.0	0.0	0.0
446.0	0.984599609375	0.009384765625	9.765625e-5	0.0	0.0	0.0
447.0	0.984599609375	0.009384765625	9.765625e-5	0.0	0.0	0.0
448.0	0.984599609375	0.009384765625	9.765625e-5	0.0	0.0	0.0
449.0	0.984599609375	0.009384765625	9.765625e-5	0.0	0.0	0.0
450.0	0.984599609375	0.009384765625	9.765625e-5	0.0	0.0	0.0
451.0	0.984599609375	0.009384765625	9.765625e-5	0.0	0.0	0.0
452.0	0.984599609375	0.009384765625	9.765625e-5	0.0	0.0	0.0
453.0	0.984599609375	0.009384765625	9.765625e-5	0.0	0.0	0.0
454.0	0.984599609375	0.009384765625	9.765625e-5	0.0	0.0	0.0
455.0	0.984599609375	0.009384765625	9.765625e-5	0.0	0.0	0.0
456.0	0.984599609375	0.009384765625	9.765625e-5	0.0	0.0	0.0
457.0	0.984599609375	0.009384765625	9.765625e-5	0.0	0.0	0.0
458.0	0.984599609375	0.009384765625	9.765625e-5	0.0	0.0	0.0
459.0	0.984599609375	0.009384765625	9.765625e-5	0.0	0.0	0.0
460.0	0.984599609375	0.009384765625	9.765625e-5	0.0	0.0	0.0
461.0	0.984599609375	0.009384765625	9.765625e-5	0.0	0.0	0.0
462.0	0.984599609375	0.009384765625	9.765625e-5	0.0	0.0	0.0
463.0	0.984599609375	0.009384765625	9.765625e-5	0.0	0.0	0.0
464.0	0.984599609375	0.009384765625	9.765625e-5	0.0	0.0	0.0
465.0	0.984599609375	0.009384765625	9.765625e-5	0.0	0.0	0.0
466.0	0.984599609375	0.009384765625	9.765625e-5	0.0	0.0	0.0
467.0	0.984599609375	0.009384765625	9.765625e-5	0.0	0.0	0.0
468.0	0.984599609375	0.009384765625	9.765625e-5	0.0	0.0	0.0
469.0	0.984599609375	0.009384765625	9.765625e-5	0.0	0.0	0.0
470.0	0.984599609375	0.009384765625	9.765625e-5	0.0	0.0	0.0
471.0	0.984599609375	0.009384765625	9.765625e-5	0.0	0.0	0.0
472.0	0.984599609375	0.009384765625	9.765625e-5	0.0	0.0	0.0
473.0	0.984599609375	0.009384765625	9.765625e-5	0.0	0.0	0.0
474.0	0.984599609375	0.009384765625	9.765625e-5	0.0	0.0	0.0
475.0	0.984599609375	0.009384765625	9.765625e-5	0.0	0.0	0.0
476.0	0.984599609375	0.009384765625	9.765625e-5	0.0	0.0	0.0
477.0	0.984599609375	0.009384765625	9.765625e-5	0.0	0.0	0.0
478.0	0.984599609375	0.009384765625	9.765625e-5	0.0	0.0	0.0
479.0	0.984599609375	0.009384765625	9.765625e-5	0.0	0.0	0.0
480.0	0.984599609375	0.009384765625	9.765625e-5	0.0	0.0	0.0
481.0	0.984599609375	0.009384765625	9.765625e-5	0.0	0.0	0.0
482.0	0.984599609375	0.009384765625	9.765625e-5	0.0	0.0	0.0
483.0	0.984599609375	0.009384765625	9.765625e-5	0.0	0.0	0.0
484.0	0.984599609375	0.009384765625	9.765625e-5	0.0	0.0	0.0
485.0	0.984599609375	0.009384765625	9.765625e-5	0.0	0.0	0.0
486.0	0.984599609375	0.009384765625	9.765625e-5	0.0	0.0	0.0
487.0	0.984599609375	0.009384765625	9.765625e-5	0.0	0.0	0.0
488.0	0.984599609375	0.009384765625	9.765625e-5	0.0	0.0	0.0
489.0	0.984599609375	0.009384765625	9.765625e-5	0.0	0.0	0.0
490.0	0.984599609375	0.009384765625	9.765625e-5	0.0	0.0	0.0
491.0	0.984599609375	0.009384765625	9.765625e-5	0.0	0.0	0.0
492.0	0.984599609375	0.009384765625	9.765625e-5	0.0	0.0	0.0
493.0	0.984599609375	0.009384765625	9.765625e-5	0.0	0.0	0.0
494.0	0.984599609375	0.009384765625	9.765625e-5	0.0	0.0	0.0
495.0	0.984599609375	0.009384765625	9.765625e-5	0.0	0.0	0.0
496.0	0.984599609375	0.009384765625	9.765625e-5	0.0	0.0	0.0
497.0	0.984599609375	0.009384765625	9.765625e-5	0.0	0.0	0.0
498.0	0.984599609375	0.009384765625	9.765625e-5	0.0	0.0	0.0
499.0	0.984599609375	0.009384765625	9.765625e-5	0.0	0.0	0.0
500.0	0.984599609375	0.009384765625	9.765625e-5	0.0	0.0	0.0
