1.0	0.0009765625	0.0009765625	0.0009765625	0.0009765625	0.0009765625	0.0009765625
2.0	0.001376953125	0.00138671875	0.001298828125	0.001435546875	0.001318359375	0.001630859375
3.0	0.001513671875	0.001806640625	0.001767578125	0.00197265625	0.001953125	0.002275390625
4.0	0.001552734375	0.00240234375	0.002353515625	0.002607421875	0.00267578125	0.00302734375
5.0	0.001533203125	0.0030859375	0.00291015625	0.003349609375	0.003408203125	0.003798828125
6.0	0.0014453125	0.003740234375	0.00361328125	0.004287109375	0.004091796875	0.004462890625
7.0	0.0012890625	0.004501953125	0.004248046875	0.00455078125	0.00470703125	0.00517578125
8.0	0.0011328125	0.005048828125	0.005009765625	0.0053125	0.005634765625	0.0059375
9.0	0.0009765625	0.005625	0.005908203125	0.006015625	0.006416015625	0.006669921875
10.0	0.00087890625	0.006162109375	0.006572265625	0.006875	0.007451171875	0.007763671875
11.0	0.00080078125	0.006748046875	0.0075390625	0.007802734375	0.008447265625	0.00826171875
12.0	0.00072265625	0.0075	0.00849609375	0.008603515625	0.009765625	0.00943359375
13.0	0.000654296875	0.00826171875	0.009765625	0.00974609375	0.010830078125	0.0109375
14.0	0.000556640625	0.00896484375	0.01068359375	0.010693359375	0.011982421875	0.0121875
15.0	0.000478515625	0.009990234375	0.01203125	0.01138671875	0.013271484375	0.013359375
16.0	0.000439453125	0.01068359375	0.013544921875	0.01265625	0.01453125	0.01455078125
17.0	0.00037109375	0.011689453125	0.014912109375	0.0140234375	0.015966796875	0.016025390625
18.0	0.000322265625	0.01326171875	0.016611328125	0.01525390625	0.01798828125	0.017978515625
19.0	0.000234375	0.0146875	0.018349609375	0.01646484375	0.019599609375	0.019970703125
20.0	0.0001953125	0.01626953125	0.01994140625	0.018359375	0.021689453125	0.021533203125
21.0	0.00015625	0.01814453125	0.021689453125	0.020234375	0.02380859375	0.023818359375
22.0	0.00013671875	0.019658203125	0.02357421875	0.0223828125	0.02603515625	0.026416015625
23.0	9.765625e-5	0.021826171875	0.025859375	0.0247265625	0.028310546875	0.028720703125
24.0	7.8125e-5	0.023720703125	0.028701171875	0.02734375	0.030732421875	0.031572265625
25.0	5.859375e-5	0.025703125	0.031796875	0.0297265625	0.033662109375	0.03482421875
26.0	4.8828125e-5	0.02814453125	0.034619140625	0.032470703125	0.036689453125	0.03794921875
27.0	4.8828125e-5	0.03107421875	0.03818359375	0.035458984375	0.040498046875	0.041708984375
28.0	3.90625e-5	0.03404296875	0.04203125	0.03884765625	0.04419921875	0.0458203125
29.0	3.90625e-5	0.036708984375	0.045947265625	0.042529296875	0.04767578125	0.04984375
30.0	2.9296875e-5	0.040078125	0.05015625	0.047158203125	0.05169921875	0.054208984375
31.0	2.9296875e-5	0.043203125	0.05501953125	0.05125	0.05583984375	0.05869140625
32.0	2.9296875e-5	0.046875	0.05943359375	0.0563671875	0.060263671875	0.06400390625
33.0	2.9296875e-5	0.0504296875	0.064892578125	0.061826171875	0.065078125	0.06970703125
34.0	2.9296875e-5	0.054873046875	0.06923828125	0.066298828125	0.0697265625	0.075166015625
35.0	2.9296875e-5	0.059892578125	0.074208984375	0.071474609375	0.074443359375	0.080078125
36.0	2.9296875e-5	0.065087890625	0.078857421875	0.076875	0.080009765625	0.084912109375
37.0	2.9296875e-5	0.070068359375	0.08458984375	0.08271484375	0.084853515625	0.09013671875
38.0	1.953125e-5	0.07462890625	0.090029296875	0.087548828125	0.090087890625	0.09556640625
39.0	1.953125e-5	0.080009765625	0.096484375	0.092294921875	0.095341796875	0.1005859375
40.0	9.765625e-6	0.085517578125	0.101484375	0.097685546875	0.101103515625	0.105830078125
41.0	9.765625e-6	0.0907421875	0.1063671875	0.102822265625	0.10583984375	0.11083984375
42.0	0.0	0.095634765625	0.10998046875	0.107646484375	0.110908203125	0.115126953125
43.0	0.0	0.100947265625	0.115048828125	0.111416015625	0.114580078125	0.119853515625
44.0	0.0	0.10654296875	0.11947265625	0.114580078125	0.11875	0.1226171875
45.0	0.0	0.1102734375	0.12294921875	0.11798828125	0.123466796875	0.12607421875
46.0	0.0	0.11474609375	0.126298828125	0.121826171875	0.12623046875	0.1281640625
47.0	0.0	0.1175	0.129423828125	0.1245703125	0.129072265625	0.129912109375
48.0	0.0	0.12115234375	0.132373046875	0.1267578125	0.1307421875	0.131005859375
49.0	0.0	0.123466796875	0.13513671875	0.127919921875	0.133740234375	0.132041015625
50.0	0.0	0.125419921875	0.1353515625	0.131044921875	0.136376953125	0.13208984375
51.0	0.0	0.1273828125	0.1361328125	0.13248046875	0.13845703125	0.133173828125
52.0	0.0	0.128994140625	0.136669921875	0.132841796875	0.138447265625	0.132265625
53.0	0.0	0.130263671875	0.136376953125	0.133046875	0.137841796875	0.131640625
54.0	0.0	0.1313671875	0.13501953125	0.1321875	0.136796875	0.130166015625
55.0	0.0	0.130849609375	0.13318359375	0.130517578125	0.136337890625	0.12830078125
56.0	0.0	0.130068359375	0.13078125	0.129365234375	0.135380859375	0.125693359375
57.0	0.0	0.12837890625	0.12865234375	0.12697265625	0.132958984375	0.12375
58.0	0.0	0.126455078125	0.1267578125	0.124208984375	0.12927734375	0.121123046875
59.0	0.0	0.12455078125	0.123701171875	0.120380859375	0.125302734375	0.118134765625
60.0	0.0	0.121689453125	0.12052734375	0.115986328125	0.121748046875	0.11498046875
61.0	0.0	0.119609375	0.116708984375	0.112763671875	0.118408203125	0.111083984375
62.0	0.0	0.116123046875	0.113369140625	0.109912109375	0.11396484375	0.10744140625
63.0	0.0	0.111884765625	0.11009765625	0.106552734375	0.109619140625	0.1028125
64.0	0.0	0.108671875	0.105732421875	0.102646484375	0.104287109375	0.09892578125
65.0	0.0	0.10462890625	0.1012890625	0.098251953125	0.099658203125	0.09353515625
66.0	0.0	0.100888671875	0.096982421875	0.093291015625	0.09451171875	0.088818359375
67.0	0.0	0.097001953125	0.091826171875	0.08857421875	0.09015625	0.084375
68.0	0.0	0.093525390625	0.08716796875	0.084228515625	0.085234375	0.079345703125
69.0	0.0	0.0894921875	0.08251953125	0.079833984375	0.080380859375	0.075693359375
70.0	0.0	0.085078125	0.077890625	0.075341796875	0.0762109375	0.072060546875
71.0	0.0	0.081279296875	0.07384765625	0.071494140625	0.071953125	0.068515625
72.0	0.0	0.077197265625	0.069716796875	0.067060546875	0.06740234375	0.063994140625
73.0	0.0	0.07326171875	0.065517578125	0.06369140625	0.0634765625	0.059482421875
74.0	0.0	0.0696484375	0.061884765625	0.060390625	0.059306640625	0.05568359375
75.0	0.0	0.066865234375	0.0580859375	0.056611328125	0.054658203125	0.052080078125
76.0	0.0	0.063466796875	0.05478515625	0.053466796875	0.051416015625	0.04869140625
77.0	0.0	0.060205078125	0.050654296875	0.05068359375	0.04763671875	0.045263671875
78.0	0.0	0.056435546875	0.046669921875	0.0473828125	0.044189453125	0.041689453125
79.0	0.0	0.05263671875	0.043134765625	0.04392578125	0.041181640625	0.03837890625
80.0	0.0	0.049111328125	0.0398046875	0.04146484375	0.038037109375	0.035625
81.0	0.0	0.045908203125	0.03701171875	0.039189453125	0.03525390625	0.03287109375
82.0	0.0	0.04287109375	0.03427734375	0.0363671875	0.032685546875	0.030302734375
83.0	0.0	0.040224609375	0.03130859375	0.03376953125	0.03025390625	0.0277734375
84.0	0.0	0.03759765625	0.028701171875	0.03216796875	0.027197265625	0.025576171875
85.0	0.0	0.03455078125	0.02662109375	0.030302734375	0.02458984375	0.023701171875
86.0	0.0	0.0321875	0.02447265625	0.0284765625	0.022490234375	0.02162109375
87.0	0.0	0.029794921875	0.022236328125	0.026455078125	0.02044921875	0.0198828125
88.0	0.0	0.0278125	0.020556640625	0.025078125	0.018623046875	0.017841796875
89.0	0.0	0.025732421875	0.018818359375	0.023359375	0.01720703125	0.016298828125
90.0	0.0	0.023779296875	0.017109375	0.021904296875	0.015751953125	0.015068359375
91.0	0.0	0.022080078125	0.015751953125	0.02083984375	0.014140625	0.0138671875
92.0	0.0	0.020341796875	0.014453125	0.019453125	0.01271484375	0.0123828125
93.0	0.0	0.01892578125	0.013193359375	0.01806640625	0.01138671875	0.01126953125
94.0	0.0	0.017626953125	0.011953125	0.01712890625	0.010517578125	0.010029296875
95.0	0.0	0.01666015625	0.011123046875	0.016396484375	0.00935546875	0.009345703125
96.0	0.0	0.015146484375	0.01009765625	0.01533203125	0.00837890625	0.008330078125
97.0	0.0	0.01423828125	0.009091796875	0.0143359375	0.007431640625	0.007412109375
98.0	0.0	0.01298828125	0.008251953125	0.01306640625	0.006953125	0.00666015625
99.0	0.0	0.012314453125	0.007431640625	0.01216796875	0.00638671875	0.006083984375
100.0	0.0	0.0114453125	0.006923828125	0.01107421875	0.00576171875	0.00541015625
101.0	0.0	0.01064453125	0.006318359375	0.010263671875	0.00515625	0.004814453125
102.0	0.0	0.0098828125	0.005859375	0.009287109375	0.00462890625	0.0044140625
103.0	0.0	0.00912109375	0.005234375	0.008525390625	0.004072265625	0.0040234375
104.0	0.0	0.00853515625	0.004794921875	0.0076953125	0.00373046875	0.003466796875
105.0	0.0	0.007802734375	0.00447265625	0.0071875	0.003359375	0.0030859375
106.0	0.0	0.00720703125	0.004150390625	0.0066015625	0.003056640625	0.0028125
107.0	0.0	0.00671875	0.003759765625	0.00599609375	0.002822265625	0.00259765625
108.0	0.0	0.006181640625	0.003310546875	0.005576171875	0.00240234375	0.002353515625
109.0	0.0	0.005673828125	0.00294921875	0.005126953125	0.00212890625	0.0021484375
110.0	0.0	0.0051171875	0.0026171875	0.004541015625	0.001923828125	0.001923828125
111.0	0.0	0.00453125	0.002470703125	0.004072265625	0.001728515625	0.0017578125
112.0	0.0	0.004189453125	0.002373046875	0.00373046875	0.001513671875	0.00150390625
113.0	0.0	0.003720703125	0.00220703125	0.003544921875	0.001435546875	0.00138671875
114.0	0.0	0.00345703125	0.002060546875	0.003359375	0.00126953125	0.0012109375
115.0	0.0	0.00302734375	0.001875	0.002861328125	0.001142578125	0.001015625
116.0	0.0	0.002685546875	0.001630859375	0.002548828125	0.000986328125	0.0009375
117.0	0.0	0.002353515625	0.001591796875	0.002373046875	0.00083984375	0.000859375
118.0	0.0	0.002138671875	0.00146484375	0.00208984375	0.00080078125	0.000791015625
119.0	0.0	0.001904296875	0.00130859375	0.00181640625	0.000712890625	0.00072265625
120.0	0.0	0.00173828125	0.001142578125	0.00162109375	0.000654296875	0.000673828125
121.0	0.0	0.001533203125	0.001064453125	0.00150390625	0.000556640625	0.00052734375
122.0	0.0	0.00146484375	0.00099609375	0.001376953125	0.000439453125	0.0005078125
123.0	0.0	0.001318359375	0.0009765625	0.00125	0.0003515625	0.00046875
124.0	0.0	0.00125	0.000908203125	0.0012109375	0.000302734375	0.000419921875
125.0	0.0	0.0012109375	0.000830078125	0.001123046875	0.0002734375	0.00041015625
126.0	0.0	0.001162109375	0.000712890625	0.00103515625	0.000234375	0.000361328125
127.0	0.0	0.001015625	0.000625	0.00095703125	0.000234375	0.0003515625
128.0	0.0	0.0009375	0.000556640625	0.000849609375	0.0001953125	0.000283203125
129.0	0.0	0.000791015625	0.000498046875	0.000810546875	0.00017578125	0.0002734375
130.0	0.0	0.000732421875	0.00041015625	0.000712890625	0.00015625	0.000224609375
131.0	0.0	0.00064453125	0.000361328125	0.000615234375	0.000146484375	0.000205078125
132.0	0.0	0.0005859375	0.000341796875	0.000556640625	0.000146484375	0.000205078125
133.0	0.0	0.0005078125	0.000283203125	0.0005078125	0.0001171875	0.000166015625
134.0	0.0	0.000390625	0.000234375	0.00046875	0.000107421875	0.00015625
135.0	0.0	0.0003125	0.00021484375	0.000419921875	9.765625e-5	0.000146484375
136.0	0.0	0.000234375	0.000205078125	0.000361328125	8.7890625e-5	0.000146484375
137.0	0.0	0.000234375	0.000185546875	0.000322265625	7.8125e-5	0.000146484375
138.0	0.0	0.000234375	0.00015625	0.000263671875	7.8125e-5	0.0001171875
139.0	0.0	0.00021484375	0.00013671875	0.00021484375	6.8359375e-5	0.0001171875
140.0	0.0	0.000185546875	0.000107421875	0.000185546875	5.859375e-5	9.765625e-5
141.0	0.0	0.000185546875	9.765625e-5	0.00017578125	5.859375e-5	7.8125e-5
142.0	0.0	0.000126953125	0.000107421875	0.000166015625	4.8828125e-5	7.8125e-5
143.0	0.0	0.000126953125	7.8125e-5	0.00015625	4.8828125e-5	6.8359375e-5
144.0	0.0	0.00013671875	7.8125e-5	0.0001171875	4.8828125e-5	4.8828125e-5
145.0	0.0	0.000126953125	7.8125e-5	0.0001171875	3.90625e-5	3.90625e-5
146.0	0.0	0.000107421875	5.859375e-5	0.0001171875	2.9296875e-5	3.90625e-5
147.0	0.0	0.000107421875	4.8828125e-5	8.7890625e-5	1.953125e-5	3.90625e-5
148.0	0.0	9.765625e-5	4.8828125e-5	8.7890625e-5	1.953125e-5	3.90625e-5
149.0	0.0	0.000107421875	2.9296875e-5	8.7890625e-5	1.953125e-5	3.90625e-5
150.0	0.0	0.000107421875	2.9296875e-5	8.7890625e-5	9.765625e-6	3.90625e-5
151.0	0.0	7.8125e-5	2.9296875e-5	7.8125e-5	0.0	3.90625e-5
152.0	0.0	6.8359375e-5	1.953125e-5	6.8359375e-5	0.0	2.9296875e-5
153.0	0.0	5.859375e-5	0.0	5.859375e-5	0.0	2.9296875e-5
154.0	0.0	5.859375e-5	0.0	4.8828125e-5	0.0	1.953125e-5
155.0	0.0	3.90625e-5	0.0	4.8828125e-5	0.0	9.765625e-6
156.0	0.0	2.9296875e-5	0.0	4.8828125e-5	0.0	9.765625e-6
157.0	0.0	2.9296875e-5	0.0	3.90625e-5	0.0	0.0
158.0	0.0	1.953125e-5	0.0	2.9296875e-5	0.0	0.0
159.0	0.0	1.953125e-5	0.0	1.953125e-5	0.0	0.0
160.0	0.0	1.953125e-5	0.0	1.953125e-5	0.0	0.0
161.0	0.0	9.765625e-6	0.0	1.953125e-5	0.0	0.0
162.0	0.0	9.765625e-6	0.0	1.953125e-5	0.0	0.0
163.0	0.0	9.765625e-6	0.0	9.765625e-6	0.0	0.0
164.0	0.0	9.765625e-6	0.0	0.0	0.0	0.0
165.0	0.0	9.765625e-6	0.0	0.0	0.0	0.0
166.0	0.0	9.765625e-6	0.0	0.0	0.0	0.0
167.0	0.0	9.765625e-6	0.0	0.0	0.0	0.0
168.0	0.0	9.765625e-6	0.0	0.0	0.0	0.0
169.0	0.0	0.0	0.0	0.0	0.0	0.0
170.0	0.0	0.0	0.0	0.0	0.0	0.0
171.0	0.0	0.0	0.0	0.0	0.0	0.0
172.0	0.0	0.0	0.0	0.0	0.0	0.0
173.0	0.0	0.0	0.0	0.0	0.0	0.0
174.0	0.0	0.0	0.0	0.0	0.0	0.0
175.0	0.0	0.0	0.0	0.0	0.0	0.0
176.0	0.0	0.0	0.0	0.0	0.0	0.0
177.0	0.0	0.0	0.0	0.0	0.0	0.0
178.0	0.0	0.0	0.0	0.0	0.0	0.0
179.0	0.0	0.0	0.0	0.0	0.0	0.0
180.0	0.0	0.0	0.0	0.0	0.0	0.0
181.0	0.0	0.0	0.0	0.0	0.0	0.0
182.0	0.0	0.0	0.0	0.0	0.0	0.0
183.0	0.0	0.0	0.0	0.0	0.0	0.0
184.0	0.0	0.0	0.0	0.0	0.0	0.0
185.0	0.0	0.0	0.0	0.0	0.0	0.0
186.0	0.0	0.0	0.0	0.0	0.0	0.0
187.0	0.0	0.0	0.0	0.0	0.0	0.0
188.0	0.0	0.0	0.0	0.0	0.0	0.0
189.0	0.0	0.0	0.0	0.0	0.0	0.0
190.0	0.0	0.0	0.0	0.0	0.0	0.0
191.0	0.0	0.0	0.0	0.0	0.0	0.0
192.0	0.0	0.0	0.0	0.0	0.0	0.0
193.0	0.0	0.0	0.0	0.0	0.0	0.0
194.0	0.0	0.0	0.0	0.0	0.0	0.0
195.0	0.0	0.0	0.0	0.0	0.0	0.0
196.0	0.0	0.0	0.0	0.0	0.0	0.0
197.0	0.0	0.0	0.0	0.0	0.0	0.0
198.0	0.0	0.0	0.0	0.0	0.0	0.0
199.0	0.0	0.0	0.0	0.0	0.0	0.0
200.0	0.0	0.0	0.0	0.0	0.0	0.0
201.0	0.0	0.0	0.0	0.0	0.0	0.0
202.0	0.0	0.0	0.0	0.0	0.0	0.0
203.0	0.0	0.0	0.0	0.0	0.0	0.0
204.0	0.0	0.0	0.0	0.0	0.0	0.0
205.0	0.0	0.0	0.0	0.0	0.0	0.0
206.0	0.0	0.0	0.0	0.0	0.0	0.0
207.0	0.0	0.0	0.0	0.0	0.0	0.0
208.0	0.0	0.0	0.0	0.0	0.0	0.0
209.0	0.0	0.0	0.0	0.0	0.0	0.0
210.0	0.0	0.0	0.0	0.0	0.0	0.0
211.0	0.0	0.0	0.0	0.0	0.0	0.0
212.0	0.0	0.0	0.0	0.0	0.0	0.0
213.0	0.0	0.0	0.0	0.0	0.0	0.0
214.0	0.0	0.0	0.0	0.0	0.0	0.0
215.0	0.0	0.0	0.0	0.0	0.0	0.0
216.0	0.0	0.0	0.0	0.0	0.0	0.0
217.0	0.0	0.0	0.0	0.0	0.0	0.0
218.0	0.0	0.0	0.0	0.0	0.0	0.0
219.0	0.0	0.0	0.0	0.0	0.0	0.0
220.0	0.0	0.0	0.0	0.0	0.0	0.0
221.0	0.0	0.0	0.0	0.0	0.0	0.0
222.0	0.0	0.0	0.0	0.0	0.0	0.0
223.0	0.0	0.0	0.0	0.0	0.0	0.0
224.0	0.0	0.0	0.0	0.0	0.0	0.0
225.0	0.0	0.0	0.0	0.0	0.0	0.0
226.0	0.0	0.0	0.0	0.0	0.0	0.0
227.0	0.0	0.0	0.0	0.0	0.0	0.0
228.0	0.0	0.0	0.0	0.0	0.0	0.0
229.0	0.0	0.0	0.0	0.0	0.0	0.0
230.0	0.0	0.0	0.0	0.0	0.0	0.0
231.0	0.0	0.0	0.0	0.0	0.0	0.0
232.0	0.0	0.0	0.0	0.0	0.0	0.0
233.0	0.0	0.0	0.0	0.0	0.0	0.0
234.0	0.0	0.0	0.0	0.0	0.0	0.0
235.0	0.0	0.0	0.0	0.0	0.0	0.0
236.0	0.0	0.0	0.0	0.0	0.0	0.0
237.0	0.0	0.0	0.0	0.0	0.0	0.0
238.0	0.0	0.0	0.0	0.0	0.0	0.0
239.0	0.0	0.0	0.0	0.0	0.0	0.0
240.0	0.0	0.0	0.0	0.0	0.0	0.0
241.0	0.0	0.0	0.0	0.0	0.0	0.0
242.0	0.0	0.0	0.0	0.0	0.0	0.0
243.0	0.0	0.0	0.0	0.0	0.0	0.0
244.0	0.0	0.0	0.0	0.0	0.0	0.0
245.0	0.0	0.0	0.0	0.0	0.0	0.0
246.0	0.0	0.0	0.0	0.0	0.0	0.0
247.0	0.0	0.0	0.0	0.0	0.0	0.0
248.0	0.0	0.0	0.0	0.0	0.0	0.0
249.0	0.0	0.0	0.0	0.0	0.0	0.0
250.0	0.0	0.0	0.0	0.0	0.0	0.0
251.0	0.0	0.0	0.0	0.0	0.0	0.0
252.0	0.0	0.0	0.0	0.0	0.0	0.0
253.0	0.0	0.0	0.0	0.0	0.0	0.0
254.0	0.0	0.0	0.0	0.0	0.0	0.0
255.0	0.0	0.0	0.0	0.0	0.0	0.0
256.0	0.0	0.0	0.0	0.0	0.0	0.0
257.0	0.0	0.0	0.0	0.0	0.0	0.0
258.0	0.0	0.0	0.0	0.0	0.0	0.0
259.0	0.0	0.0	0.0	0.0	0.0	0.0
260.0	0.0	0.0	0.0	0.0	0.0	0.0
261.0	0.0	0.0	0.0	0.0	0.0	0.0
262.0	0.0	0.0	0.0	0.0	0.0	0.0
263.0	0.0	0.0	0.0	0.0	0.0	0.0
264.0	0.0	0.0	0.0	0.0	0.0	0.0
265.0	0.0	0.0	0.0	0.0	0.0	0.0
266.0	0.0	0.0	0.0	0.0	0.0	0.0
267.0	0.0	0.0	0.0	0.0	0.0	0.0
268.0	0.0	0.0	0.0	0.0	0.0	0.0
269.0	0.0	0.0	0.0	0.0	0.0	0.0
270.0	0.0	0.0	0.0	0.0	0.0	0.0
271.0	0.0	0.0	0.0	0.0	0.0	0.0
272.0	0.0	0.0	0.0	0.0	0.0	0.0
273.0	0.0	0.0	0.0	0.0	0.0	0.0
274.0	0.0	0.0	0.0	0.0	0.0	0.0
275.0	0.0	0.0	0.0	0.0	0.0	0.0
276.0	0.0	0.0	0.0	0.0	0.0	0.0
277.0	0.0	0.0	0.0	0.0	0.0	0.0
278.0	0.0	0.0	0.0	0.0	0.0	0.0
279.0	0.0	0.0	0.0	0.0	0.0	0.0
280.0	0.0	0.0	0.0	0.0	0.0	0.0
281.0	0.0	0.0	0.0	0.0	0.0	0.0
282.0	0.0	0.0	0.0	0.0	0.0	0.0
283.0	0.0	0.0	0.0	0.0	0.0	0.0
284.0	0.0	0.0	0.0	0.0	0.0	0.0
285.0	0.0	0.0	0.0	0.0	0.0	0.0
286.0	0.0	0.0	0.0	0.0	0.0	0.0
287.0	0.0	0.0	0.0	0.0	0.0	0.0
288.0	0.0	0.0	0.0	0.0	0.0	0.0
289.0	0.0	0.0	0.0	0.0	0.0	0.0
290.0	0.0	0.0	0.0	0.0	0.0	0.0
291.0	0.0	0.0	0.0	0.0	0.0	0.0
292.0	0.0	0.0	0.0	0.0	0.0	0.0
293.0	0.0	0.0	0.0	0.0	0.0	0.0
294.0	0.0	0.0	0.0	0.0	0.0	0.0
295.0	0.0	0.0	0.0	0.0	0.0	0.0
296.0	0.0	0.0	0.0	0.0	0.0	0.0
297.0	0.0	0.0	0.0	0.0	0.0	0.0
298.0	0.0	0.0	0.0	0.0	0.0	0.0
299.0	0.0	0.0	0.0	0.0	0.0	0.0
300.0	0.0	0.0	0.0	0.0	0.0	0.0
301.0	0.0	0.0	0.0	0.0	0.0	0.0
302.0	0.0	0.0	0.0	0.0	0.0	0.0
303.0	0.0	0.0	0.0	0.0	0.0	0.0
304.0	0.0	0.0	0.0	0.0	0.0	0.0
305.0	0.0	0.0	0.0	0.0	0.0	0.0
306.0	0.0	0.0	0.0	0.0	0.0	0.0
307.0	0.0	0.0	0.0	0.0	0.0	0.0
308.0	0.0	0.0	0.0	0.0	0.0	0.0
309.0	0.0	0.0	0.0	0.0	0.0	0.0
310.0	0.0	0.0	0.0	0.0	0.0	0.0
311.0	0.0	0.0	0.0	0.0	0.0	0.0
312.0	0.0	0.0	0.0	0.0	0.0	0.0
313.0	0.0	0.0	0.0	0.0	0.0	0.0
314.0	0.0	0.0	0.0	0.0	0.0	0.0
315.0	0.0	0.0	0.0	0.0	0.0	0.0
316.0	0.0	0.0	0.0	0.0	0.0	0.0
317.0	0.0	0.0	0.0	0.0	0.0	0.0
318.0	0.0	0.0	0.0	0.0	0.0	0.0
319.0	0.0	0.0	0.0	0.0	0.0	0.0
320.0	0.0	0.0	0.0	0.0	0.0	0.0
321.0	0.0	0.0	0.0	0.0	0.0	0.0
322.0	0.0	0.0	0.0	0.0	0.0	0.0
323.0	0.0	0.0	0.0	0.0	0.0	0.0
324.0	0.0	0.0	0.0	0.0	0.0	0.0
325.0	0.0	0.0	0.0	0.0	0.0	0.0
326.0	0.0	0.0	0.0	0.0	0.0	0.0
327.0	0.0	0.0	0.0	0.0	0.0	0.0
328.0	0.0	0.0	0.0	0.0	0.0	0.0
329.0	0.0	0.0	0.0	0.0	0.0	0.0
330.0	0.0	0.0	0.0	0.0	0.0	0.0
331.0	0.0	0.0	0.0	0.0	0.0	0.0
332.0	0.0	0.0	0.0	0.0	0.0	0.0
333.0	0.0	0.0	0.0	0.0	0.0	0.0
334.0	0.0	0.0	0.0	0.0	0.0	0.0
335.0	0.0	0.0	0.0	0.0	0.0	0.0
336.0	0.0	0.0	0.0	0.0	0.0	0.0
337.0	0.0	0.0	0.0	0.0	0.0	0.0
338.0	0.0	0.0	0.0	0.0	0.0	0.0
339.0	0.0	0.0	0.0	0.0	0.0	0.0
340.0	0.0	0.0	0.0	0.0	0.0	0.0
341.0	0.0	0.0	0.0	0.0	0.0	0.0
342.0	0.0	0.0	0.0	0.0	0.0	0.0
343.0	0.0	0.0	0.0	0.0	0.0	0.0
344.0	0.0	0.0	0.0	0.0	0.0	0.0
345.0	0.0	0.0	0.0	0.0	0.0	0.0
346.0	0.0	0.0	0.0	0.0	0.0	0.0
347.0	0.0	0.0	0.0	0.0	0.0	0.0
348.0	0.0	0.0	0.0	0.0	0.0	0.0
349.0	0.0	0.0	0.0	0.0	0.0	0.0
350.0	0.0	0.0	0.0	0.0	0.0	0.0
351.0	0.0	0.0	0.0	0.0	0.0	0.0
352.0	0.0	0.0	0.0	0.0	0.0	0.0
353.0	0.0	0.0	0.0	0.0	0.0	0.0
354.0	0.0	0.0	0.0	0.0	0.0	0.0
355.0	0.0	0.0	0.0	0.0	0.0	0.0
356.0	0.0	0.0	0.0	0.0	0.0	0.0
357.0	0.0	0.0	0.0	0.0	0.0	0.0
358.0	0.0	0.0	0.0	0.0	0.0	0.0
359.0	0.0	0.0	0.0	0.0	0.0	0.0
360.0	0.0	0.0	0.0	0.0	0.0	0.0
361.0	0.0	0.0	0.0	0.0	0.0	0.0
362.0	0.0	0.0	0.0	0.0	0.0	0.0
363.0	0.0	0.0	0.0	0.0	0.0	0.0
364.0	0.0	0.0	0.0	0.0	0.0	0.0
365.0	0.0	0.0	0.0	0.0	0.0	0.0
366.0	0.0	0.0	0.0	0.0	0.0	0.0
367.0	0.0	0.0	0.0	0.0	0.0	0.0
368.0	0.0	0.0	0.0	0.0	0.0	0.0
369.0	0.0	0.0	0.0	0.0	0.0	0.0
370.0	0.0	0.0	0.0	0.0	0.0	0.0
371.0	0.0	0.0	0.0	0.0	0.0	0.0
372.0	0.0	0.0	0.0	0.0	0.0	0.0
373.0	0.0	0.0	0.0	0.0	0.0	0.0
374.0	0.0	0.0	0.0	0.0	0.0	0.0
375.0	0.0	0.0	0.0	0.0	0.0	0.0
376.0	0.0	0.0	0.0	0.0	0.0	0.0
377.0	0.0	0.0	0.0	0.0	0.0	0.0
378.0	0.0	0.0	0.0	0.0	0.0	0.0
379.0	0.0	0.0	0.0	0.0	0.0	0.0
380.0	0.0	0.0	0.0	0.0	0.0	0.0
381.0	0.0	0.0	0.0	0.0	0.0	0.0
382.0	0.0	0.0	0.0	0.0	0.0	0.0
383.0	0.0	0.0	0.0	0.0	0.0	0.0
384.0	0.0	0.0	0.0	0.0	0.0	0.0
385.0	0.0	0.0	0.0	0.0	0.0	0.0
386.0	0.0	0.0	0.0	0.0	0.0	0.0
387.0	0.0	0.0	0.0	0.0	0.0	0.0
388.0	0.0	0.0	0.0	0.0	0.0	0.0
389.0	0.0	0.0	0.0	0.0	0.0	0.0
390.0	0.0	0.0	0.0	0.0	0.0	0.0
391.0	0.0	0.0	0.0	0.0	0.0	0.0
392.0	0.0	0.0	0.0	0.0	0.0	0.0
393.0	0.0	0.0	0.0	0.0	0.0	0.0
394.0	0.0	0.0	0.0	0.0	0.0	0.0
395.0	0.0	0.0	0.0	0.0	0.0	0.0
396.0	0.0	0.0	0.0	0.0	0.0	0.0
397.0	0.0	0.0	0.0	0.0	0.0	0.0
398.0	0.0	0.0	0.0	0.0	0.0	0.0
399.0	0.0	0.0	0.0	0.0	0.0	0.0
400.0	0.0	0.0	0.0	0.0	0.0	0.0
401.0	0.0	0.0	0.0	0.0	0.0	0.0
402.0	0.0	0.0	0.0	0.0	0.0	0.0
403.0	0.0	0.0	0.0	0.0	0.0	0.0
404.0	0.0	0.0	0.0	0.0	0.0	0.0
405.0	0.0	0.0	0.0	0.0	0.0	0.0
406.0	0.0	0.0	0.0	0.0	0.0	0.0
407.0	0.0	0.0	0.0	0.0	0.0	0.0
408.0	0.0	0.0	0.0	0.0	0.0	0.0
409.0	0.0	0.0	0.0	0.0	0.0	0.0
410.0	0.0	0.0	0.0	0.0	0.0	0.0
411.0	0.0	0.0	0.0	0.0	0.0	0.0
412.0	0.0	0.0	0.0	0.0	0.0	0.0
413.0	0.0	0.0	0.0	0.0	0.0	0.0
414.0	0.0	0.0	0.0	0.0	0.0	0.0
415.0	0.0	0.0	0.0	0.0	0.0	0.0
416.0	0.0	0.0	0.0	0.0	0.0	0.0
417.0	0.0	0.0	0.0	0.0	0.0	0.0
418.0	0.0	0.0	0.0	0.0	0.0	0.0
419.0	0.0	0.0	0.0	0.0	0.0	0.0
420.0	0.0	0.0	0.0	0.0	0.0	0.0
421.0	0.0	0.0	0.0	0.0	0.0	0.0
422.0	0.0	0.0	0.0	0.0	0.0	0.0
423.0	0.0	0.0	0.0	0.0	0.0	0.0
424.0	0.0	0.0	0.0	0.0	0.0	0.0
425.0	0.0	0.0	0.0	0.0	0.0	0.0
426.0	0.0	0.0	0.0	0.0	0.0	0.0
427.0	0.0	0.0	0.0	0.0	0.0	0.0
428.0	0.0	0.0	0.0	0.0	0.0	0.0
429.0	0.0	0.0	0.0	0.0	0.0	0.0
430.0	0.0	0.0	0.0	0.0	0.0	0.0
431.0	0.0	0.0	0.0	0.0	0.0	0.0
432.0	0.0	0.0	0.0	0.0	0.0	0.0
433.0	0.0	0.0	0.0	0.0	0.0	0.0
434.0	0.0	0.0	0.0	0.0	0.0	0.0
435.0	0.0	0.0	0.0	0.0	0.0	0.0
436.0	0.0	0.0	0.0	0.0	0.0	0.0
437.0	0.0	0.0	0.0	0.0	0.0	0.0
438.0	0.0	0.0	0.0	0.0	0.0	0.0
439.0	0.0	0.0	0.0	0.0	0.0	0.0
440.0	0.0	0.0	0.0	0.0	0.0	0.0
441.0	0.0	0.0	0.0	0.0	0.0	0.0
442.0	0.0	0.0	0.0	0.0	0.0	0.0
443.0	0.0	0.0	0.0	0.0	0.0	0.0
444.0	0.0	0.0	0.0	0.0	0.0	0.0
445.0	0.0	0.0	0.0	0.0	0.0	0.0
446.0	0.0	0.0	0.0	0.0	0.0	0.0
447.0	0.0	0.0	0.0	0.0	0.0	0.0
448.0	0.0	0.0	0.0	0.0	0.0	0.0
449.0	0.0	0.0	0.0	0.0	0.0	0.0
450.0	0.0	0.0	0.0	0.0	0.0	0.0
451.0	0.0	0.0	0.0	0.0	0.0	0.0
452.0	0.0	0.0	0.0	0.0	0.0	0.0
453.0	0.0	0.0	0.0	0.0	0.0	0.0
454.0	0.0	0.0	0.0	0.0	0.0	0.0
455.0	0.0	0.0	0.0	0.0	0.0	0.0
456.0	0.0	0.0	0.0	0.0	0.0	0.0
457.0	0.0	0.0	0.0	0.0	0.0	0.0
458.0	0.0	0.0	0.0	0.0	0.0	0.0
459.0	0.0	0.0	0.0	0.0	0.0	0.0
460.0	0.0	0.0	0.0	0.0	0.0	0.0
461.0	0.0	0.0	0.0	0.0	0.0	0.0
462.0	0.0	0.0	0.0	0.0	0.0	0.0
463.0	0.0	0.0	0.0	0.0	0.0	0.0
464.0	0.0	0.0	0.0	0.0	0.0	0.0
465.0	0.0	0.0	0.0	0.0	0.0	0.0
466.0	0.0	0.0	0.0	0.0	0.0	0.0
467.0	0.0	0.0	0.0	0.0	0.0	0.0
468.0	0.0	0.0	0.0	0.0	0.0	0.0
469.0	0.0	0.0	0.0	0.0	0.0	0.0
470.0	0.0	0.0	0.0	0.0	0.0	0.0
471.0	0.0	0.0	0.0	0.0	0.0	0.0
472.0	0.0	0.0	0.0	0.0	0.0	0.0
473.0	0.0	0.0	0.0	0.0	0.0	0.0
474.0	0.0	0.0	0.0	0.0	0.0	0.0
475.0	0.0	0.0	0.0	0.0	0.0	0.0
476.0	0.0	0.0	0.0	0.0	0.0	0.0
477.0	0.0	0.0	0.0	0.0	0.0	0.0
478.0	0.0	0.0	0.0	0.0	0.0	0.0
479.0	0.0	0.0	0.0	0.0	0.0	0.0
480.0	0.0	0.0	0.0	0.0	0.0	0.0
481.0	0.0	0.0	0.0	0.0	0.0	0.0
482.0	0.0	0.0	0.0	0.0	0.0	0.0
483.0	0.0	0.0	0.0	0.0	0.0	0.0
484.0	0.0	0.0	0.0	0.0	0.0	0.0
485.0	0.0	0.0	0.0	0.0	0.0	0.0
486.0	0.0	0.0	0.0	0.0	0.0	0.0
487.0	0.0	0.0	0.0	0.0	0.0	0.0
488.0	0.0	0.0	0.0	0.0	0.0	0.0
489.0	0.0	0.0	0.0	0.0	0.0	0.0
490.0	0.0	0.0	0.0	0.0	0.0	0.0
491.0	0.0	0.0	0.0	0.0	0.0	0.0
492.0	0.0	0.0	0.0	0.0	0.0	0.0
493.0	0.0	0.0	0.0	0.0	0.0	0.0
494.0	0.0	0.0	0.0	0.0	0.0	0.0
495.0	0.0	0.0	0.0	0.0	0.0	0.0
496.0	0.0	0.0	0.0	0.0	0.0	0.0
497.0	0.0	0.0	0.0	0.0	0.0	0.0
498.0	0.0	0.0	0.0	0.0	0.0	0.0
499.0	0.0	0.0	0.0	0.0	0.0	0.0
500.0	0.0	0.0	0.0	0.0	0.0	0.0
