0.0	0.0	0.0	0.0	0.0	0.0	0.0	0.0	0.0	0.0	0.0	0.0	0.0	0.0	0.0	0.0	0.0	0.0	0.0	0.0	0.2	0.44166801273822787	0.4282838672399521	0.4379332661628723	0.4370567306876182	0.4435932919383049	0.4399439230561256	0.4475704520940781	0.43566648215055465	0.43569240868091585	0.43717715740203855	0.44119851291179657	0.4352183058857918	0.43836158961057664	0.43805520534515385	0.43809484541416166	0.45288144052028656	0.4421024695038796	0.429163433611393	0.4370795786380768	0.44479149132967
0.0	0.0	0.0	0.0	0.0	0.0	0.0	0.0	0.2	0.2	0.0	0.0	0.0	0.0	0.0	0.0	0.0	0.2	0.0	0.2	0.8098273590632847	0.43403384983539584	0.42237837314605714	0.44419087618589403	0.4352198362350464	0.4415125250816345	0.4341161668300628	0.44113140404224394	0.4444622114300728	0.43599574416875847	0.44194847643375396	0.42864056825637814	0.44337989538908007	0.43915582597255703	0.43114210218191146	0.4324866130948066	0.4405795991420746	0.440905824303627	0.43597746342420585	0.432571978867054	0.4367107063531876
0.0	0.0	0.0	0.0	0.0	0.0	0.0	0.0	0.0	0.0	0.0	0.2	0.0	0.0	0.0	0.0	0.0	0.0	0.0	0.0	0.8037056750059128	0.4325277477502823	0.4316390350461006	0.42310092747211453	0.44462991207838054	0.43681280463933947	0.43004300594329836	0.43748813271522524	0.4380094617605209	0.44085094034671785	0.4398112893104553	0.44035092294216155	0.4343585506081581	0.43390122801065445	0.43873814940452577	0.4427945420145989	0.4474378302693367	0.4344164952635765	0.43182502835989	0.4429622069001198	0.4300033718347549
0.0	0.0	0.0	0.2	0.0	0.0	0.0	0.0	0.0	0.0	0.0	0.0	0.0	0.2	0.0	0.0	0.0	0.0	0.0	0.8295654064416885	0.8314322165080479	0.45519395023584375	0.4557442545890808	0.43965581357479094	0.4427777618169785	0.4289058178663254	0.43289208859205247	0.4435323402285576	0.4447716623544693	0.4327686131000519	0.4437671020627022	0.4476192325353623	0.4413814157247543	0.43987531363964083	0.4370902672410011	0.44707196503877633	0.43715275526046754	0.4458768621087075	0.4257686197757721	0.4413402691483498	0.4335643500089645
0.0	0.0	0.0	0.1999756097793579	0.0	0.0	0.0	0.0	0.0	0.0	0.0	0.0	0.0	0.0	0.0	0.0	0.0	0.0	0.0	0.82257846478905	0.8380336910486221	0.4366527616977691	0.44203387200832367	0.4387305215001106	0.44665886163711543	0.4410978853702545	0.4331664964556694	0.42961008548736573	0.4472686231136322	0.4407335504889488	0.4455689296126366	0.4303387433290482	0.43763904124498365	0.4437396571040154	0.4295018419623375	0.44198355525732036	0.4436695411801338	0.45190733820199963	0.43398964852094646	0.44374269992113113	0.42779909968376156
0.0	0.0	0.0	0.0	0.0	0.0	0.0	0.0	0.0	0.0	0.0	0.2	0.0	0.0	0.0	0.0	0.0	0.0	0.8506467742579323	0.8191459041833877	0.8327312570810318	0.4257106810808182	0.4359820246696472	0.434876860678196	0.43905368000268935	0.44544695466756823	0.4364149570465088	0.4436862915754318	0.440076544880867	0.44057808071374893	0.42777930051088336	0.4392152771353721	0.44380215108394616	0.44026099592447276	0.4350369215011597	0.4378783643245697	0.4433555170893669	0.4420399636030198	0.4298997133970261	0.4275582581758499	0.43815885782241826
0.0	0.0	0.0	0.0	0.0	0.0	0.0	0.0	0.0	0.0	0.0	0.0	0.0	0.0	0.0	0.0	0.1999756097793579	0.2	0.8197684645652772	0.8249107360839844	0.822616022825241	0.4442945346236229	0.4361314386129379	0.43817105889320374	0.4413158789277076	0.44477927833795544	0.45247288048267365	0.4372244134545326	0.4328295886516571	0.4391253024339676	0.4474195376038551	0.44349574893712995	0.4438722670078277	0.43166954070329666	0.4310948282480239	0.4363783776760101	0.43663445115089417	0.4457914844155312	0.4453768566250801	0.4304652616381645	0.44588143527507784
0.0	0.0	0.0	0.0	0.0	0.0	0.2	0.0	0.0	0.0	0.0	0.0	0.0	0.0	0.2	0.0	0.0	0.8410467834132058	0.8269101244211197	0.8360197556870324	0.8426105159521102	0.4320506379008293	0.4370628222823143	0.4493692427873612	0.44136313498020174	0.43769393116235733	0.4345795929431915	0.43207806497812273	0.4485353842377663	0.44759179353713985	0.4435399681329727	0.4363052010536194	0.4413311168551445	0.4464408859610558	0.44043324589729316	0.4338219657540321	0.4395993992686271	0.42779453247785565	0.44104301929473877	0.42947135418653487	0.4337792888283729
0.0	0.0	0.0	0.0	0.0	0.0	0.0	0.0	0.0	0.0	0.0	0.0	0.0	0.0	0.0	0.0	0.0	0.8294526887791497	0.8268043173210962	0.8342018131698881	0.8464875157390322	0.4459027528762818	0.44199729263782495	0.42969089001417154	0.43506280034780503	0.446344843506813	0.4389012351632118	0.4461131304502487	0.433430215716362	0.4362716645002366	0.4474545866250992	0.445668014883995	0.4488173902034759	0.4238448470830918	0.4451710641384125	0.4271085634827614	0.4432670786976814	0.43573659807443615	0.4327792838215828	0.4342594534158707	0.437631419301033
0.0	0.0	0.0	0.0	0.0	0.0	0.0	0.0	0.2	0.0	0.0	0.0	0.0	0.0	0.0	0.0	0.8127244817359107	0.8214418369531631	0.8613959655165673	0.819277611374855	0.8362156033515931	0.4445003271102905	0.4352686107158661	0.43915885090827944	0.4398875445127487	0.44264971315860746	0.44585398435592644	0.4353509396314621	0.4423554882407188	0.4424149751663207	0.4381344556808472	0.43112379163503645	0.42927775084972386	0.4400475814938545	0.4442350894212723	0.43630824983119965	0.43202777206897736	0.43439208120107653	0.4471969649195671	0.4339606910943985	0.438770155608654
0.0	0.0	0.0	0.0	0.0	0.0	0.0	0.0	0.0	0.0	0.0	0.0	0.0	0.0	0.0	0.2	0.830485121011734	0.8255393940210343	0.8250704920291901	0.835180441737175	0.8227719460214887	0.4316100895404816	0.44755519628524787	0.43784482777118683	0.44679452627897265	0.4350369215011597	0.44545308798551564	0.43787076026201244	0.44230978041887287	0.43853997290134433	0.4488875359296799	0.42794086784124374	0.42867105603218075	0.43721068203449254	0.4417396649718285	0.443257962167263	0.4405552089214325	0.4303204506635666	0.43773049861192703	0.43193632066249843	0.4298661768436432
0.0	0.0	0.0	0.0	0.0	0.0	0.0	0.0	0.0	0.0	0.0	0.0	0.0	0.2	0.0	0.8284030382122313	0.6116230019501278	0.8268150606325694	0.78934166431427	0.8079688242503575	0.8298324793577194	0.4351543053984642	0.43044544458389283	0.4401436120271683	0.44700338542461393	0.43803691267967226	0.4371862918138504	0.44916342645883567	0.4421756282448769	0.4441207602620124	0.43831586986780163	0.44438142478466036	0.44239665865898137	0.43697287142276764	0.4319500342011452	0.4378829374909401	0.42971221357584	0.43347593545913693	0.4356863051652909	0.4393235146999359	0.4356131166219711
0.0	0.0	0.0	0.0	0.0	0.0	0.0	0.0	0.0	0.0	0.0	0.0	0.0	0.0	0.0	0.8317765831947326	0.8420499764169965	0.6226212057471275	0.6413815391915185	0.8216678529977798	0.8409478868756977	0.4259439364075661	0.45261314809322356	0.43817562609910965	0.4458082526922226	0.43910854607820515	0.43433415442705153	0.4446100831031799	0.4359713599085808	0.4317122176289559	0.45102319270372393	0.43245765566825867	0.43865427821874614	0.42584483325481415	0.4434073284268379	0.4393676862120628	0.43487379401922227	0.4268661856651306	0.43165429681539536	0.4391481980681419	0.43491800129413605
0.0	0.0	0.0	0.0	0.0	0.0	0.0	0.0	0.0	0.0	0.0	0.0	0.0	0.0	0.8368035092949867	0.8345865398645401	0.8355625551939012	0.8362601155042648	0.8535051919732775	0.8088400487388884	0.8104233515262603	0.43147744983434677	0.43934332579374313	0.4394530579447746	0.4417548909783364	0.43046981692314146	0.44212686568498616	0.4421512201428413	0.4427884384989738	0.42391647547483446	0.4380917966365814	0.4525735080242157	0.4527457699179649	0.43413598388433455	0.43957503885030746	0.4434286877512932	0.4399805083870888	0.4353707507252693	0.4373936384916305	0.440613129734993	0.44430824816226955
0.0	0.0	0.0	0.0	0.0	0.0	0.0	0.0	0.0	0.2	0.2	0.2	0.0	0.0	0.648738762140274	0.8094900190830231	0.8451324647665025	0.818855573449816	0.8200748667120933	0.8022784405946732	0.8479568523168564	0.4375003039836884	0.4410963669419289	0.4365262374281883	0.44446221143007275	0.43611923158168786	0.4294774577021599	0.4348433002829552	0.4466527581214905	0.44333264529705046	0.4405628368258476	0.42942257970571523	0.43816191852092745	0.43719696849584583	0.43229758888483044	0.4367503225803375	0.442864640057087	0.4256436139345169	0.4382884249091149	0.4469347938895225	0.44447290003299716
0.0	0.0	0.0	0.0	0.0	0.0	0.0	0.0	0.0	0.0	0.0	0.2	0.0	0.8270089048147201	0.864424113035202	0.8433718392678671	0.6308746096066066	0.8210689859730856	0.823340470450265	0.6496227043867111	0.8169060979570661	0.43791648000478745	0.4423555001616478	0.44263599365949635	0.4393463686108589	0.42467257827520366	0.44535244852304456	0.43804454058408737	0.4463829413056374	0.4345308065414428	0.4370124995708466	0.4397015511989594	0.4317640468478203	0.4413798972964287	0.4388936012983322	0.4373600959777832	0.43379302620887755	0.43311617374420164	0.42922592759132383	0.44470308274030684	0.4338494345545769
0.0	0.0	0.0	0.0	0.0	0.0	0.0	0.0	0.0	0.0	0.0	0.0	0.0	0.8518790611198971	0.8518903851509094	0.8392300313711167	0.8289219111204147	0.8454574644565582	0.8410329622881753	0.8281209827320917	0.8262564016239984	0.44012381285429003	0.443706114590168	0.4352228730916977	0.4426695182919502	0.4313128098845482	0.4377396509051323	0.44560398459434514	0.44822288453578946	0.43587990254163744	0.44356282204389574	0.4422792747616767	0.44325489550828934	0.42909331172704696	0.43688598126173017	0.42550947368144987	0.4331100821495055	0.4373265355825424	0.43702015727758403	0.43549270182847977	0.42868783622980117
0.0	0.0	0.0	0.0	0.0	0.0	0.0	0.0	0.0	0.0	0.0	0.0	0.8592679913554873	0.6533080667257309	0.8359873805727277	0.8233643960952759	0.8288513827323912	0.829763228552682	0.8510651826858521	0.8113573227609907	0.8581958669424057	0.4400430381298065	0.44295001178979876	0.44522289335727694	0.43653537780046464	0.4372975960373879	0.44502929598093033	0.448268610239029	0.4451573327183724	0.4273311242461205	0.434175629913807	0.43776860833168035	0.4287899702787399	0.43679451793432233	0.4463661789894104	0.4493585601449012	0.4393387466669083	0.435706128180027	0.4421192437410354	0.45570764541625974	0.4249957486987114
0.0	0.0	0.0	0.0	0.0	0.0	0.0	0.0	0.0	0.0	0.0	0.0	0.8460885614156723	0.8247613459825516	0.8523155879974366	0.8404367085014071	0.8197385575090136	0.8445052295923232	0.8490217758076531	0.8423755858625683	0.8357938557863236	0.4465948373079299	0.4431558042764664	0.4348372086882591	0.43688752353191374	0.43422898948192595	0.44532043635845175	0.43897288739681245	0.4394896313548088	0.4313387304544449	0.43462531864643095	0.43094696253538134	0.4427518650889397	0.44207199364900585	0.4300338417291641	0.4350460559129715	0.43605975657701496	0.4351969704031944	0.4375308156013489	0.43630061596632	0.42907653152942654
0.0	0.0	0.0	0.0	0.0	0.0	0.0	0.0	0.0	0.0	0.0	0.8440509617328644	0.8766606867313385	0.853325285060065	0.8420537220580238	0.656153011747769	0.8516189568383354	0.8479372820683888	0.8642893570661545	0.6575865179300309	0.8546216543231692	0.44605825245380404	0.44239665865898126	0.435751847922802	0.4320521444082259	0.43780519366264337	0.4421146526932716	0.44285397529602044	0.43735552281141277	0.43750338852405546	0.44432044923305514	0.4427990972995758	0.4277030631899834	0.4339210569858551	0.435436287522316	0.4391131371259689	0.435233561694622	0.4385918021202087	0.4302015542984009	0.4292854025959969	0.45328236073255546
0.0	0.0	0.0	0.0	0.0	0.0	0.0	0.0	0.0	0.0	0.0	0.8320728953395571	0.8524004020861218	0.8304997261081424	0.8658754763432912	0.8739398705107826	0.8464381545782089	0.8307190638780594	0.8531300181150436	0.8466952681541443	0.845059990968023	0.45524424910545347	0.44199270755052567	0.44205368906259535	0.4351466596126557	0.4416359946131706	0.44920307248830793	0.4457640454173088	0.43815122991800315	0.4363433048129081	0.4314744129776955	0.4417396649718285	0.43650947511196136	0.44040274024009707	0.43258416205644606	0.43945002108812337	0.4420399457216263	0.43158416897058494	0.4445033878087998	0.44586009383201597	0.42941038459539416
0.0	0.0	0.0	0.0	0.0	0.0	0.0	0.0	0.0	0.0	0.0	0.8537653833627701	0.847815592288971	0.8648527711629868	0.8622563450677054	0.8617478089673178	0.6460519760847091	0.8428651324340275	0.8445759612321854	0.6554721906781197	0.8319574773311614	0.43360549658536907	0.4327533692121506	0.44397744387388227	0.4471634343266488	0.4363890483975411	0.433114655315876	0.436919541656971	0.4363997250795364	0.44926556646823884	0.44090733677148813	0.4463478803634643	0.44435552209615703	0.4313341751694679	0.43816496133804317	0.4325064241886139	0.4375597849488258	0.43748659640550613	0.43913446664810185	0.428020142018795	0.4287853971123695
0.0	0.0	0.0	0.0	0.0	0.0	0.0	0.0	0.0	0.0	0.0	0.0	0.8507440447807312	0.8331377026864462	0.847280894773347	0.8607643604278564	0.8422376649720328	0.8523713951451437	0.8436190515756606	0.7978115749359131	0.8479239255189895	0.44277165830135345	0.4420292869210243	0.43338446617126464	0.43839819878339764	0.44033875763416286	0.43818171769380576	0.44797595143318175	0.438384485244751	0.4292594641447067	0.4359972685575485	0.42800336778163917	0.42910092771053315	0.42457350492477414	0.44870308488607413	0.4422350913286209	0.43556892722845075	0.4377716571092606	0.4339576601982117	0.43616649359464643	0.4313966691493988
0.0	0.0	0.0	0.0	0.0	0.0	0.0	0.0	0.0	0.0	0.0	0.0	0.82552150785923	0.6399763721227646	0.6474056333303452	0.8423660039901734	0.8466353088617324	0.8551900335720607	0.8371392377785274	0.8416221022605896	0.8664962945665631	0.42957044541835787	0.4515704244375228	0.4469073429703712	0.4323463514447212	0.44549116790294646	0.44614513665437694	0.4412990987300873	0.43886770457029345	0.4300094634294509	0.44302470684051515	0.44085397720336916	0.43932958245277404	0.4312808156013489	0.4310033649206162	0.43162531554698946	0.43891038149595263	0.43802929073572155	0.43954910635948186	0.4275155633687973	0.44446069896221163
0.0	0.0	0.0	0.0	0.0	0.0	0.0	0.0	0.0	0.0	0.0	0.0	0.0	0.8304208934307098	0.8555233665875026	0.858527661051069	0.846649710706302	0.8250278962509974	0.6623995214700699	0.8445136500256403	0.8498379771198545	0.4363219633698463	0.43614209741353993	0.44654302597045903	0.4383890345692635	0.43641343861818316	0.44039208739995955	0.44179147034883504	0.44410702884197234	0.439160369336605	0.43567564636468886	0.4468707457184792	0.4386375159025192	0.42777776420116426	0.44248507320880887	0.4375033766031265	0.4401314169168472	0.44043173342943187	0.44149118363857265	0.42804909944534303	0.44161312878131864
0.0	0.0	0.0	0.0	0.0	0.0	0.0	0.0	0.0	0.0	0.0	0.0	0.0	0.8489339419773646	0.8584069294588906	0.8293896807091576	0.8237034201622009	0.8460743337869644	0.8467497106109345	0.8419579033340727	0.8205355370044709	0.43814207762479784	0.4218356847763062	0.44363448023796087	0.441599415242672	0.4446176871657371	0.4485170975327492	0.44327624291181567	0.4409972637891769	0.43328538089990615	0.43708569407463077	0.4421421155333519	0.4280018493533134	0.4387792721390724	0.43929757624864574	0.4355353847146034	0.43028690814971926	0.4412365987896919	0.43156282156705855	0.4302670910954476	0.4427686274051666
0.0	0.0	0.0	0.0	0.0	0.0	0.0	0.0	0.0	0.0	0.0	0.0	0.0	0.0	0.8284877942289623	0.829038780927658	0.8244519676480975	0.8430576699972152	0.6412918180227278	0.8381938244615283	0.8401286367859159	0.44734179973602295	0.43620307296514516	0.4369988039135933	0.44743936061859135	0.43597289621829993	0.43906282633543015	0.43223658353090283	0.4419545918703079	0.43003995120525357	0.43532958626747137	0.4374881207942962	0.4345384404063224	0.43795764446258545	0.42578538805246346	0.43387380093336103	0.4442244067788125	0.4289256170392036	0.4334424108266831	0.44083265364170077	0.443998809158802
0.0	0.0	0.0	0.0	0.0	0.0	0.0	0.0	0.0	0.0	0.0	0.0	0.0	0.0	0.8337395604167666	0.8665412132229124	0.8324243758405958	0.8576363146305085	0.8400458842515945	0.8420491924456188	0.8266038239002227	0.44660855680704115	0.439803709089756	0.4471116289496422	0.44742717146873473	0.43671832233667374	0.42713142335414883	0.44115734249353405	0.42938140332698826	0.4322152718901634	0.4429500177502632	0.4466024711728096	0.4332091733813286	0.4382869124412536	0.4466451421380043	0.4283234894275665	0.4276359900832176	0.4364408656954766	0.43652776181697844	0.43792563229799275	0.43053233474493025
0.0	0.0	0.0	0.0	0.0	0.0	0.0	0.0	0.0	0.0	0.0	0.0	0.0	0.0	0.0	0.8348259414945329	0.8230154126882552	0.8261048406362533	0.8209200314113072	0.6531186360120773	0.8512436378002166	0.4340033680200577	0.4382121995091438	0.44061312377452855	0.45593937635421755	0.4405018493533135	0.43324270397424697	0.43580366522073744	0.43914971649646756	0.43443325161933904	0.4443981871008873	0.4255323395133018	0.43150032758712764	0.443012535572052	0.44407960772514343	0.4256405711174011	0.43580063432455063	0.4399149596691132	0.434177154302597	0.43882349133491516	0.44158568382263186
0.0	0.0	0.0	0.0	0.0	0.0	0.0	0.0	0.0	0.0	0.0	0.0	0.0	0.0	0.0	0.8100085145235062	0.8242022582462856	0.8515288001298904	0.8588444145236696	0.844363156557083	0.6539452612400054	0.4445887416601181	0.4391375213861465	0.43548811674118043	0.4363112926483154	0.4447381258010864	0.4260552048683166	0.43926403373479844	0.43954149037599566	0.44236771315336226	0.4336192160844803	0.44174117743968966	0.44845154881477356	0.43052623718976973	0.43587381094694133	0.4420688971877098	0.4319637238979339	0.4387960463762284	0.44543630182743066	0.42481436431407926	0.42391496300697323
0.0	0.0	0.0	0.0	0.0	0.0	0.0	0.0	0.0	0.0	0.0	0.0	0.0	0.0	0.0	0.0	0.833498736023903	0.8422534024715425	0.8222616387265069	0.8410847043991089	0.8661881357431411	0.4384728819131851	0.44150947630405424	0.45188143551349647	0.42910703718662263	0.4541695311665535	0.4410521537065506	0.4261390522122383	0.4403951421380043	0.43139210194349287	0.4441908821463585	0.4322823390364646	0.44314820617437367	0.4337640330195427	0.4388616308569908	0.4236039876937866	0.4269286796450615	0.4329439297318458	0.4327945455908775	0.4182457491755486	0.43332044780254364
0.0	0.0	0.0	0.0	0.0	0.0	0.0	0.0	0.0	0.0	0.0	0.0	0.0	0.0	0.0	0.0	0.6524879455566406	0.8385214954614639	0.836994145001684	0.8460997402668	0.8355869684900558	0.44115581214427946	0.438786906003952	0.44736617207527163	0.4346207514405251	0.44398967474699025	0.43820762634277344	0.43584636002779004	0.4417701527476311	0.43636008501052853	0.4391512528061867	0.4318433210253716	0.4272488072514534	0.4306115850806237	0.4429195299744606	0.436645133793354	0.4340735018253326	0.43506586104631423	0.43843782097101214	0.43581741452217104	0.4445780649781227
0.0	0.0	0.0	0.0	0.0	0.0	0.0	0.0	0.0	0.0	0.0	0.0	0.0	0.0	0.0	0.0	0.0	0.8501866992030824	0.8339412152767182	0.8449488993201937	0.6370952773094176	0.44566953927278524	0.4416832566261292	0.4473097756505013	0.4386070400476455	0.43786923587322235	0.44163904935121534	0.42466495633125306	0.4372122183442116	0.4341573372483253	0.43646373748779294	0.4346847698092461	0.4253753274679184	0.42766189873218535	0.4396314233541489	0.43763750493526454	0.4319621995091439	0.4394530639052391	0.4443905711174011	0.43686618804931643	0.4344546049833298
0.0	0.0	0.0	0.0	0.0	0.0	0.0	0.0	0.0	0.0	0.0	0.0	0.0	0.0	0.0	0.0	0.0	0.845291306078434	0.826208644253867	0.8506479356970106	0.8528537988662719	0.4384164974093437	0.4388707295060157	0.4413173735141754	0.4318067297339439	0.43442410528659825	0.43782349228858947	0.4346390381455421	0.4396527647972107	0.4380338639020919	0.44228690266609194	0.44244087785482406	0.43835549205541613	0.42599879652261735	0.44242562800645824	0.44458568692207334	0.43223508894443513	0.43984330743551253	0.44632044136524196	0.423210695385933	0.434387519955635
0.0	0.0	0.0	0.0	0.0	0.0	0.0	0.0	0.0	0.0	0.0	0.0	0.0	0.0	0.0	0.0	0.0	0.0	0.8283573065485272	0.6459676265716553	0.8265836148602623	0.44146529287099834	0.43375183790922167	0.4447823688387871	0.4280917882919312	0.43423049002885816	0.4435826390981674	0.4365841761231422	0.43777166306972504	0.4319469675421715	0.44011311829090116	0.4359606832265854	0.4357472747564316	0.43406587392091756	0.4209027528762817	0.4382808268070221	0.43265732079744346	0.43016495704650876	0.4301588475704192	0.4342183247208595	0.44509634524583813
0.0	0.0	0.0	0.0	0.0	0.0	0.0	0.0	0.0	0.0	0.0	0.0	0.0	0.0	0.0	0.0	0.0	0.0	0.8099646121263504	0.8331735040460315	0.8672183322054998	0.43289360702037816	0.43178080916404715	0.4322304978966713	0.43608723133802413	0.4375780656933784	0.43445459306240075	0.4426329270005227	0.4318280711770057	0.43502317816019054	0.44132348895072937	0.4441771566867828	0.4322366014122963	0.44099728167057034	0.4379774436354637	0.4263920828700065	0.44089056253433234	0.43198050409555433	0.4287411719560623	0.4306954562664032	0.43719849288463597
0.0	0.0	0.0	0.0	0.0	0.0	0.0	0.0	0.0	0.0	0.0	0.0	0.0	0.0	0.0	0.0	0.0	0.0	0.0	0.8590355583599636	0.8214885558400835	0.43366190493106843	0.44234483540058134	0.43048051148653027	0.4421497195959091	0.4430430173873901	0.4387015581130982	0.44078385531902314	0.43632809668779376	0.428107026219368	0.4366619139909744	0.4441344618797302	0.43201403468847277	0.42951251268386836	0.4395170941948891	0.445882947742939	0.4308722674846649	0.4390963509678841	0.43625184148550034	0.43938904553651814	0.4348158732056618
0.0	0.0	0.0	0.0	0.0	0.0	0.0	0.0	0.0	0.0	0.0	0.0	0.0	0.0	0.0	0.0	0.0	0.0	0.0	0.8333956292697362	0.8319617165837969	0.4326390460133553	0.4415079519152641	0.4399286910891533	0.4350567087531089	0.4218722820281982	0.43875183910131454	0.4346085622906685	0.4428997129201888	0.4314484924077988	0.43059331029653547	0.4281756237149239	0.42408112138509746	0.4341908678412437	0.43038751780986784	0.4350658789277077	0.4281420931220054	0.4465353742241859	0.4523204535245895	0.44748509228229527	0.43420305699110034
0.0	0.0	0.0	0.0	0.0	0.0	0.0	0.0	0.0	0.0	0.0	0.0	0.0	0.0	0.0	0.0	0.0	0.0	0.0	0.0	0.8466178292036057	0.44796068370342257	0.4342091605067253	0.4409851104021072	0.43270764946937557	0.433353990316391	0.44202624410390856	0.43314513713121416	0.43521983027458194	0.4359881281852722	0.43583568930625916	0.4320049062371254	0.43803842514753344	0.43222288191318514	0.4403707697987556	0.4397152706980705	0.43111923038959504	0.4416497200727463	0.42685397863388064	0.4344652637839317	0.42814820259809494
0.0	0.0	0.0	0.0	0.0	0.0	0.0	0.0	0.0	0.0	0.0	0.0	0.0	0.0	0.0	0.0	0.0	0.0	0.0	0.0	0.8334258266857693	0.4314484983682633	0.43087686449289325	0.44092411100864404	0.4299896702170372	0.4318585529923439	0.43688598126173017	0.4461527884006501	0.42578537613153455	0.43250031471252437	0.4399576365947724	0.44291344434022906	0.4295384272933006	0.4375582545995712	0.4355262443423271	0.4405247211456299	0.43472137302160263	0.43261616230010985	0.4270033746957779	0.4322411805391312	0.4398082345724106
0.0	0.0	0.0	0.0	0.0	0.0	0.0	0.0	0.0	0.0	0.0	0.0	0.0	0.0	0.0	0.0	0.0	0.0	0.0	0.0	0.0	0.4356359884142876	0.4305902615189552	0.43813143074512484	0.42918782383203513	0.43936617374420167	0.44918022453784945	0.4314317300915719	0.42958569526672363	0.4342792883515358	0.4317716866731644	0.4398951426148414	0.4421710669994354	0.4407472640275955	0.44001861810684206	0.44109635502099986	0.4292061105370521	0.43014970719814305	0.44793478697538375	0.4356344699859619	0.4299225971102715
