0.0	0.0	0.0	0.0	0.0	0.0	0.0	0.0	0.0	0.0	0.0	0.0	0.0	0.0	0.0	0.0	0.0	0.0	0.0	0.0	1.0	0.45741649717092514	0.4274774417281151	0.44099120795726776	0.4435978829860687	0.4448555037379265	0.4317457601428032	0.44302623718976974	0.44658568501472473	0.4236360415816307	0.4132167845964432	0.44856736063957214	0.419710710644722	0.4340323135256767	0.457309789955616	0.4273631423711777	0.45499271899461746	0.4609912186861038	0.42125793546438217	0.4229423850774765	0.4475155919790268
0.0	0.0	0.0	0.0	0.0	0.0	0.0	0.0	1.0	1.0	0.0	0.0	0.0	0.0	0.0	0.0	0.0	1.0	0.0	1.0	0.699887045792171	0.4278814047574997	0.4328356683254242	0.42743173986673355	0.4383692294359207	0.4750460535287857	0.4371497184038162	0.43922288715839386	0.4429500177502632	0.43511465936899185	0.43980974704027176	0.42913902550935745	0.4453890696167946	0.42993173748254776	0.40923812985420227	0.42089973390102386	0.4204195514321327	0.4052061215043068	0.44163142144680023	0.42017561942338943	0.4374164864420891
0.0	0.0	0.0	0.0	0.0	0.0	0.0	0.0	0.0	0.0	0.0	1.0	0.0	0.0	0.0	0.0	0.0	0.0	0.0	0.0	0.7076069861650467	0.44573961943387985	0.4152137339115143	0.4237426891922951	0.46751560270786285	0.4424545615911484	0.43656282871961594	0.43100640177726746	0.4406938925385475	0.4467838853597641	0.44516797363758087	0.4403890147805214	0.4367304816842079	0.4335368871688843	0.44351407140493393	0.46454304456710815	0.42394085973501205	0.45004604756832123	0.4132625162601471	0.4611741155385971	0.4319210350513458
0.0	0.0	0.0	1.0	0.0	0.0	0.0	0.0	0.0	0.0	0.0	0.0	0.0	1.0	0.0	0.0	0.0	0.0	0.0	0.753582552075386	0.7250873701913017	0.4674699008464813	0.45710402727127075	0.4353509396314621	0.43718017637729645	0.38833875954151154	0.44083111733198166	0.4348098114132881	0.4492990970611572	0.43878084421157837	0.4529424160718918	0.4477747082710266	0.4250689372420311	0.44110550731420517	0.45362839102745056	0.43165426701307297	0.4539942145347595	0.4428509622812271	0.4358692020177841	0.4319896623492241	0.41619696468114853
0.0	0.0	0.0	0.9998780488967896	0.0	0.0	0.0	0.0	0.0	0.0	0.0	0.0	0.0	0.0	0.0	0.0	0.0	0.0	0.0	0.7201908156275749	0.7291008681058884	0.44006892293691635	0.46772901713848114	0.45809485018253326	0.4544668048620224	0.43250030279159546	0.4305719807744026	0.42784329503774643	0.458803690969944	0.4384988024830818	0.45083872973918915	0.4320506379008293	0.4438265413045883	0.4445734918117523	0.44549571722745895	0.43378084897994995	0.45298052579164505	0.4690704196691513	0.44564056396484375	0.4480186402797699	0.42314817756414413
0.0	0.0	0.0	0.0	0.0	0.0	0.0	0.0	0.0	0.0	0.0	1.0	0.0	0.0	0.0	0.0	0.0	0.0	0.7172106355428696	0.747606948018074	0.7435368299484253	0.42158567905426025	0.4275994226336479	0.44900187104940414	0.4428280368447304	0.46121981739997864	0.4252975657582283	0.4578966200351715	0.43313292413949966	0.43490124493837357	0.4031253308057785	0.45166192948818207	0.44617410004138947	0.4412427023053169	0.4370735287666321	0.4303509443998337	0.43264511972665787	0.43795764446258545	0.42285095155239105	0.4279119223356247	0.430709145963192
0.0	0.0	0.0	0.0	0.0	0.0	0.0	0.0	0.0	0.0	0.0	0.0	0.0	0.0	0.0	0.0	0.9998780488967896	1.0	0.7067838162183762	0.7078356444835663	0.715906194278172	0.4583692103624344	0.4183082729578018	0.45195918530225754	0.4392304793000221	0.45460397005081177	0.4561969265341759	0.4345048740506172	0.4542076587677002	0.4554804638028145	0.4448555037379265	0.45105214416980743	0.4608844220638275	0.4407396540045738	0.43163902312517166	0.4207015335559845	0.43336158245801926	0.4468829408288002	0.4379347786307335	0.431059755384922	0.42629607021808624
0.0	0.0	0.0	0.0	0.0	0.0	1.0	0.0	0.0	0.0	0.0	0.0	0.0	0.0	1.0	0.0	0.0	0.7355490326881409	0.7274545282125473	0.7313939843858991	0.7319514751434326	0.45513753592967987	0.43021371960639954	0.4667762741446495	0.4575384482741356	0.45664671063423157	0.4587732329964638	0.4356786832213402	0.4415018782019615	0.4637884423136711	0.4407244101166725	0.43887224793434143	0.4487045556306839	0.4543677195906639	0.42207348346710205	0.4325689300894737	0.42263753712177277	0.422325037419796	0.4474698603153229	0.44729452580213547	0.4401909038424492
0.0	0.0	0.0	0.0	0.0	0.0	0.0	0.0	0.0	0.0	0.0	0.0	0.0	0.0	0.0	0.0	0.0	0.7073630839586258	0.7788939390863691	0.7973325103521347	0.7090072461536953	0.4525536373257637	0.4727747440338135	0.41456589847803116	0.4324317052960396	0.4433540105819702	0.4420277327299118	0.45750799030065536	0.42974115908145905	0.44107501953840256	0.4535140320658684	0.4640018567442894	0.4611131399869919	0.4159759283065796	0.43515273928642273	0.41633418947458267	0.44742409884929657	0.4246649444103241	0.4366390183568001	0.4254118949174881	0.4346192330121994
0.0	0.0	0.0	0.0	0.0	0.0	0.0	0.0	1.0	0.0	0.0	0.0	0.0	0.0	0.0	0.0	0.7315551340579987	0.7427593916654587	0.7299621477723122	0.8027136027812958	0.7354270815849304	0.41611312329769135	0.45426860451698303	0.4296954274177551	0.46910861879587173	0.43564819544553757	0.4531329348683357	0.44835400581359863	0.43966493010520935	0.4528890624642372	0.42878079414367676	0.42260704934597015	0.4276070147752762	0.4125460535287857	0.4540780857205391	0.4328051805496216	0.4353356659412384	0.42756128311157227	0.47130370885133743	0.4609607011079788	0.42345308512449265
0.0	0.0	0.0	0.0	0.0	0.0	0.0	0.0	0.0	0.0	0.0	0.0	0.0	0.0	0.0	1.0	0.7269362360239029	0.6908082216978073	0.7443091869354248	0.7628508359193802	0.7729118019342422	0.4351070374250412	0.4589637517929077	0.4388417899608612	0.44284331053495407	0.4302137494087219	0.4242457374930382	0.4095277935266495	0.4546268656849861	0.452256441116333	0.482820525765419	0.4369744136929512	0.4209225997328758	0.4498250111937523	0.4411970004439354	0.435968317091465	0.4371192008256912	0.4313494488596916	0.43914666771888733	0.44737839698791504	0.45504604279994965
0.0	0.0	0.0	0.0	0.0	0.0	0.0	0.0	0.0	0.0	0.0	0.0	0.0	1.0	0.0	0.717530757188797	0.6722106784582138	0.7095582038164139	0.7148478329181671	0.6994602169309344	0.6904728561639786	0.4158082753419876	0.43442103266716003	0.42236311733722687	0.45103690028190613	0.4427747130393982	0.4154347702860832	0.44452010840177536	0.4612884446978569	0.43040426820516586	0.4330948144197464	0.43985550850629807	0.43077774345874786	0.4293143302202225	0.4382777661085129	0.434619203209877	0.44159331172704697	0.43914666771888733	0.4089713618159294	0.4374164864420891	0.4336283504962921
0.0	0.0	0.0	0.0	0.0	0.0	0.0	0.0	0.0	0.0	0.0	0.0	0.0	0.0	0.0	0.7490856051445007	0.7475307285785675	0.7013569921255112	0.7270124554634094	0.72783562541008	0.7447389193943569	0.4410826712846756	0.4597945436835289	0.43471069633960724	0.44229453057050705	0.4477594345808029	0.44749269634485245	0.44282806664705276	0.45028991997241974	0.44163142144680023	0.47302626818418503	0.4499165043234825	0.4572259485721588	0.4201679974794388	0.45069391280412674	0.4156481847167015	0.43333109468221664	0.41976406425237656	0.45118171721696854	0.4503204673528671	0.44445154070854187
0.0	0.0	0.0	0.0	0.0	0.0	0.0	0.0	0.0	0.0	0.0	0.0	0.0	0.0	0.7502365186810493	0.7328356206417084	0.7999392151832581	0.7595734000205994	0.7251047917774746	0.6902137100696564	0.7262807488441467	0.438811331987381	0.44282806664705276	0.4229043051600456	0.45720308274030685	0.43515273928642273	0.46514517813920975	0.4190933033823967	0.46448206901550293	0.4083082526922226	0.4533921107649803	0.4469668120145798	0.4508768692612648	0.43821676075458527	0.4370277673006058	0.44646376371383667	0.44627315551042557	0.438353955745697	0.4455795884132385	0.45783570408821106	0.4491695538163185
0.0	0.0	0.0	0.0	0.0	0.0	0.0	0.0	0.0	1.0	1.0	1.0	0.0	0.0	0.7140094190835953	0.733064278960228	0.7853660583496094	0.7443295121192932	0.7685825377702713	0.7437502443790436	0.8091058731079102	0.4552213177084923	0.4405796229839325	0.45079296827316284	0.445328064262867	0.44002319127321243	0.4253661632537842	0.42926862835884094	0.42483268678188324	0.44737839698791504	0.4289713427424431	0.44070154428482056	0.44304151087999344	0.44829297065734863	0.4376756325364113	0.43849118053913116	0.4176603779196739	0.42988600581884384	0.44232501834630966	0.42227930575609207	0.43045002967119217
0.0	0.0	0.0	0.0	0.0	0.0	0.0	0.0	0.0	0.0	0.0	1.0	0.0	0.7489636540412903	0.7839636206626892	0.7623477876186371	0.763083849634443	0.7176309313092913	0.700644884790693	0.7787654548883438	0.7894056886434555	0.4464332163333893	0.4315628334879875	0.44335395097732544	0.43917715549468994	0.4293905794620514	0.44835397601127625	0.44323205947875977	0.44497742503881454	0.44163139164447784	0.43139512091875076	0.4434073343873024	0.41770610958337784	0.43899422883987427	0.4389560893177986	0.41778232902288437	0.4136055037379265	0.4402061179280281	0.45077013224363327	0.4489485174417496	0.4394744411110878
0.0	0.0	0.0	0.0	0.0	0.0	0.0	0.0	0.0	0.0	0.0	0.0	0.0	0.7454183612551007	0.7567837685346603	0.7636587619781494	0.773048996925354	0.7468120881489345	0.7541988406862531	0.7201374620199203	0.7333081811666489	0.43307194858789444	0.45756131410598755	0.44008413702249527	0.4448021501302719	0.4298478960990906	0.4534607082605362	0.4434759020805359	0.45475640892982483	0.4514942169189453	0.4530109539628029	0.4448707476258278	0.44038139283657074	0.4473554715514183	0.42800335586071014	0.4468677267432213	0.4326756075024605	0.4438493773341179	0.43509944528341293	0.44523660093545914	0.421722874045372
0.0	0.0	0.0	0.0	0.0	0.0	0.0	0.0	0.0	0.0	0.0	0.0	0.7477441430091858	0.739939272403717	0.7540246248245239	0.7540093809366226	0.7290856242179871	0.7386413642338344	0.7872105687856674	0.6838330541338239	0.7713416814804077	0.45698969811201096	0.45153994858264923	0.42405521869659424	0.43501557409763336	0.4441848322749138	0.4394591376185417	0.4616999998688698	0.4545811340212822	0.43800337612628937	0.4311131089925766	0.4362274631857872	0.42381131649017334	0.43410853296518326	0.43802621215581894	0.45067110657691956	0.4484530910849571	0.42561009526252747	0.44006895273923874	0.4804043099284172	0.43534331768751144
0.0	0.0	0.0	0.0	0.0	0.0	0.0	0.0	0.0	0.0	0.0	0.0	0.7350307404994965	0.7256405055522919	0.7617075443267822	0.6940653324127197	0.7182929515838623	0.7703965604305267	0.7969056814908981	0.7630642503499985	0.7398935407400131	0.42645610123872757	0.43326249718666077	0.4368448108434677	0.4274393618106842	0.451166532933712	0.4387960284948349	0.43945151567459106	0.43881889432668686	0.4413798972964287	0.4340018257498741	0.4197716563940048	0.45109790563583374	0.450968362390995	0.45544997602701187	0.45536619424819946	0.4531024172902107	0.44420763850212097	0.4225231781601906	0.42808719724416733	0.42975640296936035
0.0	0.0	0.0	0.0	0.0	0.0	0.0	0.0	0.0	0.0	0.0	0.7618142515420914	0.7957928776741028	0.7549131257193429	0.7698260034833636	0.7954531567437308	0.7887458460671561	0.7735672891139984	0.7474849969148636	0.6915450096130371	0.7671082360403878	0.4647107273340225	0.43999267369508743	0.4244896396994591	0.43780517578125	0.43433722108602524	0.4559759497642517	0.46109792590141296	0.4269668012857437	0.4380262717604637	0.43410853296518326	0.4443372115492821	0.4194210469722748	0.44326251745224	0.420602448284626	0.44484785199165344	0.4281100630760193	0.446052148938179	0.4355414882302284	0.44302623718976974	0.42905521392822266
0.0	0.0	0.0	0.0	0.0	0.0	0.0	0.0	0.0	0.0	0.0	0.7585977911949158	0.7110521048307419	0.7180033177137375	0.7959409611565726	0.768018513917923	0.7812806963920593	0.7273630648851395	0.7675611972808838	0.7765246033668518	0.7524915252413068	0.46157045662403107	0.46545764803886414	0.44206590205430984	0.42840731889009476	0.44174575060606003	0.45879603922367096	0.455244243144989	0.4351756349205971	0.42707350850105286	0.42707347869873047	0.44766803085803986	0.43984026461839676	0.43336158245801926	0.4444439187645912	0.4454500153660774	0.4376222789287567	0.4307548776268959	0.43917718529701233	0.46102170646190643	0.42645613104104996
0.0	0.0	0.0	0.0	0.0	0.0	0.0	0.0	0.0	0.0	0.0	0.768963634967804	0.7413569539785385	0.7570734024047852	0.7886064733777728	0.7714113678250994	0.7282472103834152	0.6809454262256622	0.743323415517807	0.7751221656799316	0.7351222038269043	0.42926859855651855	0.4211207404732704	0.4337121918797493	0.4427213594317436	0.4336588382720947	0.4234454333782196	0.4301832616329193	0.4468982145190239	0.45182955265045166	0.4392838329076767	0.4356558173894882	0.43465734273195267	0.4341313987970352	0.4369744434952736	0.43492408096790314	0.41357504576444626	0.4381481632590294	0.43753840774297714	0.45221833139657974	0.42944396287202835
0.0	0.0	0.0	0.0	0.0	0.0	0.0	0.0	0.0	0.0	0.0	0.0	0.7408081740140915	0.7840855717658997	0.7680141585213798	0.7686587572097778	0.7267249992915562	0.7649479593549456	0.7698782682418823	0.7605368137359619	0.7843904495239258	0.4273707643151283	0.4515247046947479	0.4277823194861412	0.4569362848997116	0.42763756215572357	0.4339866116642952	0.4545125365257263	0.43317868560552597	0.4433768168091774	0.44721830636262894	0.43756895512342453	0.4279805198311806	0.4245811626315117	0.4366466701030731	0.42977170646190643	0.43063295632600784	0.4626680165529251	0.43612078577280045	0.44515275955200195	0.4388265758752823
0.0	0.0	0.0	0.0	0.0	0.0	0.0	0.0	0.0	0.0	0.0	0.0	0.7456099987030029	0.7074393033981323	0.7311283051967621	0.7546953558921814	0.7240398973226547	0.7650916874408722	0.7668991770063128	0.7582929134368896	0.7753660678863525	0.44323962181806564	0.4587732031941414	0.4711131602525711	0.42741646617650986	0.4639028012752533	0.4483463242650032	0.43362075835466385	0.4390323683619499	0.4325460344552994	0.4560902491211891	0.44497742503881454	0.44986312091350555	0.4376222789287567	0.4350460320711136	0.41874269396066666	0.44223352521657944	0.45882655680179596	0.4128737971186638	0.43068628013134	0.4404195323586464
0.0	0.0	0.0	0.0	0.0	0.0	0.0	0.0	0.0	0.0	0.0	0.0	0.0	0.7191466093063354	0.7738329683031354	0.7780141489846366	0.7180664709636143	0.7258539199829102	0.7835825234651566	0.7346343994140625	0.7695581465959549	0.46016039699316025	0.4403662085533142	0.4440857172012329	0.43772898614406586	0.44458114355802536	0.4298783540725708	0.4459073022007942	0.44344544410705566	0.44075486809015274	0.4398021847009659	0.43625032901763916	0.45554912090301514	0.4126756265759468	0.43423810601234436	0.445503368973732	0.45029760152101517	0.4574698805809021	0.42858265340328217	0.42191342264413834	0.4516085758805275
0.0	0.0	0.0	0.0	0.0	0.0	0.0	0.0	0.0	0.0	0.0	0.0	0.0	0.7556448323386056	0.7643294930458069	0.7567532807588577	0.7821140289306641	0.7383996397256851	0.7596866403307233	0.7924566439219883	0.7863264232873917	0.44817104935646057	0.42525945603847504	0.4419134333729744	0.43215734511613846	0.4411664828658104	0.4472564160823822	0.44370459020137787	0.4537045806646347	0.4341771602630615	0.4392000213265419	0.4344896599650383	0.4217381477355957	0.43225640058517456	0.45490122586488724	0.43199728429317474	0.4344210624694824	0.45013754069805145	0.4340323135256767	0.43185243755578995	0.44453541189432144
0.0	0.0	0.0	0.0	0.0	0.0	0.0	0.0	0.0	0.0	0.0	0.0	0.0	0.0	0.7323020845651627	0.7546496242284775	0.7447389193943569	0.770061194896698	0.7298478186130524	0.7120429575443268	0.7147737911769322	0.43394847214221954	0.43579304218292236	0.4469134584069252	0.4435673654079437	0.4460064470767975	0.47105221450328827	0.4555261954665184	0.4406482204794884	0.43011463433504105	0.43399423360824585	0.45273662358522415	0.4247640296816826	0.42025183886289597	0.4251832365989685	0.44282806664705276	0.45410092175006866	0.43516039103269577	0.43131130933761597	0.4412274584174156	0.45059485733509064
0.0	0.0	0.0	0.0	0.0	0.0	0.0	0.0	0.0	0.0	0.0	0.0	0.0	0.0	0.8006556779146194	0.7738721668720245	0.73565573990345	0.7793904542922974	0.7618142515420914	0.7531862109899521	0.7395429313182831	0.4344058185815811	0.4506329968571663	0.4222869575023651	0.4452366307377815	0.45879606902599335	0.4428052008152008	0.4757930338382721	0.4293143302202225	0.4356405735015869	0.44448962062597275	0.4514256790280342	0.4263722896575928	0.4375079795718193	0.4233006164431572	0.43211158365011215	0.4468143433332443	0.4223554953932762	0.4513341262936592	0.42676860094070435	0.4513799175620079
0.0	0.0	0.0	0.0	0.0	0.0	0.0	0.0	0.0	0.0	0.0	0.0	0.0	0.0	0.0	0.7457145282200405	0.760503277182579	0.7407471984624863	0.7494775908333915	0.7991465330123901	0.7419921159744263	0.44804906845092773	0.4486817196011543	0.45847591757774353	0.48586930334568024	0.43152469396591187	0.43548813462257385	0.45283567905426025	0.43136463314294815	0.435190849006176	0.45401711016893387	0.41493937373161316	0.4472869038581848	0.4296954274177551	0.4568525031208992	0.4363722801208496	0.4298783540725708	0.44061005115509033	0.44288142025470734	0.4496573284268379	0.42493936419487
0.0	0.0	0.0	0.0	0.0	0.0	0.0	0.0	0.0	0.0	0.0	0.0	0.0	0.0	0.0	0.7219514846801758	0.7676831483840942	0.7484606057405472	0.7894666641950607	0.7227441668510437	0.7348173260688782	0.4708692580461502	0.42712683230638504	0.4361664578318596	0.4322945103049278	0.4437502920627594	0.4109073355793953	0.42116647213697433	0.43149423599243164	0.4507778137922287	0.43449728190898895	0.46306435763835907	0.4476451352238655	0.41638751327991486	0.4479576647281647	0.4247792735695839	0.42527469992637634	0.4319896325469017	0.4678128883242607	0.41973357647657394	0.4202137589454651
0.0	0.0	0.0	0.0	0.0	0.0	0.0	0.0	0.0	0.0	0.0	0.0	0.0	0.0	0.0	0.0	0.768765464425087	0.7659453451633453	0.7333452020372663	0.7658233940601349	0.7419362217187881	0.4644896313548088	0.40685246139764786	0.46784334629774094	0.42921527475118637	0.45336921513080597	0.4364027976989746	0.4508463516831398	0.4372868835926056	0.4286588430404663	0.4436207488179207	0.4248783588409424	0.42372744530439377	0.4154423922300339	0.44347599148750305	0.4349469766020775	0.4354119151830673	0.4220963791012764	0.45541954785585403	0.40287380665540695	0.4387655407190323
0.0	0.0	0.0	0.0	0.0	0.0	0.0	0.0	0.0	0.0	0.0	0.0	0.0	0.0	0.0	0.0	0.7377746403217316	0.7516204459326608	0.732735446521214	0.709466740489006	0.7638329778398786	0.4616771936416626	0.4295353665947914	0.45025186985731125	0.4408692568540573	0.45583878457546234	0.4332396313548088	0.43060243874788284	0.43912380188703537	0.44552623480558395	0.4375765770673752	0.41489364206790924	0.4276985079050064	0.4229728728532791	0.4323631078004837	0.41539666056632996	0.4438417851924896	0.4355338364839554	0.4300917983055115	0.4188799187541008	0.448689341545105
0.0	0.0	0.0	0.0	0.0	0.0	0.0	0.0	0.0	0.0	0.0	0.0	0.0	0.0	0.0	0.0	0.0	0.7475154846906662	0.7232014834880829	0.742576465010643	0.7559148669242859	0.4416543170809746	0.46408572793006897	0.4356710612773895	0.44648659974336624	0.4552747309207916	0.42078540474176407	0.41423050314188004	0.457477442920208	0.43623508512973785	0.45283567905426025	0.4312731698155403	0.40910855680704117	0.4244362860918045	0.4419134333729744	0.44141797721385956	0.4457472413778305	0.4340399354696274	0.44203538447618484	0.4092838615179062	0.4327213391661644
0.0	0.0	0.0	0.0	0.0	0.0	0.0	0.0	0.0	0.0	0.0	0.0	0.0	0.0	0.0	0.0	0.0	0.7429651841521263	0.72783562541008	0.7626657315662929	0.7577746212482452	0.44851406663656235	0.4302975609898567	0.4381481632590294	0.4239332377910614	0.4372183158993721	0.4666009396314621	0.43753843754529953	0.4455186128616333	0.4459378197789192	0.44911620020866394	0.4390399903059006	0.4232015311717987	0.426433265209198	0.4424012079834938	0.44940580427646637	0.4400308430194855	0.4376908466219902	0.4293600618839264	0.43914666771888733	0.4312427118420601
0.0	0.0	0.0	0.0	0.0	0.0	0.0	0.0	0.0	0.0	0.0	0.0	0.0	0.0	0.0	0.0	0.0	0.0	0.7250307500362396	0.7859300822019577	0.7556404769420624	0.43725645542144775	0.4357853904366493	0.4325231686234474	0.4279805198311806	0.4214637279510498	0.4481329396367073	0.4462808072566986	0.4358692020177841	0.43673810362815857	0.4507777541875839	0.44646376371383667	0.433696947991848	0.44187532365322113	0.42839207500219345	0.4480719640851021	0.4360445365309715	0.4456329122185707	0.42514512687921524	0.4468524530529976	0.4346725568175316
0.0	0.0	0.0	0.0	0.0	0.0	0.0	0.0	0.0	0.0	0.0	0.0	0.0	0.0	0.0	0.0	0.0	0.0	0.7471191436052322	0.7102093355996268	0.8099544495344162	0.44358260929584503	0.43846069276332855	0.41466495394706726	0.4305414929986	0.43035853654146194	0.46046527475118637	0.447546049952507	0.4463112950325012	0.4501984566450119	0.4434759318828583	0.45151714235544205	0.44796525686979294	0.4343143254518509	0.42381128668785095	0.4319591745734215	0.4273783564567566	0.4157091900706291	0.44528233259916306	0.45817869156599045	0.42322439700365067
0.0	0.0	0.0	0.0	0.0	0.0	0.0	0.0	0.0	0.0	0.0	0.0	0.0	0.0	0.0	0.0	0.0	0.0	0.0	0.8054676651954651	0.7340551316738129	0.43215734511613846	0.43285856395959854	0.4355643540620804	0.42519085854291916	0.4467076063156128	0.44291193783283234	0.4228128418326378	0.44266803562641144	0.43729450553655624	0.4236588776111603	0.4413417875766754	0.4426070600748062	0.42032043635845184	0.44880373030900955	0.45371223241090775	0.4348783493041992	0.44471830874681473	0.4461359903216362	0.4342152699828148	0.45775945484638214
0.0	0.0	0.0	0.0	0.0	0.0	0.0	0.0	0.0	0.0	0.0	0.0	0.0	0.0	0.0	0.0	0.0	0.0	0.0	0.7697911603110177	0.7885215431451797	0.4341466724872589	0.45280522108078003	0.4256329610943794	0.43573200702667236	0.4359302371740341	0.4483768418431282	0.4480491280555725	0.42316342145204544	0.44263748824596405	0.43482499569654465	0.41929909586906433	0.41253843158483505	0.44479452818632126	0.4254728704690933	0.42267561703920364	0.40410856157541275	0.45408567786216736	0.45077013224363327	0.44105974584817886	0.42615122348070145
0.0	0.0	0.0	0.0	0.0	0.0	0.0	0.0	0.0	0.0	0.0	0.0	0.0	0.0	0.0	0.0	0.0	0.0	0.0	0.0	0.7579270601272583	0.4527823254466057	0.4445963576436043	0.44417721033096313	0.4291009157896042	0.4322640523314476	0.4557168036699295	0.4348021298646927	0.4295201525092125	0.46095307916402817	0.4491923898458481	0.45632658898830414	0.43406280130147934	0.44190581142902374	0.45520613342523575	0.44809485971927643	0.42091497778892517	0.45376555621623993	0.43465734273195267	0.43118932843208313	0.4165857136249542
0.0	0.0	0.0	0.0	0.0	0.0	0.0	0.0	0.0	0.0	0.0	0.0	0.0	0.0	0.0	0.0	0.0	0.0	0.0	0.0	0.7665551006793976	0.43406280130147934	0.43735551089048386	0.4391161799430847	0.42400186508893967	0.42754603922367096	0.4482472687959671	0.43673816323280334	0.4330110028386116	0.4419820308685303	0.4408997446298599	0.4422335550189018	0.44352928549051285	0.4363875538110733	0.4262503385543823	0.429245762526989	0.4527290314435959	0.432576522231102	0.412934772670269	0.42438293248414993	0.4325231686234474
0.0	0.0	0.0	0.0	0.0	0.0	0.0	0.0	0.0	0.0	0.0	0.0	0.0	0.0	0.0	0.0	0.0	0.0	0.0	0.0	0.0	0.45111314952373505	0.43240124732255936	0.4492838829755783	0.44638751447200775	0.43110548704862595	0.4532930552959442	0.41765275597572327	0.43208109587430954	0.463483564555645	0.43541956692934036	0.44341495633125305	0.4370582848787308	0.416120745241642	0.46324728429317474	0.4272182956337929	0.4328661561012268	0.4300536587834358	0.4356786534190178	0.4434530660510063	0.42420000582933426
