7.3759999999999994	12.863999999999999	12.832	12.704	14.416	13.872000000000002	14.32	12.784	12.655999999999999	14.544	13.008	13.279999999999998	14.032	13.120000000000001	13.392	11.984	13.088000000000001	12.528	13.216	13.536000000000001	14.095999999999998	15.536000000000001	15.52	17.183999999999997	16.56	17.152	15.728	17.024	15.056000000000001	17.984	17.360000000000003	15.535999999999998	17.072	16.512	16.368000000000002	15.84	17.888	18.176000000000002	16.032	16.096	18.368
8.064	14.735999999999997	13.056	13.344	13.360000000000001	11.792	13.392	13.072000000000003	13.68	13.232	13.168	12.927999999999999	13.568	14.208	12.879999999999999	13.008000000000001	13.135999999999997	12.528	11.44	12.623999999999999	15.296	16.032	16.592	16.752000000000002	17.024	14.719999999999999	16.656	18.816	17.616	17.12	19.808	17.312	18.816000000000003	14.576	17.872	16.544	16.528	18.543999999999997	18.272	17.792	16.048
8.0	8.144	13.680000000000001	13.600000000000001	11.728	12.959999999999999	13.376000000000001	14.112	12.192	14.16	13.744	15.376000000000001	12.416	12.56	13.023999999999997	12.272	13.296000000000001	12.528	13.888000000000002	12.08	14.416	15.280000000000001	17.088	15.696000000000002	17.744	15.632000000000001	16.752	18.080000000000002	18.112000000000002	16.192	16.224	15.296	16.096	14.544	17.136000000000003	16.304	16.272	18.016	16.832	17.552	13.904
7.568	8.607999999999999	11.92	13.248000000000001	13.904	11.744	14.016	12.719999999999999	12.272	13.376	13.280000000000001	13.952	12.943999999999997	13.344000000000001	15.168	12.704	14.799999999999997	14.16	13.344000000000001	14.431999999999999	14.895999999999997	16.064	14.911999999999999	17.568	18.896	15.504000000000001	16.576	15.504	15.712000000000002	16.016000000000002	16.816	17.52	15.504000000000001	16.256	16.544	18.32	15.024	16.352	16.48	17.776	16.832
8.464	8.656	8.512	14.48	14.448	12.72	15.04	12.815999999999999	12.736	13.328	12.815999999999999	13.887999999999998	13.343999999999998	12.928	13.056000000000001	12.944000000000003	13.424	14.095999999999997	11.76	14.224	14.959999999999999	17.279999999999998	16.448	18.464000000000002	17.616	15.808	15.488	16.064	17.232000000000003	16.224	15.808	16.208	16.592000000000002	17.024	16.288	15.568	15.872	15.904000000000002	16.624000000000002	16.928	15.855999999999998
8.336	8.0	7.84	13.024000000000001	12.432	13.200000000000001	12.927999999999997	13.392	13.472000000000001	12.928	13.28	13.552	13.183999999999997	14.816000000000003	13.328	13.312	13.343999999999998	12.127999999999998	14.911999999999999	15.104	16.656	16.944	15.775999999999998	16.944	14.928	15.248	17.552	15.839999999999998	16.368	16.656	17.12	15.968	16.592	16.991999999999997	15.488	17.888	16.928	15.792000000000002	14.624000000000002	16.608	17.44
6.895999999999999	7.3919999999999995	7.808	7.776	14.016000000000002	13.2	12.208	13.456	13.151999999999997	13.584	13.983999999999998	13.615999999999998	12.335999999999999	12.48	11.792	13.823999999999998	12.704	14.224000000000002	15.311999999999998	16.656000000000002	15.808000000000003	16.528	15.056000000000001	16.224	17.823999999999998	17.040000000000003	17.472	15.584	16.608	19.312	17.696	18.224	18.272000000000002	16.832	16.176000000000002	16.752	18.0	16.880000000000003	15.792	18.0	18.48
8.4	8.416	8.256	8.256	12.783999999999999	13.727999999999998	13.871999999999998	13.536000000000001	11.92	12.608	12.032	14.352	12.831999999999999	12.431999999999999	12.288	14.064	13.344000000000001	14.608	14.064	12.64	14.639999999999997	16.112000000000002	15.904	17.616	17.44	15.808	16.4	15.456	17.328000000000003	14.879999999999999	17.183999999999997	16.864	16.560000000000002	17.456	18.992	17.264000000000003	14.832	17.04	17.856	15.376000000000001	17.2
7.904	8.88	8.479999999999999	9.536	8.16	13.616	13.872	14.24	14.352	12.751999999999999	12.928	14.32	11.648000000000001	13.184	13.952000000000002	14.032	12.943999999999999	13.791999999999998	17.28	15.823999999999998	15.855999999999998	15.888000000000002	18.112000000000002	17.904	17.424	16.944	17.632	16.0	14.976	16.8	17.168	16.208000000000002	16.080000000000002	15.296	17.344	15.168	15.248000000000001	16.048000000000002	16.672	15.584	19.328000000000003
8.943999999999999	8.016	8.959999999999999	8.336	7.696	13.12	14.399999999999999	13.983999999999998	13.615999999999998	13.248000000000001	14.240000000000002	14.0	12.815999999999999	15.568000000000001	14.511999999999997	11.968	15.824	15.232	15.136	15.104000000000003	14.559999999999999	15.408000000000001	17.376	18.72	17.328	16.32	15.920000000000002	15.759999999999998	14.8	15.839999999999998	16.032	17.152	16.912	18.0	17.472	17.52	16.928	17.488000000000003	16.88	17.088	16.768
7.3919999999999995	7.264000000000001	7.728	7.824	6.944	8.256	14.624000000000002	12.368	13.791999999999998	13.184	12.576	14.16	13.488	12.24	13.055999999999997	14.303999999999998	13.872	13.760000000000002	14.111999999999998	14.959999999999997	14.287999999999997	16.352	15.968	17.567999999999998	16.128	17.808	15.264	14.751999999999997	16.256	17.2	17.264	14.495999999999999	14.959999999999999	15.632	16.256000000000004	17.904	15.824	18.112000000000002	17.232	17.216	17.040000000000003
7.744	8.048	7.488000000000001	6.912	7.728	8.32	13.456	12.959999999999997	12.992	13.584	12.752	13.184000000000001	11.984	13.200000000000001	14.768	16.192	14.384	13.440000000000001	15.568000000000001	14.271999999999998	14.607999999999997	15.983999999999998	18.976000000000003	16.592	16.192	14.928	15.104	14.576	18.464	16.976	17.6	15.216000000000001	17.040000000000003	16.064	16.672	16.016	16.560000000000002	17.536	14.736	17.632	15.84
8.224	8.288	7.872000000000001	8.416	8.72	8.159999999999998	8.975999999999999	12.544	12.911999999999999	14.367999999999999	12.48	12.751999999999999	13.712	12.752	11.856000000000002	12.72	15.247999999999998	13.727999999999998	16.288	14.896000000000003	14.192	16.528	16.608	18.304	15.919999999999998	17.504	15.983999999999998	16.927999999999997	16.112000000000002	17.296	16.32	16.912	18.799999999999997	16.816	15.616	18.192	18.000000000000004	18.272	18.768	17.776000000000003	16.496000000000002
7.616	7.136000000000001	7.6	7.824	8.416	8.56	8.399999999999999	13.472000000000001	11.952	12.431999999999999	12.815999999999999	12.976	12.656	12.72	14.143999999999998	15.744	14.624000000000002	13.04	14.976000000000003	15.120000000000001	14.144000000000002	16.416	16.416	14.832000000000003	18.272	18.128	17.567999999999998	19.488	20.144000000000002	15.936	17.312	18.016	15.36	17.552	15.872	14.528000000000002	15.344	17.408	18.944	15.232000000000001	18.192
7.68	8.975999999999999	7.984	8.176	8.544	8.511999999999999	7.040000000000001	8.752	12.208	13.088	13.824000000000002	12.431999999999999	13.695999999999998	13.328	14.688000000000002	15.232	15.552	15.792	13.696000000000002	15.072	14.96	17.408	15.2	16.848	15.408000000000001	18.896	16.928	15.536	14.16	17.904	17.472	15.328	17.76	16.768	18.368000000000002	18.144	16.927999999999997	17.248	17.312	16.48	15.68
7.792	8.927999999999999	9.04	7.968	8.831999999999999	7.808	7.151999999999999	7.872	12.512	12.111999999999998	11.967999999999998	12.687999999999999	13.344000000000001	15.184000000000001	13.648000000000001	15.392	14.303999999999998	14.416	14.224	14.688	16.416	15.264	15.92	16.288	13.664	17.872	17.376	17.088	14.72	15.376000000000001	17.36	16.608	16.176000000000002	15.696000000000002	18.016000000000002	18.176	16.192	16.224	18.400000000000002	16.384	16.64
8.048	7.152	7.584	7.152	8.768	8.336	7.664	8.656	8.928	13.856000000000002	12.847999999999999	11.248000000000001	13.056000000000001	13.807999999999998	16.8	13.584	15.312	13.648	15.935999999999996	15.887999999999998	14.927999999999997	16.336	17.488	16.272	17.535999999999998	16.496000000000002	15.727999999999998	17.04	16.496000000000002	18.16	17.728	17.04	17.008	17.456	16.016	20.08	16.24	15.328	18.304000000000002	15.376000000000001	16.608
7.5200000000000005	9.296	9.072	8.495999999999999	8.192	8.0	7.856	8.96	8.272	13.392	13.84	12.912	14.8	14.928	13.056000000000001	13.952	14.655999999999999	14.464	14.208000000000002	14.56	15.935999999999996	15.952000000000002	14.975999999999999	16.176	16.88	16.832	16.144	17.631999999999998	18.128	15.151999999999997	16.4	13.936	15.696000000000002	16.832	15.824	15.536000000000001	15.920000000000002	17.392	19.568	16.784	16.272000000000002
8.304	7.824000000000001	8.624	7.935999999999999	7.856000000000001	7.44	7.68	8.672	7.808	8.336	14.912	14.432000000000002	14.399999999999999	15.424	15.968	15.904	15.280000000000001	13.872	14.192	14.495999999999999	16.735999999999997	16.272	16.944	16.240000000000002	15.408	16.128	17.184	16.576	15.951999999999998	15.296000000000003	16.704	17.12	17.279999999999998	15.472000000000001	15.808	17.744	15.487999999999998	14.192	18.096	15.983999999999998	17.168
8.464	7.76	6.928000000000001	8.416	8.176	7.632	8.815999999999999	7.856	8.32	9.856	13.743999999999998	15.504	15.056	14.384	13.744	14.288	15.024	13.408000000000001	14.128	15.136	13.744	15.632000000000001	17.344	16.736	15.712	17.728	16.304	14.687999999999999	15.216000000000001	15.104	17.776	16.464000000000002	18.864	16.208	18.432	16.384000000000004	18.112	18.64	15.616	16.112	14.624
8.079999999999998	8.848	7.904	7.648	8.864	8.16	7.119999999999999	8.064	8.144	8.416	8.24	15.808	15.52	15.296	13.392	14.080000000000002	13.520000000000001	12.335999999999999	14.704	14.864	15.056000000000001	15.376	18.240000000000002	17.648	15.376000000000001	17.44	15.28	16.032	17.552	16.752000000000002	18.0	14.511999999999999	17.088	16.304000000000002	16.528	17.504	16.624000000000002	16.816	15.760000000000002	16.448	16.912
7.872	8.352	7.952	7.76	8.0	8.831999999999999	8.336	9.056	7.712	7.6	7.728	13.296	16.304000000000002	14.927999999999997	14.304	13.856000000000002	15.136	16.384	12.768	14.335999999999999	15.328	18.560000000000002	16.944	16.208	16.24	15.552	17.424	15.824000000000002	15.919999999999998	17.584	16.784	17.36	16.768	17.312	15.968000000000004	16.688000000000002	17.872	16.304	15.632000000000001	19.264000000000003	15.712000000000002
7.776	8.08	8.783999999999999	7.808	7.776	7.584	8.896	8.416	9.168	8.607999999999999	7.28	9.040000000000001	13.056000000000001	13.904	14.239999999999998	13.696000000000002	16.752	15.568000000000001	14.656000000000002	15.280000000000001	14.271999999999998	16.464000000000002	15.184000000000001	17.488	16.48	15.744000000000002	17.216	14.24	17.744	14.928	17.552	15.584	17.232	16.752	16.048	17.536	16.32	14.224	16.688	16.592	17.855999999999998
7.536	8.096	7.776	8.208	7.023999999999999	7.952	7.92	7.776	7.4239999999999995	7.76	8.416	8.624	15.312000000000001	14.576	13.776	13.76	15.759999999999998	16.24	13.232	14.896	12.575999999999999	18.368000000000002	17.392000000000003	14.592	14.16	17.567999999999998	16.832	14.576	16.384	15.775999999999998	17.087999999999997	16.64	16.576	18.064	16.32	17.328	15.44	18.048000000000002	16.799999999999997	17.52	16.832
8.703999999999999	9.776	7.712	8.592	8.64	8.192	8.752	8.416	7.5680000000000005	7.968	9.2	7.263999999999999	8.576	14.016000000000002	14.432	15.295999999999998	16.08	14.688000000000002	16.24	15.040000000000001	14.767999999999999	17.136	15.600000000000001	18.224	15.600000000000001	15.984000000000002	17.104000000000003	18.272	16.080000000000002	17.024000000000004	16.832	14.896	16.144	16.656	18.544	17.472	16.224	16.991999999999997	16.592	15.456	14.543999999999999
8.352	8.112	8.224	8.192	8.912	7.167999999999999	8.543999999999999	8.16	8.511999999999999	9.376	7.584	8.464	8.415999999999999	14.911999999999999	13.599999999999998	13.152000000000001	15.824	14.272	14.208000000000002	15.456	14.576	17.151999999999997	17.584	15.664000000000001	14.96	17.024	15.648	17.264000000000003	18.032	17.36	16.64	14.768	14.687999999999999	17.855999999999998	16.880000000000003	19.695999999999998	17.12	17.856	16.352	19.008	16.944
8.016	7.088	7.52	8.384	8.016	8.288	8.047999999999998	8.976	9.136	8.032	8.208	7.12	8.943999999999999	7.968	14.928	15.759999999999998	14.432000000000002	14.0	14.752	15.104	14.176000000000002	16.832	17.232	18.799999999999997	17.36	16.112	16.192	16.592	18.032	17.776000000000003	16.240000000000002	16.928	17.008	18.72	17.616	17.408	16.176000000000002	17.264	16.991999999999997	16.304000000000002	17.296
7.76	7.488	8.768	8.272	8.032	7.792	7.4079999999999995	8.576	7.712	7.264	7.68	8.256	8.863999999999999	7.968	14.144000000000002	14.336	16.576	13.328000000000001	14.704	14.559999999999999	13.824000000000002	17.776	17.408	18.864	16.272	18.816	15.328	15.040000000000003	16.512	17.504	18.608	16.992	17.872	18.544	18.319999999999997	17.504	15.712	15.328	16.256	16.496	17.376000000000005
8.304	8.416	8.032	8.639999999999999	7.856	7.952	8.72	8.528	7.984	8.304	8.191999999999998	8.799999999999999	8.56	8.016000000000002	8.639999999999999	14.848000000000003	16.256	14.431999999999999	15.136	14.015999999999998	14.224	16.080000000000002	15.727999999999998	15.136	17.264	16.48	15.120000000000001	16.224	15.856	17.056	14.703999999999997	16.848	16.96	17.408	16.768	14.719999999999999	18.912	17.312	16.72	15.760000000000002	17.44
9.056	8.064	8.512	7.968	7.472	6.863999999999999	7.584	8.735999999999999	7.072000000000001	7.04	7.311999999999999	8.288	8.703999999999999	7.856	7.5200000000000005	13.36	14.096	15.280000000000001	14.288	13.584	13.872	15.823999999999998	16.912	15.215999999999998	17.536	14.687999999999999	15.760000000000002	16.48	16.96	20.064	17.616	17.616	16.512	16.368	17.552000000000003	16.304	17.488	18.0	17.728	17.92	17.312
7.279999999999999	8.24	8.384	8.448	7.744	8.464	7.792	8.016	8.256	8.272	8.048	7.584	7.968	8.256	8.464	8.24	14.0	16.928	13.728	15.568	13.616	17.488	17.824	17.04	15.471999999999998	15.552	15.231999999999998	18.048000000000002	17.552000000000003	15.439999999999998	17.552	17.952	17.84	16.896	16.704	17.087999999999997	17.104000000000003	16.240000000000002	17.232000000000003	17.024	16.944
7.92	8.144	8.399999999999999	7.4239999999999995	8.352	8.624	7.776	6.943999999999999	8.895999999999999	7.536	7.5040000000000004	8.288	8.351999999999999	7.872	8.048	7.936	14.879999999999999	14.768	14.943999999999999	13.759999999999998	16.464000000000002	15.664	16.0	18.512	17.52	19.76	18.288	17.168	15.567999999999998	20.400000000000002	16.304000000000002	17.488000000000003	18.48	18.512	16.384	14.847999999999999	18.048000000000002	18.336	16.56	15.552	17.248
7.776	8.288	7.04	8.528	8.703999999999999	8.479999999999999	7.136000000000001	7.92	7.648	8.448	7.472000000000001	7.968	7.792000000000001	7.568	7.199999999999999	8.08	8.464	14.704	15.408000000000001	16.08	16.144000000000002	16.863999999999997	15.344000000000001	17.664	15.584000000000001	18.272000000000002	15.712000000000002	16.512	16.704	15.632000000000001	16.992	16.768	15.823999999999998	15.616000000000003	15.823999999999998	17.312	16.08	18.64	15.216	15.888000000000002	17.744000000000003
7.648	8.144	7.76	8.815999999999999	6.656000000000001	9.088	9.024000000000001	9.232	8.304	7.856	8.032	8.528	7.936	8.432	7.872	8.48	8.464	16.352	13.36	14.335999999999999	16.432000000000002	16.656	16.88	17.744	18.032000000000004	17.312	16.8	15.008	17.008	15.696000000000002	14.959999999999997	16.08	17.552	17.008000000000003	16.32	16.704	17.872000000000003	15.104	17.472	16.56	14.128000000000002
8.128	7.744	7.007999999999999	7.904	8.32	7.968	7.344	7.5360000000000005	7.824	8.224	8.352	7.4879999999999995	7.3919999999999995	7.856	8.815999999999999	7.568	8.144	7.872	15.376000000000001	16.928	14.8	15.663999999999998	16.944	17.712	18.512	17.664	16.448	17.456	17.152	15.871999999999998	14.991999999999999	16.016	18.4	16.72	16.736	15.552000000000003	16.672	16.576	17.664	15.36	18.8
8.688	7.92	7.44	8.735999999999999	7.728	7.76	9.392	7.295999999999999	8.208	7.968	7.648	7.744	7.632	8.176	7.088	7.584	7.68	8.784	15.392	14.064	12.784	18.16	15.983999999999998	13.952000000000002	15.936	16.032	18.832	18.608	17.552	16.544	15.504000000000001	15.855999999999998	16.528	16.736	15.631999999999998	17.184	16.112	19.951999999999998	17.264	15.391999999999998	16.384
9.024000000000001	7.856	9.488	9.792	8.16	9.168	8.256	7.84	8.016	8.272	8.368	8.271999999999998	7.808	7.92	8.352	7.6	7.904	8.656	8.96	14.112000000000002	14.175999999999998	16.544	15.919999999999998	16.224	16.16	17.024	18.128	17.567999999999998	17.552	16.48	16.976	16.768	16.192	16.544	16.832	15.504	18.064	18.816	18.048	16.736	15.984
7.760000000000001	8.511999999999999	7.616	7.984	8.48	7.008	7.872	8.304	7.4079999999999995	7.664	8.752	7.456	8.288	8.879999999999999	8.672	7.6	8.128	7.904	8.176	16.863999999999997	15.728	15.728000000000002	14.399999999999999	15.343999999999998	15.008	15.440000000000001	15.888	16.448	18.512	18.032	16.448	17.232	18.656	15.632	16.384	16.607999999999997	17.248	15.136	16.992	16.368	18.864
8.464	8.224	7.92	8.032	7.7280000000000015	8.176	7.536	8.08	8.288	8.112	7.888	8.192	7.808	7.52	7.136	7.68	7.776	7.247999999999999	7.536	8.064	15.328	18.0	15.072	17.503999999999998	15.664	14.896	15.008	15.728000000000002	17.84	18.128	16.448	16.560000000000002	17.744	15.968	17.28	16.912	18.8	16.8	17.632	14.8	17.248
7.968	8.672	9.232	7.6800000000000015	8.879999999999999	8.0	7.4079999999999995	8.304	8.208	7.632000000000001	8.4	8.256	8.608	7.648	8.928	8.815999999999999	7.584	8.256	8.368	7.92	14.271999999999998	17.823999999999998	19.056	18.704	17.200000000000003	16.032	16.752	17.024	18.528	15.168	17.136	14.688	15.552	16.048	17.392	18.656	16.32	16.96	18.512	16.96	14.751999999999999
8.256	8.128	7.952	8.528	8.64	7.872	8.56	7.5200000000000005	8.912	8.544	8.432	7.536	8.496	8.656	7.648	8.256	7.968	7.872	8.208	7.936	8.816	16.496	18.016	17.968000000000004	16.432000000000002	17.104	17.328	18.240000000000002	17.584000000000003	16.528000000000002	15.728000000000002	15.376000000000001	16.064	16.928	16.224	15.92	16.464	15.68	17.408	17.12	16.784
