0.000283203125	0.0003125	0.00029296875	0.000302734375	0.00041015625	0.000322265625	0.000322265625	0.0003515625	0.00037109375	0.00033203125	0.000390625	0.00037109375	0.0005078125	0.000380859375	0.0008203125	0.001083984375	0.001083984375	0.001328125	0.00529296875	0.003671875	0.00412109375	0.360068359375	0.361533203125	0.398359375	0.39818359375	0.397080078125	0.398349609375	0.396337890625	0.39912109375	0.399501953125	0.395966796875	0.39662109375	0.3917578125	0.40177734375	0.396083984375	0.400361328125	0.398623046875	0.394951171875	0.395380859375	0.39849609375	0.396826171875
0.0003515625	0.000390625	0.000380859375	0.000263671875	0.000400390625	0.000419921875	0.000390625	0.000390625	0.00048828125	0.000380859375	0.000458984375	0.000439453125	0.0005078125	0.00033203125	0.000771484375	0.00083984375	0.001337890625	0.004228515625	0.00435546875	0.004375	0.35099609375	0.34826171875	0.35892578125	0.395859375	0.395771484375	0.39755859375	0.3966015625	0.396259765625	0.39583984375	0.399931640625	0.395537109375	0.400078125	0.39775390625	0.40044921875	0.39921875	0.394453125	0.397841796875	0.395458984375	0.395078125	0.397236328125	0.399404296875
0.000341796875	0.00029296875	0.0003125	0.000400390625	0.000205078125	0.000341796875	0.000361328125	0.00029296875	0.00041015625	0.000419921875	0.000478515625	0.000390625	0.000458984375	0.00056640625	0.000927734375	0.000927734375	0.001552734375	0.002763671875	0.004580078125	0.3059375	0.35673828125	0.361171875	0.39765625	0.392568359375	0.395927734375	0.395927734375	0.39623046875	0.3970703125	0.399111328125	0.39767578125	0.393427734375	0.3964453125	0.396650390625	0.39896484375	0.3929296875	0.399423828125	0.3983203125	0.40076171875	0.394443359375	0.39861328125	0.398759765625
0.000361328125	0.00025390625	0.0002734375	0.00025390625	0.000361328125	0.00033203125	0.000302734375	0.00044921875	0.000390625	0.000458984375	0.000380859375	0.0004296875	0.000419921875	0.000966796875	0.001025390625	0.00126953125	0.00263671875	0.004560546875	0.00412109375	0.345869140625	0.363154296875	0.35625	0.39732421875	0.39638671875	0.393916015625	0.395009765625	0.39005859375	0.39564453125	0.39998046875	0.399140625	0.398447265625	0.398955078125	0.398662109375	0.398828125	0.3961328125	0.395234375	0.4003515625	0.397431640625	0.398173828125	0.397880859375	0.397685546875
0.000390625	0.0003515625	0.000361328125	0.0003125	0.0001953125	0.000322265625	0.000283203125	0.000400390625	0.000380859375	0.00046875	0.0003515625	0.0003125	0.000380859375	0.0009375	0.00095703125	0.00154296875	0.003662109375	0.0041796875	0.00408203125	0.353125	0.357998046875	0.394833984375	0.40005859375	0.39505859375	0.400791015625	0.4023828125	0.394970703125	0.3900390625	0.3969140625	0.392919921875	0.395078125	0.4008203125	0.395859375	0.396865234375	0.39541015625	0.398935546875	0.394970703125	0.399150390625	0.395078125	0.39578125	0.392666015625
0.0003515625	0.00029296875	0.000302734375	0.0002734375	0.000400390625	0.000380859375	0.000341796875	0.000400390625	0.000341796875	0.000419921875	0.0004296875	0.000517578125	0.000439453125	0.000791015625	0.0009765625	0.00126953125	0.004248046875	0.0040234375	0.3456640625	0.35279296875	0.353681640625	0.3969921875	0.3956640625	0.3994140625	0.399052734375	0.393056640625	0.392822265625	0.397236328125	0.39310546875	0.398408203125	0.39658203125	0.395673828125	0.39625	0.397978515625	0.399716796875	0.39294921875	0.400498046875	0.397607421875	0.39951171875	0.397275390625	0.394228515625
0.000458984375	0.000322265625	0.0002734375	0.000380859375	0.000341796875	0.000361328125	0.000302734375	0.0003515625	0.000439453125	0.0003515625	0.000400390625	0.000419921875	0.000517578125	0.000751953125	0.001376953125	0.0022265625	0.003701171875	0.004052734375	0.357158203125	0.35595703125	0.392509765625	0.4009375	0.397880859375	0.395078125	0.39623046875	0.3973828125	0.39666015625	0.396572265625	0.399072265625	0.396640625	0.398623046875	0.40123046875	0.401591796875	0.403212890625	0.396044921875	0.39849609375	0.396220703125	0.401689453125	0.39744140625	0.39501953125	0.3936328125
0.00033203125	0.000283203125	0.000380859375	0.000322265625	0.00025390625	0.0002734375	0.000439453125	0.00037109375	0.000419921875	0.00033203125	0.00037109375	0.000498046875	0.000654296875	0.000859375	0.0011328125	0.0027734375	0.003154296875	0.351865234375	0.350009765625	0.394296875	0.4015625	0.400029296875	0.395205078125	0.40025390625	0.3986328125	0.402666015625	0.4046875	0.395625	0.397529296875	0.396064453125	0.396767578125	0.399169921875	0.398955078125	0.396640625	0.398603515625	0.3962890625	0.39904296875	0.400986328125	0.39333984375	0.39861328125	0.395185546875
0.000224609375	0.00033203125	0.00025390625	0.000283203125	0.000341796875	0.000283203125	0.000322265625	0.00037109375	0.000361328125	0.00037109375	0.00048828125	0.000498046875	0.000625	0.0008984375	0.00169921875	0.0034765625	0.00259765625	0.345	0.35234375	0.39732421875	0.398173828125	0.40078125	0.39736328125	0.39853515625	0.395986328125	0.395712890625	0.393232421875	0.399814453125	0.394609375	0.403173828125	0.397734375	0.3985546875	0.394970703125	0.398564453125	0.394287109375	0.402119140625	0.399189453125	0.39390625	0.3953515625	0.395185546875	0.39607421875
0.00033203125	0.000322265625	0.000390625	0.000341796875	0.0003125	0.000458984375	0.00033203125	0.00052734375	0.000498046875	0.000498046875	0.000439453125	0.00029296875	0.00091796875	0.001259765625	0.002109375	0.00380859375	0.34388671875	0.328291015625	0.39513671875	0.398525390625	0.400595703125	0.39521484375	0.400712890625	0.40373046875	0.39453125	0.4012109375	0.397060546875	0.39828125	0.39951171875	0.3948046875	0.40177734375	0.397119140625	0.4002734375	0.3954296875	0.39986328125	0.3997265625	0.3987109375	0.39748046875	0.398681640625	0.396904296875	0.399228515625
0.000380859375	0.00033203125	0.000263671875	0.00033203125	0.00025390625	0.0003125	0.000390625	0.0004296875	0.00037109375	0.00041015625	0.000322265625	0.0005859375	0.000751953125	0.001669921875	0.0019140625	0.004326171875	0.343994140625	0.347998046875	0.398046875	0.3964453125	0.400185546875	0.399775390625	0.3946484375	0.398193359375	0.398935546875	0.401748046875	0.396416015625	0.396513671875	0.39541015625	0.3935546875	0.39994140625	0.395224609375	0.397080078125	0.3959765625	0.398310546875	0.397568359375	0.401748046875	0.3967578125	0.39890625	0.399013671875	0.398251953125
0.0003125	0.000341796875	0.0002734375	0.0003515625	0.000341796875	0.0003515625	0.000400390625	0.0004296875	0.000439453125	0.00041015625	0.000537109375	0.000498046875	0.000859375	0.00193359375	0.002548828125	0.348095703125	0.342255859375	0.397373046875	0.401552734375	0.39775390625	0.39701171875	0.3987109375	0.401630859375	0.396748046875	0.396796875	0.39396484375	0.396171875	0.39619140625	0.4026171875	0.39927734375	0.4009765625	0.3933203125	0.39830078125	0.3996484375	0.399892578125	0.39642578125	0.398955078125	0.40029296875	0.39484375	0.396787109375	0.39798828125
0.000361328125	0.000341796875	0.00029296875	0.00025390625	0.000322265625	0.000283203125	0.000361328125	0.00041015625	0.000390625	0.000322265625	0.000537109375	0.000478515625	0.001337890625	0.002158203125	0.29990234375	0.349267578125	0.3976171875	0.400322265625	0.39712890625	0.397119140625	0.395087890625	0.3959375	0.399619140625	0.3976953125	0.40119140625	0.398681640625	0.396650390625	0.396962890625	0.398271484375	0.3975390625	0.3994140625	0.396611328125	0.399580078125	0.4002734375	0.391728515625	0.39685546875	0.3992578125	0.39498046875	0.3957421875	0.3991796875	0.3992578125
0.0003125	0.0003125	0.000322265625	0.000341796875	0.000224609375	0.000263671875	0.000341796875	0.0003125	0.000263671875	0.0004296875	0.000576171875	0.000380859375	0.00126953125	0.001513671875	0.33880859375	0.34162109375	0.399287109375	0.402783203125	0.397314453125	0.399638671875	0.395703125	0.39740234375	0.3998828125	0.39802734375	0.3926171875	0.40017578125	0.40017578125	0.397138671875	0.39625	0.39865234375	0.40068359375	0.39783203125	0.398359375	0.395439453125	0.39349609375	0.396611328125	0.398994140625	0.39650390625	0.3973046875	0.39767578125	0.39421875
0.000341796875	0.000341796875	0.00033203125	0.000322265625	0.000263671875	0.000302734375	0.0003125	0.0003125	0.00046875	0.0004296875	0.000537109375	0.0008203125	0.00177734375	0.00189453125	0.3195703125	0.3733984375	0.3975	0.39845703125	0.397998046875	0.39578125	0.39697265625	0.393349609375	0.39607421875	0.394921875	0.398046875	0.39609375	0.403466796875	0.394228515625	0.4001171875	0.393369140625	0.3996484375	0.39849609375	0.397255859375	0.391455078125	0.396103515625	0.40099609375	0.39814453125	0.3970703125	0.39341796875	0.400498046875	0.398125
0.000341796875	0.000341796875	0.000283203125	0.0003515625	0.000283203125	0.000380859375	0.00033203125	0.00037109375	0.0003515625	0.00044921875	0.000380859375	0.001123046875	0.001767578125	0.2809375	0.30001953125	0.3838671875	0.3975	0.3995703125	0.400595703125	0.39470703125	0.399755859375	0.393046875	0.396240234375	0.394306640625	0.398466796875	0.3978125	0.398369140625	0.396884765625	0.40208984375	0.3963671875	0.397109375	0.395	0.399189453125	0.401044921875	0.39287109375	0.39626953125	0.395615234375	0.39576171875	0.396689453125	0.401728515625	0.3967578125
0.000234375	0.000302734375	0.000263671875	0.000361328125	0.0002734375	0.000390625	0.0002734375	0.000390625	0.00037109375	0.000439453125	0.00044921875	0.00169921875	0.001689453125	0.27197265625	0.3503125	0.391650390625	0.386240234375	0.39681640625	0.398876953125	0.397509765625	0.394892578125	0.398125	0.3948828125	0.396396484375	0.396279296875	0.3993359375	0.405576171875	0.401103515625	0.39599609375	0.396201171875	0.399833984375	0.398095703125	0.3992578125	0.39587890625	0.3965234375	0.398291015625	0.395234375	0.39955078125	0.399228515625	0.39724609375	0.397958984375
0.0003125	0.000361328125	0.00025390625	0.000341796875	0.000302734375	0.0002734375	0.0003125	0.00044921875	0.000390625	0.000458984375	0.000859375	0.00134765625	0.206982421875	0.26396484375	0.34603515625	0.377744140625	0.39044921875	0.393828125	0.4010546875	0.395751953125	0.396376953125	0.397578125	0.39869140625	0.39568359375	0.39822265625	0.401259765625	0.392578125	0.399951171875	0.39712890625	0.39380859375	0.39669921875	0.399697265625	0.391865234375	0.398544921875	0.396796875	0.392646484375	0.40025390625	0.397998046875	0.39462890625	0.394189453125	0.398984375
0.00029296875	0.00037109375	0.0003125	0.000322265625	0.000302734375	0.000361328125	0.000234375	0.00046875	0.0003515625	0.00056640625	0.000859375	0.001484375	0.19037109375	0.30830078125	0.333828125	0.35251953125	0.39326171875	0.395966796875	0.395419921875	0.398046875	0.39849609375	0.397705078125	0.396708984375	0.39875	0.39509765625	0.394951171875	0.399033203125	0.39591796875	0.3976171875	0.3953125	0.3970703125	0.396650390625	0.396376953125	0.39638671875	0.3940234375	0.39578125	0.396435546875	0.395556640625	0.398759765625	0.396630859375	0.392646484375
0.000390625	0.0003515625	0.0002734375	0.000263671875	0.000283203125	0.000390625	0.00037109375	0.000390625	0.00037109375	0.000546875	0.000693359375	0.150185546875	0.19310546875	0.3022265625	0.335517578125	0.3491015625	0.375625	0.39517578125	0.393896484375	0.39421875	0.400390625	0.395849609375	0.39826171875	0.39443359375	0.398505859375	0.39564453125	0.398203125	0.401396484375	0.395224609375	0.400673828125	0.4006640625	0.40046875	0.396416015625	0.398369140625	0.393671875	0.397333984375	0.397861328125	0.394736328125	0.398623046875	0.396748046875	0.39775390625
0.00033203125	0.000302734375	0.00029296875	0.000322265625	0.00037109375	0.000322265625	0.0002734375	0.000439453125	0.000322265625	0.000546875	0.000830078125	0.146572265625	0.22482421875	0.260166015625	0.324990234375	0.34423828125	0.3500390625	0.386826171875	0.396865234375	0.393212890625	0.391884765625	0.398017578125	0.3940625	0.398955078125	0.39765625	0.39638671875	0.3993359375	0.39875	0.39771484375	0.394990234375	0.3951953125	0.39759765625	0.393359375	0.3983984375	0.40294921875	0.401708984375	0.398994140625	0.39701171875	0.396259765625	0.395341796875	0.3959765625
0.00037109375	0.0003125	0.000302734375	0.000283203125	0.0003515625	0.00041015625	0.000400390625	0.000322265625	0.00044921875	0.00064453125	0.10326171875	0.2004296875	0.23876953125	0.273974609375	0.309111328125	0.339365234375	0.346875	0.375986328125	0.391552734375	0.398232421875	0.39404296875	0.395263671875	0.399013671875	0.39904296875	0.402646484375	0.39568359375	0.40013671875	0.396767578125	0.39390625	0.399638671875	0.398310546875	0.391953125	0.3918359375	0.39900390625	0.389775390625	0.395048828125	0.39697265625	0.39669921875	0.397060546875	0.396396484375	0.399892578125
0.00041015625	0.000361328125	0.0002734375	0.000361328125	0.000322265625	0.0003125	0.00025390625	0.00041015625	0.000498046875	0.068994140625	0.089326171875	0.185302734375	0.224560546875	0.264609375	0.28984375	0.33505859375	0.352587890625	0.364931640625	0.38373046875	0.394755859375	0.393896484375	0.39525390625	0.393935546875	0.39509765625	0.40064453125	0.397294921875	0.3961328125	0.397744140625	0.3984765625	0.3983984375	0.397626953125	0.39494140625	0.397880859375	0.400283203125	0.395341796875	0.401845703125	0.398076171875	0.398046875	0.396728515625	0.398720703125	0.396591796875
0.000283203125	0.000283203125	0.000322265625	0.00037109375	0.0002734375	0.000283203125	0.000302734375	0.000498046875	0.0004296875	0.05185546875	0.126123046875	0.182724609375	0.231640625	0.262275390625	0.294453125	0.32392578125	0.3456640625	0.360517578125	0.368017578125	0.379833984375	0.394951171875	0.393671875	0.394873046875	0.3934765625	0.399541015625	0.395849609375	0.395302734375	0.39576171875	0.39646484375	0.39763671875	0.398701171875	0.3976953125	0.400830078125	0.39455078125	0.39888671875	0.39849609375	0.39857421875	0.39802734375	0.395556640625	0.399482421875	0.40080078125
0.00025390625	0.000361328125	0.00033203125	0.000390625	0.000341796875	0.00025390625	0.000263671875	0.000419921875	0.000673828125	0.034912109375	0.1395703125	0.187724609375	0.20271484375	0.26578125	0.284912109375	0.321806640625	0.3484375	0.356962890625	0.37302734375	0.380009765625	0.385908203125	0.39841796875	0.3923828125	0.397958984375	0.3951953125	0.395751953125	0.39873046875	0.40515625	0.397333984375	0.39947265625	0.400205078125	0.398828125	0.3969921875	0.401748046875	0.397900390625	0.39447265625	0.397080078125	0.39755859375	0.398701171875	0.397158203125	0.402431640625
0.000322265625	0.0003125	0.00029296875	0.000322265625	0.000322265625	0.000400390625	0.000341796875	0.0004296875	0.015078125	0.07626953125	0.124130859375	0.188916015625	0.2222265625	0.25435546875	0.282744140625	0.2954296875	0.33298828125	0.359990234375	0.368515625	0.38033203125	0.383876953125	0.39103515625	0.398720703125	0.394970703125	0.39607421875	0.393720703125	0.39416015625	0.394365234375	0.39365234375	0.396630859375	0.395537109375	0.4007421875	0.401025390625	0.395791015625	0.401689453125	0.398876953125	0.394814453125	0.39453125	0.396396484375	0.399599609375	0.395849609375
0.000400390625	0.000390625	0.0003125	0.0002734375	0.000302734375	0.000283203125	0.000380859375	0.002998046875	0.0303515625	0.09279296875	0.14205078125	0.190283203125	0.22697265625	0.227568359375	0.28998046875	0.297353515625	0.334814453125	0.34177734375	0.363515625	0.36943359375	0.38205078125	0.385419921875	0.39599609375	0.3927734375	0.39576171875	0.398779296875	0.39724609375	0.395888671875	0.398056640625	0.40361328125	0.3971875	0.396064453125	0.394365234375	0.3963671875	0.39671875	0.399423828125	0.39908203125	0.400263671875	0.39619140625	0.396220703125	0.397734375
0.0003125	0.000234375	0.00025390625	0.0003125	0.0003515625	0.000263671875	0.0003125	0.00646484375	0.029892578125	0.095458984375	0.139365234375	0.18919921875	0.22994140625	0.231806640625	0.2896875	0.293935546875	0.32916015625	0.3404296875	0.352548828125	0.370478515625	0.377880859375	0.3826953125	0.3880078125	0.391650390625	0.393974609375	0.39591796875	0.400673828125	0.39755859375	0.399267578125	0.398115234375	0.394404296875	0.39466796875	0.395869140625	0.393427734375	0.395673828125	0.39177734375	0.396982421875	0.395595703125	0.3945703125	0.399072265625	0.396865234375
0.000302734375	0.000390625	0.000322265625	0.000322265625	0.000283203125	0.0003515625	0.00033203125	0.007578125	0.03810546875	0.092060546875	0.141162109375	0.18884765625	0.229794921875	0.243671875	0.292236328125	0.301787109375	0.329951171875	0.344169921875	0.352275390625	0.369501953125	0.374140625	0.380126953125	0.38634765625	0.390009765625	0.397275390625	0.393408203125	0.39626953125	0.393232421875	0.39576171875	0.398388671875	0.39958984375	0.399892578125	0.397197265625	0.396279296875	0.39755859375	0.397275390625	0.395126953125	0.397275390625	0.395458984375	0.3946875	0.3975390625
0.000341796875	0.000380859375	0.00033203125	0.000283203125	0.0003125	0.00033203125	0.00091796875	0.015908203125	0.045068359375	0.109111328125	0.1464453125	0.187451171875	0.22560546875	0.242890625	0.270107421875	0.2978125	0.312705078125	0.32984375	0.34388671875	0.35880859375	0.37556640625	0.38029296875	0.384404296875	0.3862109375	0.389404296875	0.397314453125	0.39826171875	0.401142578125	0.3983984375	0.398740234375	0.396650390625	0.398125	0.3980859375	0.400908203125	0.39833984375	0.396123046875	0.396015625	0.40177734375	0.397109375	0.398203125	0.395771484375
0.00029296875	0.0003515625	0.00025390625	0.000302734375	0.000302734375	0.000322265625	0.0007421875	0.016845703125	0.041142578125	0.113916015625	0.117900390625	0.189765625	0.225078125	0.249970703125	0.2715234375	0.2834375	0.317841796875	0.3353125	0.3382421875	0.3579296875	0.35630859375	0.374453125	0.3844140625	0.388017578125	0.386923828125	0.389208984375	0.398798828125	0.39642578125	0.40041015625	0.394384765625	0.393515625	0.39646484375	0.398125	0.395693359375	0.398505859375	0.39580078125	0.397724609375	0.397119140625	0.3953125	0.398134765625	0.39650390625
0.00037109375	0.000341796875	0.00033203125	0.000341796875	0.00033203125	0.000390625	0.00095703125	0.0225390625	0.053095703125	0.125927734375	0.167939453125	0.194599609375	0.231923828125	0.24931640625	0.273388671875	0.29396484375	0.31791015625	0.323408203125	0.34181640625	0.351533203125	0.360927734375	0.377431640625	0.380625	0.381708984375	0.390693359375	0.392490234375	0.396787109375	0.3983984375	0.39123046875	0.392333984375	0.397763671875	0.3987109375	0.396943359375	0.398486328125	0.3985546875	0.3994140625	0.399609375	0.39837890625	0.396083984375	0.39693359375	0.394921875
0.000361328125	0.00025390625	0.00033203125	0.0003125	0.00033203125	0.00029296875	0.00169921875	0.046552734375	0.100546875	0.12189453125	0.16712890625	0.20291015625	0.214326171875	0.252734375	0.272939453125	0.293330078125	0.303642578125	0.325361328125	0.33951171875	0.34966796875	0.35904296875	0.367880859375	0.37859375	0.386171875	0.38275390625	0.385537109375	0.392177734375	0.39873046875	0.39599609375	0.39494140625	0.394658203125	0.392109375	0.396748046875	0.394775390625	0.398173828125	0.397998046875	0.39556640625	0.401904296875	0.401103515625	0.40251953125	0.395546875
0.00029296875	0.0002734375	0.00029296875	0.0004296875	0.000400390625	0.000400390625	0.0011328125	0.049541015625	0.10125	0.12890625	0.169931640625	0.20873046875	0.221484375	0.245419921875	0.271259765625	0.29232421875	0.300166015625	0.326962890625	0.3395703125	0.35416015625	0.3626171875	0.364384765625	0.378818359375	0.38294921875	0.384970703125	0.392021484375	0.3918359375	0.387392578125	0.394306640625	0.394609375	0.3944921875	0.394306640625	0.398876953125	0.392236328125	0.396669921875	0.39966796875	0.39853515625	0.4015625	0.399990234375	0.404296875	0.396279296875
0.0003125	0.000341796875	0.000361328125	0.000263671875	0.00025390625	0.000283203125	0.002138671875	0.058125	0.103896484375	0.154990234375	0.180205078125	0.199150390625	0.226376953125	0.246845703125	0.27029296875	0.293291015625	0.30109375	0.308251953125	0.338271484375	0.35072265625	0.350478515625	0.362978515625	0.364384765625	0.376796875	0.38537109375	0.389287109375	0.3893359375	0.39072265625	0.38666015625	0.39767578125	0.395966796875	0.395341796875	0.39767578125	0.39505859375	0.395263671875	0.40126953125	0.39328125	0.3980859375	0.397705078125	0.397919921875	0.398271484375
0.000244140625	0.000283203125	0.000283203125	0.000341796875	0.00033203125	0.00033203125	0.001884765625	0.0291796875	0.110712890625	0.15373046875	0.175869140625	0.202470703125	0.226201171875	0.2477734375	0.262958984375	0.28337890625	0.302470703125	0.309189453125	0.33294921875	0.34302734375	0.3448828125	0.34923828125	0.363046875	0.368876953125	0.37927734375	0.383271484375	0.387587890625	0.386572265625	0.382587890625	0.392314453125	0.398603515625	0.39494140625	0.39388671875	0.397958984375	0.39833984375	0.393447265625	0.393779296875	0.400361328125	0.39826171875	0.395947265625	0.395830078125
0.000283203125	0.00033203125	0.0003125	0.000380859375	0.00033203125	0.000361328125	0.000517578125	0.044755859375	0.13888671875	0.1718359375	0.18572265625	0.202685546875	0.2084375	0.250810546875	0.262685546875	0.287841796875	0.2991015625	0.30830078125	0.315791015625	0.343017578125	0.349052734375	0.353896484375	0.365625	0.37109375	0.369423828125	0.380498046875	0.38796875	0.387783203125	0.3896484375	0.39443359375	0.393251953125	0.399375	0.396806640625	0.39162109375	0.393349609375	0.396572265625	0.3994140625	0.395224609375	0.397119140625	0.393837890625	0.395224609375
0.000263671875	0.0003125	0.00033203125	0.00029296875	0.00029296875	0.000302734375	0.00052734375	0.04625	0.14203125	0.177744140625	0.1868359375	0.200263671875	0.212197265625	0.25076171875	0.2712890625	0.286279296875	0.301337890625	0.31103515625	0.3115625	0.330234375	0.345595703125	0.348388671875	0.358779296875	0.36576171875	0.367607421875	0.374619140625	0.383837890625	0.384931640625	0.38794921875	0.385625	0.3929296875	0.39251953125	0.39400390625	0.399365234375	0.3938671875	0.39330078125	0.39771484375	0.397119140625	0.398212890625	0.398291015625	0.39484375
0.000322265625	0.000380859375	0.0002734375	0.00029296875	0.0002734375	0.00041015625	0.000673828125	0.052353515625	0.1486328125	0.18025390625	0.1882421875	0.198388671875	0.21140625	0.23287109375	0.269111328125	0.275439453125	0.296689453125	0.31421875	0.31267578125	0.332021484375	0.34826171875	0.34912109375	0.355224609375	0.363701171875	0.36830078125	0.370224609375	0.389287109375	0.387568359375	0.3841796875	0.386337890625	0.38568359375	0.390849609375	0.39857421875	0.396630859375	0.394501953125	0.3941796875	0.396015625	0.39943359375	0.39634765625	0.39572265625	0.402890625
0.00037109375	0.000361328125	0.000302734375	0.000302734375	0.000390625	0.000380859375	0.00123046875	0.0902734375	0.15240234375	0.182392578125	0.18779296875	0.18994140625	0.2139453125	0.2096484375	0.2752734375	0.281240234375	0.29638671875	0.31029296875	0.3113671875	0.309580078125	0.34552734375	0.348154296875	0.350146484375	0.35759765625	0.367080078125	0.3721875	0.36533203125	0.38564453125	0.38484375	0.38345703125	0.38654296875	0.38484375	0.39296875	0.39427734375	0.396953125	0.395595703125	0.3967578125	0.396416015625	0.39908203125	0.39650390625	0.40029296875
0.000244140625	0.000263671875	0.00029296875	0.00037109375	0.00037109375	0.00029296875	0.00142578125	0.122333984375	0.1228125	0.18083984375	0.181279296875	0.190234375	0.2148046875	0.21392578125	0.27533203125	0.27357421875	0.278623046875	0.300146484375	0.315078125	0.311396484375	0.314169921875	0.351171875	0.352412109375	0.355263671875	0.353935546875	0.37162109375	0.370693359375	0.381923828125	0.384873046875	0.3843359375	0.385439453125	0.387705078125	0.387119140625	0.395087890625	0.394404296875	0.396787109375	0.3908203125	0.392421875	0.394482421875	0.396044921875	0.398115234375
