0.0009765625	0.00099609375	0.00099609375	0.000986328125	0.001015625	0.001025390625	0.001064453125	0.00123046875	0.001171875	0.001162109375	0.001201171875	0.0013671875	0.00142578125	0.001357421875	0.002080078125	0.002412109375	0.00232421875	0.003671875	0.014833984375	0.01880859375	0.015322265625	0.93470703125	0.9346875	0.99400390625	0.9930078125	0.993740234375	0.99384765625	0.994111328125	0.99408203125	0.993837890625	0.99310546875	0.994365234375	0.993525390625	0.99384765625	0.993642578125	0.993916015625	0.993486328125	0.993974609375	0.994990234375	0.993779296875	0.99369140625
0.0009765625	0.000986328125	0.000986328125	0.001025390625	0.00099609375	0.00103515625	0.00099609375	0.001201171875	0.001142578125	0.001181640625	0.001240234375	0.0012890625	0.00142578125	0.001279296875	0.001845703125	0.0023828125	0.00375	0.01189453125	0.01380859375	0.021611328125	0.930673828125	0.94048828125	0.937861328125	0.99330078125	0.993818359375	0.99458984375	0.99375	0.99369140625	0.993427734375	0.9941796875	0.993828125	0.992822265625	0.99439453125	0.99361328125	0.993740234375	0.99306640625	0.994228515625	0.9936328125	0.9941796875	0.99341796875	0.993955078125
0.0009765625	0.001005859375	0.000986328125	0.001005859375	0.001005859375	0.00103515625	0.00103515625	0.00111328125	0.001201171875	0.00125	0.001298828125	0.001240234375	0.001279296875	0.001552734375	0.002197265625	0.002109375	0.003896484375	0.008056640625	0.017890625	0.86947265625	0.9483984375	0.94736328125	0.992666015625	0.9931640625	0.994033203125	0.993623046875	0.993671875	0.994560546875	0.993779296875	0.994345703125	0.993359375	0.9932421875	0.994013671875	0.9935546875	0.993251953125	0.993427734375	0.9937890625	0.993662109375	0.99400390625	0.9946875	0.99390625
0.0009765625	0.000986328125	0.000986328125	0.00099609375	0.001025390625	0.00099609375	0.00103515625	0.00115234375	0.00119140625	0.001298828125	0.001201171875	0.001259765625	0.0012109375	0.00232421875	0.00228515625	0.00271484375	0.007587890625	0.01060546875	0.022509765625	0.88701171875	0.93466796875	0.939462890625	0.99435546875	0.99328125	0.993837890625	0.992919921875	0.994140625	0.993935546875	0.9935546875	0.994736328125	0.993349609375	0.99353515625	0.992939453125	0.994521484375	0.993203125	0.994814453125	0.994052734375	0.994453125	0.994287109375	0.994052734375	0.993447265625
0.0009765625	0.001005859375	0.001005859375	0.001005859375	0.001025390625	0.001015625	0.001044921875	0.00107421875	0.0012109375	0.001201171875	0.00119140625	0.00125	0.00134765625	0.002099609375	0.00232421875	0.00283203125	0.005205078125	0.0126171875	0.01818359375	0.933369140625	0.940966796875	0.993330078125	0.9936328125	0.993916015625	0.994111328125	0.9935546875	0.9948046875	0.994677734375	0.993359375	0.993193359375	0.9935546875	0.993759765625	0.993076171875	0.994580078125	0.994296875	0.99462890625	0.994072265625	0.994072265625	0.9941015625	0.9940234375	0.994091796875
0.0009765625	0.00099609375	0.001005859375	0.001025390625	0.00103515625	0.000986328125	0.001083984375	0.001064453125	0.00111328125	0.001171875	0.0012109375	0.00115234375	0.00146484375	0.0020703125	0.002421875	0.003466796875	0.007177734375	0.008984375	0.917587890625	0.93728515625	0.94890625	0.99345703125	0.994912109375	0.993828125	0.993857421875	0.993564453125	0.993095703125	0.99345703125	0.992998046875	0.994111328125	0.993955078125	0.99373046875	0.994580078125	0.99423828125	0.993466796875	0.99375	0.993212890625	0.994052734375	0.99423828125	0.993310546875	0.99380859375
0.0009765625	0.00099609375	0.001015625	0.00099609375	0.001044921875	0.001005859375	0.001025390625	0.00115234375	0.00119140625	0.001240234375	0.001240234375	0.00125	0.001259765625	0.002265625	0.003154296875	0.00541015625	0.008740234375	0.011591796875	0.926142578125	0.944765625	0.99330078125	0.993984375	0.99431640625	0.99306640625	0.9929296875	0.99306640625	0.993876953125	0.993994140625	0.993984375	0.993955078125	0.9933984375	0.99380859375	0.99306640625	0.99390625	0.993994140625	0.994462890625	0.992646484375	0.99470703125	0.993798828125	0.99373046875	0.993544921875
0.0009765625	0.0009765625	0.001015625	0.000986328125	0.001064453125	0.001015625	0.001103515625	0.001142578125	0.00119140625	0.001220703125	0.00125	0.00162109375	0.001435546875	0.002470703125	0.003125	0.007724609375	0.0076953125	0.877666015625	0.93642578125	0.993203125	0.9933984375	0.9933203125	0.994326171875	0.993515625	0.994296875	0.993759765625	0.994013671875	0.993779296875	0.993466796875	0.994267578125	0.994140625	0.99404296875	0.994111328125	0.993837890625	0.993720703125	0.993759765625	0.9948828125	0.99369140625	0.993583984375	0.99330078125	0.994248046875
0.0009765625	0.0009765625	0.001015625	0.001005859375	0.001015625	0.001005859375	0.0010546875	0.001201171875	0.001259765625	0.00123046875	0.00126953125	0.00142578125	0.001552734375	0.002294921875	0.006015625	0.007236328125	0.01060546875	0.916630859375	0.931767578125	0.99333984375	0.99408203125	0.994052734375	0.994033203125	0.9936328125	0.99369140625	0.993759765625	0.994091796875	0.99431640625	0.9937890625	0.99244140625	0.993798828125	0.99396484375	0.993583984375	0.993583984375	0.994365234375	0.993720703125	0.992890625	0.994013671875	0.994541015625	0.993896484375	0.993115234375
0.0009765625	0.0009765625	0.001005859375	0.000986328125	0.000986328125	0.001005859375	0.00103515625	0.00119140625	0.0012109375	0.001201171875	0.0012890625	0.001630859375	0.002255859375	0.00234375	0.004619140625	0.009453125	0.908310546875	0.921435546875	0.993017578125	0.99388671875	0.993486328125	0.99357421875	0.99359375	0.99375	0.99373046875	0.993388671875	0.99384765625	0.99416015625	0.994462890625	0.993232421875	0.99423828125	0.99365234375	0.993837890625	0.99337890625	0.99392578125	0.993603515625	0.99376953125	0.994091796875	0.993212890625	0.99388671875	0.994150390625
0.0009765625	0.0009765625	0.001005859375	0.001005859375	0.00103515625	0.00103515625	0.001044921875	0.00119140625	0.001181640625	0.001298828125	0.001240234375	0.001494140625	0.0022265625	0.00412109375	0.0052734375	0.009384765625	0.881982421875	0.933916015625	0.992919921875	0.993359375	0.993984375	0.9935546875	0.99404296875	0.994130859375	0.995048828125	0.99388671875	0.994150390625	0.994462890625	0.993935546875	0.99322265625	0.994326171875	0.994091796875	0.993828125	0.994375	0.993935546875	0.993046875	0.994052734375	0.993486328125	0.99359375	0.994267578125	0.9931640625
0.0009765625	0.0009765625	0.001025390625	0.001025390625	0.00099609375	0.00099609375	0.00107421875	0.001142578125	0.001220703125	0.001240234375	0.00154296875	0.001337890625	0.00267578125	0.005517578125	0.00599609375	0.912919921875	0.84138671875	0.99193359375	0.993330078125	0.994033203125	0.994033203125	0.99384765625	0.993740234375	0.9933984375	0.993115234375	0.99392578125	0.99474609375	0.99359375	0.994111328125	0.99357421875	0.993037109375	0.99384765625	0.993798828125	0.9929296875	0.994501953125	0.9938671875	0.993720703125	0.99294921875	0.99328125	0.99333984375	0.993515625
0.0009765625	0.0009765625	0.001015625	0.0009765625	0.001044921875	0.001025390625	0.00103515625	0.00123046875	0.00115234375	0.001201171875	0.0013671875	0.00138671875	0.002802734375	0.004150390625	0.830185546875	0.910244140625	0.991650390625	0.994013671875	0.994365234375	0.994189453125	0.99439453125	0.993974609375	0.99359375	0.994189453125	0.9942578125	0.9945703125	0.994287109375	0.993564453125	0.993798828125	0.9939453125	0.99322265625	0.9935546875	0.99376953125	0.9941796875	0.993515625	0.99302734375	0.993671875	0.99384765625	0.993955078125	0.993623046875	0.993818359375
0.0009765625	0.0009765625	0.000986328125	0.001025390625	0.0010546875	0.001005859375	0.001025390625	0.00115234375	0.001142578125	0.001396484375	0.001455078125	0.001875	0.00333984375	0.004111328125	0.892216796875	0.8582421875	0.99228515625	0.994541015625	0.994248046875	0.99373046875	0.993134765625	0.99357421875	0.9939453125	0.994150390625	0.993466796875	0.99478515625	0.994189453125	0.9935546875	0.993994140625	0.993212890625	0.993671875	0.994267578125	0.993916015625	0.9939453125	0.994150390625	0.9940234375	0.99359375	0.993935546875	0.99365234375	0.993720703125	0.99376953125
0.0009765625	0.0009765625	0.000986328125	0.001015625	0.000986328125	0.001025390625	0.00099609375	0.001142578125	0.001123046875	0.001279296875	0.00142578125	0.002197265625	0.00341796875	0.00412109375	0.843935546875	0.9871875	0.99404296875	0.994150390625	0.99419921875	0.993857421875	0.993935546875	0.99380859375	0.994248046875	0.99376953125	0.993525390625	0.9936328125	0.994365234375	0.9941796875	0.99435546875	0.993515625	0.99388671875	0.9945703125	0.993857421875	0.99431640625	0.994033203125	0.993291015625	0.9935546875	0.99369140625	0.99365234375	0.9938671875	0.994814453125
0.0009765625	0.0009765625	0.0009765625	0.001015625	0.00103515625	0.001005859375	0.00103515625	0.001181640625	0.001162109375	0.001328125	0.001572265625	0.00216796875	0.003291015625	0.6807421875	0.7938671875	0.949765625	0.993994140625	0.9940234375	0.9936328125	0.993798828125	0.993935546875	0.99337890625	0.994248046875	0.9937109375	0.9940234375	0.994111328125	0.9931640625	0.99404296875	0.994375	0.993818359375	0.993955078125	0.99287109375	0.993681640625	0.993212890625	0.99375	0.993359375	0.994580078125	0.993603515625	0.994287109375	0.992978515625	0.993369140625
0.0009765625	0.0009765625	0.0009765625	0.001015625	0.001025390625	0.001025390625	0.001044921875	0.001201171875	0.001240234375	0.00134765625	0.001357421875	0.0027734375	0.003720703125	0.685341796875	0.86697265625	0.965498046875	0.97509765625	0.993828125	0.99365234375	0.9934765625	0.993916015625	0.994189453125	0.994013671875	0.993935546875	0.993916015625	0.99419921875	0.99423828125	0.994169921875	0.99333984375	0.993251953125	0.9941015625	0.992490234375	0.994619140625	0.993681640625	0.99458984375	0.993232421875	0.993720703125	0.99404296875	0.99451171875	0.994140625	0.994052734375
0.0009765625	0.0009765625	0.0009765625	0.001005859375	0.00103515625	0.00103515625	0.00099609375	0.001162109375	0.001240234375	0.001220703125	0.00193359375	0.003466796875	0.542294921875	0.640244140625	0.840390625	0.923759765625	0.972177734375	0.98388671875	0.993408203125	0.994462890625	0.99400390625	0.994169921875	0.9937890625	0.99388671875	0.993642578125	0.994111328125	0.993623046875	0.9948828125	0.99412109375	0.994287109375	0.994482421875	0.993876953125	0.9936328125	0.9930078125	0.993603515625	0.993818359375	0.99365234375	0.994052734375	0.994013671875	0.99390625	0.993798828125
0.0009765625	0.0009765625	0.0009765625	0.0009765625	0.001005859375	0.000986328125	0.001044921875	0.001142578125	0.001181640625	0.001328125	0.00189453125	0.003359375	0.4997265625	0.74462890625	0.811552734375	0.883203125	0.9732421875	0.986806640625	0.99126953125	0.99404296875	0.993505859375	0.99359375	0.99447265625	0.9933984375	0.9945703125	0.993212890625	0.99384765625	0.99373046875	0.99326171875	0.9941796875	0.99328125	0.99408203125	0.994130859375	0.993818359375	0.994521484375	0.993720703125	0.9938671875	0.993095703125	0.994462890625	0.993671875	0.993330078125
0.0009765625	0.0009765625	0.0009765625	0.000986328125	0.000986328125	0.001005859375	0.001025390625	0.001171875	0.001162109375	0.001484375	0.0015625	0.436845703125	0.55544921875	0.75013671875	0.834765625	0.875478515625	0.933974609375	0.98947265625	0.991083984375	0.99244140625	0.993935546875	0.99390625	0.994052734375	0.99390625	0.99392578125	0.993779296875	0.994560546875	0.9934375	0.9933984375	0.99375	0.993720703125	0.994150390625	0.993955078125	0.994658203125	0.993349609375	0.99390625	0.994267578125	0.993447265625	0.993828125	0.99341796875	0.99439453125
0.0009765625	0.0009765625	0.0009765625	0.0009765625	0.001005859375	0.0010546875	0.00099609375	0.00119140625	0.001201171875	0.0015234375	0.001806640625	0.468447265625	0.566748046875	0.663564453125	0.827568359375	0.87091796875	0.884873046875	0.985712890625	0.99001953125	0.989970703125	0.99091796875	0.99353515625	0.993935546875	0.993232421875	0.99408203125	0.993994140625	0.9928125	0.993974609375	0.99447265625	0.993642578125	0.9935546875	0.99259765625	0.99388671875	0.993779296875	0.99232421875	0.9931640625	0.9939453125	0.9935546875	0.993671875	0.994111328125	0.993876953125
0.0009765625	0.0009765625	0.0009765625	0.0009765625	0.001025390625	0.00103515625	0.001083984375	0.00130859375	0.001318359375	0.001435546875	0.32431640625	0.520888671875	0.595009765625	0.726982421875	0.81328125	0.87150390625	0.919169921875	0.973857421875	0.989130859375	0.990009765625	0.9915625	0.99361328125	0.993935546875	0.9943359375	0.994609375	0.993642578125	0.99328125	0.994794921875	0.99357421875	0.99404296875	0.993515625	0.9940625	0.993662109375	0.993671875	0.994013671875	0.99361328125	0.993623046875	0.994423828125	0.99419921875	0.99375	0.993681640625
0.0009765625	0.0009765625	0.0009765625	0.0009765625	0.001005859375	0.001015625	0.001015625	0.00111328125	0.001220703125	0.2323046875	0.298759765625	0.526064453125	0.60357421875	0.727822265625	0.787119140625	0.87349609375	0.93744140625	0.96349609375	0.983935546875	0.9909375	0.9918359375	0.9932421875	0.9934765625	0.9934375	0.993408203125	0.9941015625	0.993779296875	0.994169921875	0.99365234375	0.9939453125	0.99412109375	0.993759765625	0.994296875	0.9934375	0.9937890625	0.994091796875	0.99361328125	0.99404296875	0.994072265625	0.993935546875	0.993642578125
0.0009765625	0.0009765625	0.0009765625	0.0009765625	0.000986328125	0.001005859375	0.001005859375	0.0012109375	0.001494140625	0.157509765625	0.4281640625	0.526171875	0.6303515625	0.733388671875	0.81783203125	0.89623046875	0.937822265625	0.9589453125	0.97494140625	0.986640625	0.992607421875	0.99240234375	0.993740234375	0.993662109375	0.994267578125	0.992763671875	0.993828125	0.99392578125	0.99419921875	0.994482421875	0.99470703125	0.99373046875	0.994228515625	0.992890625	0.9940625	0.99357421875	0.993857421875	0.993427734375	0.9934375	0.993984375	0.9940234375
0.0009765625	0.0009765625	0.0009765625	0.0009765625	0.00099609375	0.00099609375	0.001044921875	0.001181640625	0.00146484375	0.118466796875	0.432431640625	0.579970703125	0.621943359375	0.78345703125	0.860498046875	0.9227734375	0.93919921875	0.96177734375	0.979189453125	0.984501953125	0.98908203125	0.99203125	0.9934765625	0.9934375	0.994501953125	0.99373046875	0.99412109375	0.993798828125	0.992294921875	0.992666015625	0.993935546875	0.993349609375	0.99388671875	0.993720703125	0.9936328125	0.99431640625	0.993212890625	0.993857421875	0.99373046875	0.992890625	0.9948828125
0.0009765625	0.0009765625	0.0009765625	0.0009765625	0.0009765625	0.001025390625	0.001015625	0.00138671875	0.057783203125	0.262080078125	0.429599609375	0.601650390625	0.707744140625	0.842958984375	0.864013671875	0.90791015625	0.949716796875	0.96837890625	0.976142578125	0.982177734375	0.9869921875	0.992421875	0.9933203125	0.994365234375	0.9939453125	0.993095703125	0.993671875	0.99416015625	0.993515625	0.993349609375	0.9945703125	0.993486328125	0.9937109375	0.99435546875	0.99328125	0.99380859375	0.9938671875	0.9940625	0.993974609375	0.993779296875	0.993564453125
0.0009765625	0.0009765625	0.0009765625	0.0009765625	0.0009765625	0.001005859375	0.001005859375	0.0094921875	0.19455078125	0.311083984375	0.54900390625	0.633642578125	0.83015625	0.830625	0.920615234375	0.9249609375	0.95876953125	0.9641015625	0.97658203125	0.9830859375	0.986806640625	0.990537109375	0.9928515625	0.99361328125	0.993212890625	0.993544921875	0.992138671875	0.9938671875	0.994404296875	0.99400390625	0.994033203125	0.99400390625	0.993837890625	0.993408203125	0.993154296875	0.993505859375	0.99404296875	0.99326171875	0.99373046875	0.99361328125	0.993837890625
0.0009765625	0.0009765625	0.0009765625	0.0009765625	0.0009765625	0.001005859375	0.001044921875	0.03298828125	0.231171875	0.49685546875	0.58748046875	0.8005078125	0.83244140625	0.863056640625	0.92388671875	0.92373046875	0.956181640625	0.966552734375	0.976201171875	0.982939453125	0.985166015625	0.98958984375	0.991865234375	0.992880859375	0.99314453125	0.99365234375	0.99353515625	0.993154296875	0.993779296875	0.9934375	0.99408203125	0.993798828125	0.99396484375	0.993828125	0.993076171875	0.9938671875	0.993359375	0.994404296875	0.9933203125	0.992880859375	0.9936328125
0.0009765625	0.0009765625	0.0009765625	0.0009765625	0.0009765625	0.00099609375	0.001025390625	0.0426953125	0.21423828125	0.490791015625	0.60591796875	0.8115234375	0.831767578125	0.90001953125	0.920908203125	0.940634765625	0.955947265625	0.967568359375	0.9779296875	0.982236328125	0.9858984375	0.989404296875	0.99083984375	0.9923046875	0.993134765625	0.992646484375	0.994697265625	0.99349609375	0.993232421875	0.994716796875	0.9937890625	0.99435546875	0.99357421875	0.993359375	0.99328125	0.993701171875	0.993671875	0.99333984375	0.993564453125	0.993935546875	0.993408203125
0.0009765625	0.0009765625	0.0009765625	0.0009765625	0.0009765625	0.00103515625	0.00310546875	0.0812109375	0.294482421875	0.54802734375	0.670419921875	0.811982421875	0.86337890625	0.900322265625	0.91865234375	0.943037109375	0.954912109375	0.96517578125	0.973798828125	0.98044921875	0.985322265625	0.988046875	0.990595703125	0.990654296875	0.992646484375	0.992265625	0.993330078125	0.99359375	0.993974609375	0.99396484375	0.994365234375	0.99404296875	0.99423828125	0.993115234375	0.99337890625	0.993701171875	0.993896484375	0.994091796875	0.994697265625	0.994072265625	0.993515625
0.0009765625	0.0009765625	0.0009765625	0.0009765625	0.0009765625	0.000986328125	0.0019140625	0.16728515625	0.29634765625	0.62240234375	0.630087890625	0.839814453125	0.881748046875	0.905283203125	0.9272265625	0.937578125	0.957119140625	0.969091796875	0.97150390625	0.980107421875	0.981259765625	0.988662109375	0.990009765625	0.991455078125	0.99080078125	0.991728515625	0.993564453125	0.993251953125	0.9929296875	0.994111328125	0.993349609375	0.993662109375	0.99439453125	0.99375	0.993974609375	0.993984375	0.993974609375	0.994697265625	0.993525390625	0.993837890625	0.993857421875
0.0009765625	0.0009765625	0.0009765625	0.0009765625	0.0009765625	0.0009765625	0.003388671875	0.120791015625	0.3151953125	0.69861328125	0.823388671875	0.845859375	0.8916015625	0.917734375	0.931220703125	0.950771484375	0.95724609375	0.966962890625	0.97486328125	0.98056640625	0.98103515625	0.9882421875	0.988525390625	0.9905078125	0.989990234375	0.992119140625	0.993193359375	0.99412109375	0.993203125	0.99283203125	0.993046875	0.994130859375	0.99359375	0.99435546875	0.993896484375	0.9935546875	0.994111328125	0.99302734375	0.993876953125	0.994013671875	0.993916015625
0.0009765625	0.0009765625	0.0009765625	0.0009765625	0.0009765625	0.00099609375	0.00208984375	0.283154296875	0.64638671875	0.705595703125	0.822275390625	0.86771484375	0.883330078125	0.919111328125	0.936201171875	0.952314453125	0.95705078125	0.967353515625	0.974443359375	0.977802734375	0.9825	0.985283203125	0.9889453125	0.989775390625	0.989814453125	0.991533203125	0.992646484375	0.992890625	0.99330078125	0.99357421875	0.993095703125	0.9933984375	0.993603515625	0.993935546875	0.994091796875	0.994345703125	0.99435546875	0.994248046875	0.994267578125	0.993701171875	0.993515625
0.0009765625	0.0009765625	0.0009765625	0.0009765625	0.0009765625	0.00099609375	0.003046875	0.285107421875	0.64302734375	0.72021484375	0.828681640625	0.8796875	0.892099609375	0.9149609375	0.93787109375	0.95197265625	0.956103515625	0.9679296875	0.97294921875	0.978671875	0.98240234375	0.984453125	0.988662109375	0.98923828125	0.991103515625	0.992109375	0.991181640625	0.99279296875	0.99392578125	0.99296875	0.99357421875	0.99271484375	0.9930859375	0.993896484375	0.993876953125	0.994228515625	0.99447265625	0.993203125	0.993525390625	0.9946875	0.99416015625
0.0009765625	0.0009765625	0.0009765625	0.0009765625	0.0009765625	0.001044921875	0.003583984375	0.35654296875	0.64513671875	0.798466796875	0.848095703125	0.871845703125	0.897626953125	0.912919921875	0.937119140625	0.950986328125	0.95662109375	0.961943359375	0.973427734375	0.979208984375	0.9796875	0.98400390625	0.985244140625	0.990400390625	0.99009765625	0.990595703125	0.99107421875	0.99091796875	0.992685546875	0.99314453125	0.993896484375	0.99283203125	0.99337890625	0.99302734375	0.9936328125	0.993603515625	0.99384765625	0.993720703125	0.994609375	0.99333984375	0.99451171875
0.0009765625	0.0009765625	0.0009765625	0.0009765625	0.0009765625	0.0010546875	0.0059375	0.23892578125	0.664326171875	0.80470703125	0.84748046875	0.874921875	0.898974609375	0.913935546875	0.928720703125	0.945595703125	0.958759765625	0.95984375	0.97060546875	0.976748046875	0.97763671875	0.980966796875	0.98552734375	0.986923828125	0.989384765625	0.99068359375	0.990986328125	0.9921875	0.992255859375	0.9926953125	0.99421875	0.99302734375	0.993662109375	0.992880859375	0.9943359375	0.993056640625	0.993994140625	0.99373046875	0.993798828125	0.9933984375	0.994658203125
0.0009765625	0.0009765625	0.0009765625	0.0009765625	0.0009765625	0.001044921875	0.001435546875	0.28263671875	0.747294921875	0.841787109375	0.867626953125	0.8754296875	0.87865234375	0.919423828125	0.929169921875	0.9496484375	0.95712890625	0.96283203125	0.961845703125	0.975068359375	0.979169921875	0.981220703125	0.985576171875	0.986123046875	0.987783203125	0.99064453125	0.991123046875	0.991630859375	0.99123046875	0.992451171875	0.991689453125	0.99357421875	0.99353515625	0.994541015625	0.99361328125	0.993740234375	0.993251953125	0.993671875	0.993154296875	0.9941015625	0.994345703125
0.0009765625	0.0009765625	0.0009765625	0.0009765625	0.0009765625	0.001025390625	0.001513671875	0.298603515625	0.753271484375	0.847197265625	0.8684375	0.87537109375	0.8794140625	0.917138671875	0.93423828125	0.9519921875	0.95796875	0.963251953125	0.96341796875	0.97166015625	0.978427734375	0.98091796875	0.98064453125	0.9859375	0.98740234375	0.988994140625	0.99173828125	0.99130859375	0.99251953125	0.991416015625	0.99259765625	0.993681640625	0.994130859375	0.99439453125	0.99404296875	0.993408203125	0.99384765625	0.993740234375	0.99333984375	0.993427734375	0.99419921875
0.0009765625	0.0009765625	0.0009765625	0.0009765625	0.0009765625	0.001044921875	0.0014453125	0.33841796875	0.78140625	0.85404296875	0.87455078125	0.876884765625	0.877763671875	0.903291015625	0.9336328125	0.937177734375	0.9566015625	0.963701171875	0.962666015625	0.969208984375	0.979169921875	0.980263671875	0.9806640625	0.986123046875	0.986982421875	0.987080078125	0.9903515625	0.991494140625	0.990859375	0.99189453125	0.991708984375	0.993505859375	0.993623046875	0.99361328125	0.994189453125	0.99314453125	0.992705078125	0.99330078125	0.99396484375	0.994296875	0.99353515625
0.0009765625	0.0009765625	0.0009765625	0.0009765625	0.0009765625	0.00107421875	0.002626953125	0.564501953125	0.793916015625	0.8567578125	0.8691796875	0.876376953125	0.879814453125	0.877763671875	0.93681640625	0.936943359375	0.95658203125	0.962998046875	0.96298828125	0.962529296875	0.979169921875	0.98033203125	0.980849609375	0.980439453125	0.9862890625	0.987607421875	0.987314453125	0.990322265625	0.991025390625	0.990703125	0.991875	0.992265625	0.99255859375	0.993388671875	0.993828125	0.993662109375	0.992978515625	0.99330078125	0.993388671875	0.99365234375	0.9932421875
0.0009765625	0.0009765625	0.0009765625	0.0009765625	0.0009765625	0.001005859375	0.00283203125	0.6711328125	0.67208984375	0.858046875	0.855810546875	0.878388671875	0.87619140625	0.88091796875	0.93763671875	0.938466796875	0.93734375	0.960126953125	0.962109375	0.96412109375	0.962548828125	0.979677734375	0.980576171875	0.98146484375	0.980546875	0.986611328125	0.98724609375	0.991904296875	0.990537109375	0.991044921875	0.991689453125	0.991826171875	0.99181640625	0.99298828125	0.993154296875	0.993310546875	0.993720703125	0.9930859375	0.9934765625	0.99373046875	0.99328125
