0.0009765625	0.000986328125	0.001025390625	0.001025390625	0.001044921875	0.001025390625	0.00103515625	0.00111328125	0.0011328125	0.001376953125	0.001376953125	0.00119140625	0.001337890625	0.00140625	0.0026171875	0.0023828125	0.00263671875	0.004541015625	0.024306640625	0.013369140625	0.0212890625	0.93537109375	0.92826171875	0.994130859375	0.995078125	0.9937109375	0.993857421875	0.993828125	0.993857421875	0.99390625	0.9944921875	0.994375	0.99396484375	0.99451171875	0.9934375	0.993876953125	0.99392578125	0.9939453125	0.99412109375	0.994482421875	0.994287109375
0.0009765625	0.001005859375	0.001005859375	0.000986328125	0.000986328125	0.001025390625	0.001083984375	0.00115234375	0.0011328125	0.00125	0.001201171875	0.001162109375	0.001259765625	0.00138671875	0.00259765625	0.00244140625	0.00322265625	0.01447265625	0.01361328125	0.024443359375	0.931015625	0.92232421875	0.935615234375	0.993466796875	0.993583984375	0.993623046875	0.994150390625	0.99427734375	0.993125	0.9937109375	0.994150390625	0.99337890625	0.99373046875	0.994892578125	0.994150390625	0.99400390625	0.99396484375	0.9934765625	0.994189453125	0.994306640625	0.99271484375
0.0009765625	0.001005859375	0.001015625	0.001044921875	0.001005859375	0.001005859375	0.001064453125	0.001201171875	0.001103515625	0.00123046875	0.001220703125	0.001259765625	0.001328125	0.0016015625	0.002197265625	0.002197265625	0.003115234375	0.01474609375	0.024873046875	0.84892578125	0.915869140625	0.927841796875	0.993310546875	0.993359375	0.994580078125	0.9931640625	0.994658203125	0.9944140625	0.994033203125	0.993740234375	0.994736328125	0.994169921875	0.994462890625	0.993544921875	0.994375	0.993994140625	0.994013671875	0.994033203125	0.993583984375	0.99349609375	0.994052734375
0.0009765625	0.00103515625	0.00099609375	0.000986328125	0.001044921875	0.001005859375	0.00103515625	0.001103515625	0.00115234375	0.001201171875	0.00125	0.001142578125	0.00134765625	0.002099609375	0.00203125	0.003173828125	0.00513671875	0.014541015625	0.013974609375	0.8706640625	0.927509765625	0.9424609375	0.99400390625	0.993212890625	0.994296875	0.9938671875	0.993671875	0.99326171875	0.99412109375	0.99421875	0.994140625	0.9939453125	0.99453125	0.993671875	0.992880859375	0.994345703125	0.993779296875	0.99419921875	0.994208984375	0.993408203125	0.992724609375
0.0009765625	0.001025390625	0.00103515625	0.001025390625	0.00099609375	0.001025390625	0.0010546875	0.001201171875	0.001123046875	0.001279296875	0.001279296875	0.001240234375	0.00138671875	0.002080078125	0.002001953125	0.002958984375	0.007197265625	0.014697265625	0.0174609375	0.918173828125	0.92517578125	0.99361328125	0.99384765625	0.994228515625	0.99369140625	0.993798828125	0.994013671875	0.99419921875	0.99400390625	0.99439453125	0.994287109375	0.99396484375	0.99390625	0.993564453125	0.99447265625	0.993203125	0.994326171875	0.994306640625	0.993720703125	0.993818359375	0.994267578125
0.0009765625	0.000986328125	0.001015625	0.000986328125	0.001015625	0.001015625	0.001025390625	0.0012109375	0.001123046875	0.001201171875	0.001240234375	0.00134765625	0.001611328125	0.002314453125	0.0023828125	0.00341796875	0.010947265625	0.009541015625	0.8678125	0.91888671875	0.93044921875	0.993564453125	0.993837890625	0.99455078125	0.99365234375	0.99412109375	0.993603515625	0.9940234375	0.993828125	0.99427734375	0.994404296875	0.99314453125	0.99376953125	0.993740234375	0.994306640625	0.99392578125	0.994091796875	0.993759765625	0.993681640625	0.99447265625	0.993740234375
0.0009765625	0.000986328125	0.00099609375	0.001015625	0.001064453125	0.00099609375	0.001044921875	0.0012109375	0.00111328125	0.0012109375	0.00123046875	0.001279296875	0.001474609375	0.002060546875	0.00310546875	0.005537109375	0.0120703125	0.01294921875	0.91458984375	0.935400390625	0.993349609375	0.993857421875	0.994013671875	0.993740234375	0.99361328125	0.9937109375	0.99462890625	0.993544921875	0.994111328125	0.993984375	0.9940625	0.993671875	0.9940234375	0.993740234375	0.993701171875	0.99458984375	0.9933203125	0.99404296875	0.994580078125	0.993271484375	0.99419921875
0.0009765625	0.000986328125	0.0010546875	0.001044921875	0.00103515625	0.000986328125	0.001025390625	0.00119140625	0.00119140625	0.00126953125	0.001220703125	0.001650390625	0.00123046875	0.002294921875	0.00314453125	0.00787109375	0.010068359375	0.8834765625	0.92158203125	0.9941015625	0.994033203125	0.99361328125	0.99435546875	0.994384765625	0.99322265625	0.99431640625	0.993955078125	0.99375	0.992626953125	0.99388671875	0.993798828125	0.99408203125	0.994658203125	0.9940625	0.99400390625	0.99373046875	0.9943359375	0.994453125	0.993818359375	0.994248046875	0.994462890625
0.0009765625	0.0009765625	0.001044921875	0.001015625	0.001005859375	0.00099609375	0.00103515625	0.001142578125	0.00115234375	0.00123046875	0.00109375	0.001376953125	0.001474609375	0.00263671875	0.00521484375	0.01181640625	0.00587890625	0.903828125	0.921806640625	0.992607421875	0.992001953125	0.994248046875	0.994482421875	0.993671875	0.993857421875	0.994013671875	0.993291015625	0.994501953125	0.994130859375	0.9937890625	0.994189453125	0.993857421875	0.99388671875	0.994228515625	0.993857421875	0.99392578125	0.994345703125	0.993544921875	0.9946484375	0.993896484375	0.99333984375
0.0009765625	0.0009765625	0.001005859375	0.001044921875	0.0010546875	0.001015625	0.001044921875	0.001279296875	0.00111328125	0.00125	0.0012890625	0.00138671875	0.002119140625	0.00244140625	0.003896484375	0.00861328125	0.91158203125	0.882939453125	0.992880859375	0.99357421875	0.99466796875	0.994560546875	0.99423828125	0.993671875	0.994345703125	0.9944921875	0.9942578125	0.994130859375	0.993740234375	0.99423828125	0.99416015625	0.993642578125	0.994462890625	0.9941796875	0.993408203125	0.9944140625	0.994677734375	0.99380859375	0.9946484375	0.99349609375	0.993798828125
0.0009765625	0.0009765625	0.00099609375	0.000986328125	0.001083984375	0.001015625	0.0010546875	0.001181640625	0.001279296875	0.001142578125	0.001259765625	0.001533203125	0.001884765625	0.00373046875	0.004716796875	0.007685546875	0.8775390625	0.92404296875	0.99337890625	0.99384765625	0.993818359375	0.993349609375	0.994111328125	0.994228515625	0.993720703125	0.99380859375	0.994013671875	0.993818359375	0.994296875	0.993681640625	0.99361328125	0.994130859375	0.994423828125	0.99404296875	0.994267578125	0.99291015625	0.99494140625	0.994033203125	0.994326171875	0.994169921875	0.9933984375
0.0009765625	0.0009765625	0.001025390625	0.001025390625	0.001015625	0.001044921875	0.001025390625	0.001259765625	0.001259765625	0.001259765625	0.00162109375	0.001708984375	0.00279296875	0.00384765625	0.005205078125	0.899140625	0.9076953125	0.993193359375	0.99486328125	0.99369140625	0.99349609375	0.993759765625	0.99326171875	0.993662109375	0.99310546875	0.994150390625	0.99345703125	0.99375	0.993876953125	0.994072265625	0.99376953125	0.99388671875	0.994375	0.993740234375	0.994228515625	0.994404296875	0.9940625	0.99435546875	0.994130859375	0.99423828125	0.994228515625
0.0009765625	0.0009765625	0.000986328125	0.001005859375	0.001005859375	0.00103515625	0.00103515625	0.0011328125	0.00123046875	0.001181640625	0.00130859375	0.00140625	0.00380859375	0.00384765625	0.820927734375	0.892373046875	0.99177734375	0.993359375	0.993701171875	0.994013671875	0.994169921875	0.99359375	0.993857421875	0.994052734375	0.993740234375	0.993583984375	0.99373046875	0.994130859375	0.99380859375	0.993955078125	0.993876953125	0.994091796875	0.9944140625	0.993896484375	0.99337890625	0.993837890625	0.99373046875	0.993720703125	0.994033203125	0.994482421875	0.99328125
0.0009765625	0.0009765625	0.000986328125	0.001025390625	0.001025390625	0.001015625	0.001015625	0.001142578125	0.00123046875	0.00125	0.0014453125	0.001533203125	0.0037109375	0.0038671875	0.8884375	0.887421875	0.99185546875	0.993857421875	0.993876953125	0.993828125	0.994296875	0.994365234375	0.994189453125	0.9934375	0.99484375	0.99392578125	0.993447265625	0.994267578125	0.9938671875	0.99408203125	0.994599609375	0.9937109375	0.99392578125	0.99390625	0.99412109375	0.994111328125	0.9940234375	0.99349609375	0.993876953125	0.993984375	0.99443359375
0.0009765625	0.0009765625	0.0009765625	0.001005859375	0.00099609375	0.00103515625	0.001044921875	0.001064453125	0.001103515625	0.001318359375	0.001416015625	0.002392578125	0.003046875	0.002412109375	0.86548828125	0.9882421875	0.993681640625	0.994033203125	0.99392578125	0.993798828125	0.993125	0.993271484375	0.993671875	0.993857421875	0.99419921875	0.993310546875	0.994150390625	0.9933984375	0.99416015625	0.9937109375	0.994130859375	0.994814453125	0.993701171875	0.993232421875	0.9933984375	0.99390625	0.994013671875	0.994541015625	0.994189453125	0.994326171875	0.99376953125
0.0009765625	0.0009765625	0.0009765625	0.001005859375	0.001025390625	0.000986328125	0.001025390625	0.001240234375	0.0012109375	0.001259765625	0.00158203125	0.00283203125	0.003056640625	0.705400390625	0.78693359375	0.948408203125	0.994521484375	0.994140625	0.9934765625	0.99353515625	0.994228515625	0.99337890625	0.993486328125	0.9941796875	0.9944921875	0.994140625	0.99333984375	0.9931640625	0.994052734375	0.994560546875	0.9933203125	0.9939453125	0.99427734375	0.994130859375	0.9946484375	0.994814453125	0.993447265625	0.99333984375	0.993955078125	0.994248046875	0.993974609375
0.0009765625	0.0009765625	0.0009765625	0.001025390625	0.001005859375	0.001015625	0.00103515625	0.001142578125	0.00123046875	0.001376953125	0.001474609375	0.002314453125	0.003505859375	0.680791015625	0.876171875	0.967646484375	0.97384765625	0.993701171875	0.99392578125	0.9934375	0.99369140625	0.993037109375	0.99419921875	0.99494140625	0.99359375	0.993828125	0.99384765625	0.994013671875	0.99388671875	0.9941796875	0.99419921875	0.994072265625	0.994296875	0.993291015625	0.99390625	0.99357421875	0.994013671875	0.993935546875	0.993720703125	0.994609375	0.99408203125
0.0009765625	0.0009765625	0.0009765625	0.001025390625	0.001025390625	0.001025390625	0.001025390625	0.0012109375	0.001279296875	0.001298828125	0.001962890625	0.003310546875	0.503359375	0.6694921875	0.8394921875	0.92646484375	0.97236328125	0.9852734375	0.994033203125	0.994296875	0.99326171875	0.99427734375	0.99423828125	0.994609375	0.993876953125	0.993564453125	0.99361328125	0.9945703125	0.993798828125	0.994130859375	0.994033203125	0.9941796875	0.9940234375	0.99443359375	0.99373046875	0.993251953125	0.994482421875	0.994287109375	0.993837890625	0.99400390625	0.9938671875
0.0009765625	0.0009765625	0.0009765625	0.0009765625	0.001015625	0.00099609375	0.001015625	0.001142578125	0.0011328125	0.001591796875	0.0019140625	0.003486328125	0.507177734375	0.740986328125	0.810478515625	0.880693359375	0.97279296875	0.986513671875	0.9910546875	0.993818359375	0.99435546875	0.994521484375	0.994140625	0.994375	0.9937890625	0.993974609375	0.993984375	0.994033203125	0.994189453125	0.993740234375	0.993828125	0.994287109375	0.994375	0.994423828125	0.994169921875	0.993896484375	0.99408203125	0.99380859375	0.994794921875	0.9941015625	0.993037109375
0.0009765625	0.0009765625	0.0009765625	0.0009765625	0.00103515625	0.001005859375	0.00103515625	0.001142578125	0.001259765625	0.001474609375	0.001865234375	0.415185546875	0.5486328125	0.747646484375	0.836044921875	0.874375	0.933203125	0.98822265625	0.99138671875	0.992001953125	0.994287109375	0.9944921875	0.99447265625	0.993857421875	0.99365234375	0.993974609375	0.994013671875	0.993203125	0.993837890625	0.994365234375	0.99357421875	0.9935546875	0.99439453125	0.993369140625	0.99427734375	0.99501953125	0.99228515625	0.99337890625	0.99388671875	0.99447265625	0.993583984375
0.0009765625	0.0009765625	0.0009765625	0.0009765625	0.001015625	0.001015625	0.001044921875	0.001181640625	0.0012109375	0.00205078125	0.0018359375	0.42482421875	0.590888671875	0.666865234375	0.825927734375	0.8702734375	0.88623046875	0.98466796875	0.99	0.990244140625	0.991103515625	0.99390625	0.993896484375	0.994111328125	0.994228515625	0.99359375	0.99427734375	0.994560546875	0.993896484375	0.99455078125	0.99443359375	0.993994140625	0.99453125	0.994404296875	0.993701171875	0.993896484375	0.993623046875	0.9939453125	0.994404296875	0.99318359375	0.993974609375
0.0009765625	0.0009765625	0.0009765625	0.0009765625	0.001015625	0.001005859375	0.001044921875	0.0011328125	0.00130859375	0.0015234375	0.33703125	0.5099609375	0.620712890625	0.731240234375	0.815546875	0.8738671875	0.919755859375	0.973857421875	0.989033203125	0.991103515625	0.992392578125	0.993916015625	0.994501953125	0.9934765625	0.9941796875	0.99408203125	0.993173828125	0.994189453125	0.993935546875	0.99419921875	0.994033203125	0.99494140625	0.993916015625	0.99447265625	0.994677734375	0.993076171875	0.99298828125	0.9936328125	0.994228515625	0.993974609375	0.99439453125
0.0009765625	0.0009765625	0.0009765625	0.0009765625	0.000986328125	0.000986328125	0.001064453125	0.001337890625	0.00134765625	0.200205078125	0.3641015625	0.527763671875	0.605322265625	0.73015625	0.7933203125	0.875068359375	0.93978515625	0.96388671875	0.983828125	0.99044921875	0.993115234375	0.9936328125	0.993828125	0.993330078125	0.99326171875	0.99447265625	0.994716796875	0.994111328125	0.99458984375	0.994140625	0.993779296875	0.993330078125	0.993583984375	0.9942578125	0.994208984375	0.9939453125	0.99328125	0.99400390625	0.994169921875	0.99458984375	0.993828125
0.0009765625	0.0009765625	0.0009765625	0.0009765625	0.001005859375	0.001015625	0.0010546875	0.001318359375	0.00130859375	0.172763671875	0.397314453125	0.529189453125	0.634228515625	0.732177734375	0.81837890625	0.899306640625	0.938779296875	0.9583984375	0.974423828125	0.985966796875	0.991396484375	0.993095703125	0.993857421875	0.993408203125	0.99357421875	0.993681640625	0.99408203125	0.99412109375	0.993583984375	0.99451171875	0.99375	0.994267578125	0.994287109375	0.99396484375	0.993740234375	0.994365234375	0.993623046875	0.99404296875	0.994306640625	0.993486328125	0.99408203125
0.0009765625	0.0009765625	0.0009765625	0.0009765625	0.001044921875	0.001015625	0.00103515625	0.00123046875	0.001611328125	0.169248046875	0.433896484375	0.580517578125	0.62486328125	0.77783203125	0.86375	0.92013671875	0.93892578125	0.962314453125	0.977431640625	0.9846875	0.988974609375	0.99294921875	0.993193359375	0.993720703125	0.993427734375	0.993349609375	0.993759765625	0.9927734375	0.99421875	0.994208984375	0.99375	0.993681640625	0.994140625	0.993623046875	0.99453125	0.994521484375	0.99357421875	0.994443359375	0.99451171875	0.993984375	0.9934375
0.0009765625	0.0009765625	0.0009765625	0.0009765625	0.000986328125	0.001005859375	0.001044921875	0.00150390625	0.0594140625	0.241650390625	0.40935546875	0.603115234375	0.70251953125	0.842177734375	0.867626953125	0.909306640625	0.948701171875	0.968681640625	0.977353515625	0.98294921875	0.98701171875	0.992841796875	0.993203125	0.993955078125	0.994111328125	0.994248046875	0.994052734375	0.993857421875	0.99427734375	0.994169921875	0.9936328125	0.99353515625	0.993681640625	0.994091796875	0.99349609375	0.993671875	0.993916015625	0.993603515625	0.992939453125	0.993720703125	0.994189453125
0.0009765625	0.0009765625	0.0009765625	0.0009765625	0.0009765625	0.000986328125	0.00107421875	0.00431640625	0.133798828125	0.345234375	0.550625	0.63576171875	0.82931640625	0.8310546875	0.919072265625	0.9228515625	0.95908203125	0.965380859375	0.9758203125	0.984111328125	0.987177734375	0.99072265625	0.99345703125	0.99302734375	0.99337890625	0.993603515625	0.99349609375	0.993955078125	0.9948046875	0.993935546875	0.993603515625	0.9943359375	0.99392578125	0.993818359375	0.994501953125	0.99384765625	0.993994140625	0.994619140625	0.9937890625	0.9938671875	0.993408203125
0.0009765625	0.0009765625	0.0009765625	0.0009765625	0.000986328125	0.00099609375	0.001103515625	0.046044921875	0.189091796875	0.46986328125	0.587763671875	0.801220703125	0.83185546875	0.864931640625	0.92267578125	0.92341796875	0.9539453125	0.967373046875	0.97740234375	0.9840234375	0.985546875	0.98982421875	0.99224609375	0.9940625	0.993447265625	0.99349609375	0.99443359375	0.99337890625	0.994384765625	0.99388671875	0.994462890625	0.993349609375	0.99400390625	0.994306640625	0.993798828125	0.994560546875	0.9935546875	0.9946484375	0.9939453125	0.994296875	0.9941796875
0.0009765625	0.0009765625	0.0009765625	0.0009765625	0.000986328125	0.001015625	0.001103515625	0.051181640625	0.21255859375	0.5053125	0.605712890625	0.81333984375	0.832939453125	0.8986328125	0.921884765625	0.939697265625	0.95490234375	0.9676171875	0.976650390625	0.9827734375	0.9859765625	0.989384765625	0.990390625	0.99228515625	0.992763671875	0.99408203125	0.99380859375	0.993515625	0.993662109375	0.994619140625	0.993642578125	0.993623046875	0.993740234375	0.993291015625	0.99400390625	0.99318359375	0.99373046875	0.993974609375	0.994609375	0.994306640625	0.9939453125
0.0009765625	0.0009765625	0.0009765625	0.0009765625	0.0009765625	0.00103515625	0.001494140625	0.06873046875	0.264052734375	0.568974609375	0.6676953125	0.814189453125	0.8656640625	0.901572265625	0.921025390625	0.941865234375	0.957978515625	0.964501953125	0.97337890625	0.98134765625	0.985224609375	0.988046875	0.99	0.991494140625	0.9921875	0.99265625	0.994833984375	0.994453125	0.99396484375	0.993115234375	0.994072265625	0.99341796875	0.9940625	0.993857421875	0.99359375	0.99359375	0.994755859375	0.992998046875	0.993671875	0.99384765625	0.994228515625
0.0009765625	0.0009765625	0.0009765625	0.0009765625	0.0009765625	0.0009765625	0.00224609375	0.11	0.191640625	0.628857421875	0.631416015625	0.8426171875	0.882294921875	0.90669921875	0.925537109375	0.936435546875	0.957314453125	0.969091796875	0.97130859375	0.98091796875	0.98140625	0.988291015625	0.989736328125	0.990673828125	0.99142578125	0.9920703125	0.993388671875	0.99421875	0.993251953125	0.993095703125	0.99373046875	0.994384765625	0.99458984375	0.993134765625	0.993779296875	0.994072265625	0.994375	0.994462890625	0.99375	0.99380859375	0.993408203125
0.0009765625	0.0009765625	0.0009765625	0.0009765625	0.0009765625	0.0009765625	0.0021484375	0.13576171875	0.309423828125	0.69873046875	0.82041015625	0.848515625	0.890791015625	0.91658203125	0.93212890625	0.949970703125	0.95654296875	0.9665234375	0.97552734375	0.98154296875	0.983203125	0.987685546875	0.988330078125	0.99080078125	0.99142578125	0.993515625	0.992685546875	0.993740234375	0.993916015625	0.9926953125	0.99369140625	0.99390625	0.994033203125	0.994541015625	0.994208984375	0.994013671875	0.994140625	0.99435546875	0.99298828125	0.9943359375	0.99341796875
0.0009765625	0.0009765625	0.0009765625	0.0009765625	0.0009765625	0.000986328125	0.003017578125	0.276259765625	0.644560546875	0.700283203125	0.821796875	0.86845703125	0.87873046875	0.9212890625	0.935537109375	0.953173828125	0.95625	0.967548828125	0.97458984375	0.97763671875	0.98279296875	0.986396484375	0.98865234375	0.990419921875	0.990947265625	0.990732421875	0.992626953125	0.993134765625	0.99412109375	0.993154296875	0.99474609375	0.99357421875	0.993125	0.99287109375	0.994072265625	0.994404296875	0.99458984375	0.993564453125	0.99484375	0.993681640625	0.99376953125
0.0009765625	0.0009765625	0.0009765625	0.0009765625	0.0009765625	0.001015625	0.003974609375	0.30443359375	0.6373828125	0.717607421875	0.828515625	0.878349609375	0.894287109375	0.911611328125	0.9367578125	0.95263671875	0.956669921875	0.968623046875	0.9744921875	0.977451171875	0.982392578125	0.985439453125	0.987587890625	0.988564453125	0.991318359375	0.992001953125	0.9910546875	0.993828125	0.99373046875	0.9933984375	0.99388671875	0.9936328125	0.99369140625	0.993408203125	0.994140625	0.994248046875	0.994208984375	0.994560546875	0.993564453125	0.994482421875	0.993994140625
0.0009765625	0.0009765625	0.0009765625	0.0009765625	0.0009765625	0.001005859375	0.006103515625	0.356259765625	0.644521484375	0.801484375	0.850380859375	0.87126953125	0.900048828125	0.915537109375	0.936748046875	0.95486328125	0.9583203125	0.961064453125	0.9751953125	0.9790234375	0.979443359375	0.98474609375	0.9866796875	0.989873046875	0.989912109375	0.99171875	0.99107421875	0.99166015625	0.992724609375	0.992958984375	0.994501953125	0.994072265625	0.993935546875	0.99375	0.993798828125	0.9934375	0.9943359375	0.994404296875	0.9938671875	0.994462890625	0.994267578125
0.0009765625	0.0009765625	0.0009765625	0.0009765625	0.0009765625	0.001005859375	0.0069921875	0.2157421875	0.659775390625	0.806669921875	0.849716796875	0.8763671875	0.897353515625	0.917470703125	0.927060546875	0.94896484375	0.959375	0.961669921875	0.96888671875	0.9765625	0.977724609375	0.98037109375	0.985693359375	0.987333984375	0.9889453125	0.990830078125	0.99048828125	0.99201171875	0.99205078125	0.99306640625	0.993486328125	0.99404296875	0.994130859375	0.993427734375	0.993369140625	0.993369140625	0.993984375	0.993974609375	0.99439453125	0.994638671875	0.994931640625
0.0009765625	0.0009765625	0.0009765625	0.0009765625	0.0009765625	0.001044921875	0.001455078125	0.270380859375	0.7463671875	0.838134765625	0.8334765625	0.87869140625	0.8789453125	0.915595703125	0.927900390625	0.949814453125	0.9591796875	0.96189453125	0.96259765625	0.97603515625	0.978720703125	0.980732421875	0.9848828125	0.9872265625	0.987744140625	0.991044921875	0.9918359375	0.991474609375	0.991630859375	0.99296875	0.992158203125	0.993740234375	0.99369140625	0.99341796875	0.993740234375	0.99375	0.9934375	0.993974609375	0.99333984375	0.99453125	0.993955078125
0.0009765625	0.0009765625	0.0009765625	0.0009765625	0.0009765625	0.001005859375	0.00158203125	0.304951171875	0.753828125	0.8516015625	0.871484375	0.87818359375	0.877373046875	0.9173046875	0.932939453125	0.95341796875	0.959306640625	0.963681640625	0.9644921875	0.972587890625	0.979560546875	0.980673828125	0.981328125	0.986884765625	0.98669921875	0.98935546875	0.99166015625	0.991650390625	0.992216796875	0.99197265625	0.9926171875	0.9937890625	0.992734375	0.994013671875	0.993974609375	0.9941796875	0.99361328125	0.99390625	0.99392578125	0.994208984375	0.99384765625
0.0009765625	0.0009765625	0.0009765625	0.0009765625	0.0009765625	0.00099609375	0.001748046875	0.377705078125	0.780625	0.8585546875	0.873046875	0.87666015625	0.87908203125	0.8990625	0.933232421875	0.935517578125	0.9586328125	0.964736328125	0.9641015625	0.97080078125	0.97875	0.980126953125	0.980947265625	0.986044921875	0.987109375	0.9866796875	0.99015625	0.991572265625	0.9916015625	0.992353515625	0.991640625	0.99228515625	0.993984375	0.9938671875	0.99314453125	0.99373046875	0.99373046875	0.99375	0.993212890625	0.994150390625	0.99396484375
0.0009765625	0.0009765625	0.0009765625	0.0009765625	0.0009765625	0.001044921875	0.00220703125	0.555458984375	0.78890625	0.856884765625	0.87001953125	0.874423828125	0.87919921875	0.87740234375	0.935771484375	0.933955078125	0.957490234375	0.96416015625	0.964287109375	0.96357421875	0.979130859375	0.98048828125	0.980146484375	0.98119140625	0.986435546875	0.986591796875	0.98712890625	0.99029296875	0.991123046875	0.991259765625	0.991904296875	0.991943359375	0.99298828125	0.994111328125	0.99416015625	0.994521484375	0.993740234375	0.993935546875	0.992236328125	0.994208984375	0.994951171875
0.0009765625	0.0009765625	0.0009765625	0.0009765625	0.0009765625	0.000986328125	0.002861328125	0.66287109375	0.66587890625	0.85849609375	0.861650390625	0.876630859375	0.876796875	0.87927734375	0.93669921875	0.9364453125	0.937236328125	0.9630859375	0.962177734375	0.963759765625	0.96517578125	0.980146484375	0.97986328125	0.98173828125	0.981435546875	0.98646484375	0.987041015625	0.991376953125	0.99078125	0.99125	0.991845703125	0.99123046875	0.992080078125	0.993193359375	0.9933203125	0.99423828125	0.993583984375	0.99390625	0.99361328125	0.993056640625	0.993525390625
