1.0	20.76	20.76	20.84	22.24	20.68	21.16	20.4	21.0	20.48	21.96	20.56	21.32	21.08	20.44	21.48	21.44	21.12	20.48	20.88	21.08	21.08	21.4	20.8	21.04	20.44	20.6	20.32	21.28	21.16	20.6	20.6	20.84	20.72	21.0	20.92	20.8	20.8	21.16	20.2	20.76
1.04	9.16	20.28	21.24	20.76	20.76	20.68	20.64	20.96	20.52	21.12	20.28	21.2	21.84	21.2	21.44	21.0	21.48	21.4	20.92	20.8	21.2	20.64	21.32	20.88	21.44	20.88	20.72	21.24	21.48	20.72	21.08	21.36	21.12	20.8	21.24	20.88	21.6	20.48	21.04	20.8
1.24	7.44	9.44	21.52	20.64	20.88	20.72	21.0	21.16	21.48	21.32	21.08	20.64	21.32	21.32	20.84	20.48	21.6	21.6	20.72	20.92	19.52	20.8	21.16	20.96	21.2	20.96	20.68	21.04	21.16	20.4	21.12	20.24	20.56	20.6	20.84	21.24	21.04	21.76	20.68	21.04
1.04	7.08	9.64	9.76	21.4	21.08	21.2	20.72	20.64	20.76	21.4	21.32	20.68	20.88	20.76	21.04	20.6	21.04	21.6	20.52	21.04	20.52	20.36	21.24	20.84	21.64	21.32	21.44	20.6	20.72	21.56	20.68	20.68	21.28	20.8	20.28	20.76	20.36	21.04	20.68	20.96
1.08	4.84	7.2	9.24	9.16	20.68	20.44	21.16	21.16	20.76	20.36	21.0	20.56	21.36	21.0	20.52	20.68	21.24	20.8	20.92	20.6	20.96	21.0	21.16	20.8	21.28	20.72	19.84	20.72	20.52	20.96	21.12	20.84	20.64	20.96	20.6	21.12	20.96	21.16	21.0	21.04
1.08	4.04	7.32	9.24	9.32	10.32	21.36	20.8	21.68	20.8	21.4	20.92	20.56	21.0	20.72	20.92	20.8	21.8	20.72	20.92	20.64	20.6	20.92	20.76	20.28	21.4	20.6	20.76	20.72	20.52	21.0	20.6	20.64	20.72	21.08	21.0	20.88	21.04	20.56	20.88	20.28
1.32	3.88	7.4	7.68	9.72	11.08	13.2	20.64	21.24	21.0	21.2	20.64	21.28	20.84	21.16	20.84	20.32	21.04	21.2	20.76	22.2	21.24	20.84	21.0	20.84	20.64	21.08	20.12	20.72	20.6	21.04	20.96	21.24	20.96	21.2	20.88	20.96	21.16	20.96	20.56	21.24
1.0	2.32	6.28	7.24	9.04	10.8	12.92	16.16	20.88	21.56	21.2	20.6	20.12	20.48	20.92	20.8	21.04	20.72	20.48	20.24	20.68	21.04	20.56	20.44	20.4	21.32	21.2	21.32	21.2	21.6	20.6	21.68	20.08	21.0	21.08	20.84	21.08	21.0	21.32	20.84	20.28
1.0	1.28	5.12	7.28	7.32	10.96	13.56	16.16	17.0	20.92	21.44	21.04	20.6	21.36	20.6	21.68	21.44	20.56	20.64	21.52	21.0	20.32	20.92	20.88	21.6	20.16	20.68	21.28	20.68	21.6	20.72	21.0	21.08	21.12	21.0	20.56	20.76	20.68	20.96	21.96	21.8
1.0	1.2	5.12	6.44	7.96	10.2	13.4	15.88	17.84	18.2	21.12	21.36	20.72	21.0	22.0	20.88	21.2	21.12	20.6	21.08	20.84	21.04	20.8	21.24	20.96	21.12	21.16	20.88	21.12	20.84	20.84	20.48	20.52	20.88	20.76	21.04	20.96	20.64	20.96	21.0	20.76
1.04	1.16	3.32	6.12	7.76	8.56	12.4	15.6	17.68	18.76	18.76	20.92	21.2	20.04	21.44	20.8	21.24	21.0	21.2	20.96	20.68	20.64	20.56	20.92	20.48	20.88	21.24	20.88	20.8	20.96	20.96	21.2	21.0	21.2	21.12	21.32	21.4	20.84	21.16	20.4	21.44
1.2	1.08	4.28	6.04	7.92	10.72	14.64	15.32	17.68	17.92	18.24	19.6	20.92	20.52	20.8	21.08	20.84	20.84	20.52	20.68	21.56	20.44	21.12	21.68	20.64	20.64	20.64	20.76	20.76	20.72	20.6	21.0	20.72	21.2	20.48	21.44	20.96	21.28	20.92	20.84	21.2
1.16	1.12	3.56	5.08	8.68	10.68	13.36	14.96	17.64	18.2	18.6	19.24	19.88	20.92	20.76	21.04	21.32	21.4	21.12	21.56	20.28	21.08	20.52	20.36	21.04	21.24	21.04	20.24	20.96	20.72	20.72	21.64	21.12	21.08	20.8	20.76	20.72	20.56	21.2	21.12	21.36
1.0	1.04	2.52	5.56	7.36	10.08	13.36	16.16	16.16	17.24	18.44	18.88	20.08	19.72	21.08	21.04	21.04	21.2	21.12	20.28	20.6	21.08	21.36	20.76	22.04	20.76	20.84	20.8	20.52	20.84	20.64	21.96	21.0	21.24	20.96	20.92	19.92	20.12	20.68	20.64	21.16
1.04	1.04	2.36	5.6	6.96	10.0	13.44	15.68	16.64	17.12	18.4	18.36	19.52	19.84	20.36	21.6	20.72	21.12	20.48	21.16	20.44	20.8	21.48	20.52	20.8	21.4	21.48	21.08	20.76	20.84	20.12	21.04	21.08	20.6	21.44	20.6	19.72	21.0	21.76	21.32	21.12
1.12	1.04	1.84	3.36	7.28	9.44	13.0	15.4	16.6	16.96	17.44	18.56	19.24	19.76	19.92	20.56	20.76	20.0	20.92	21.36	20.64	20.84	21.72	21.56	21.72	21.68	21.36	21.48	21.64	21.16	21.48	21.04	21.52	21.44	21.12	20.92	20.12	20.72	21.52	20.76	20.56
1.0	1.12	1.28	3.48	7.32	12.0	12.96	15.4	16.48	17.4	17.96	18.48	18.8	19.64	20.44	20.32	20.36	21.16	21.48	20.56	20.76	21.44	20.88	20.64	21.12	20.48	20.68	21.52	21.12	21.68	21.2	21.16	20.44	21.56	21.0	20.96	21.56	20.56	20.4	21.48	20.68
1.0	1.0	1.28	3.96	8.16	12.16	14.96	15.68	16.12	17.08	17.48	17.8	18.28	18.76	19.88	21.2	20.08	20.52	21.6	21.04	19.72	21.28	20.68	21.32	21.4	21.28	21.6	21.68	21.28	20.72	21.2	20.88	20.96	20.88	20.56	21.36	20.76	20.8	21.16	21.12	20.8
1.24	1.0	1.32	2.4	7.88	11.84	15.04	15.72	16.48	16.72	18.04	19.0	18.56	18.96	19.76	20.16	20.84	20.72	20.08	20.56	20.68	21.04	20.8	20.6	20.84	20.6	21.04	21.76	21.76	20.92	21.68	21.52	21.12	21.0	20.16	21.12	21.32	21.6	21.2	20.72	20.68
1.12	1.0	1.12	2.72	6.8	12.72	15.12	16.04	16.4	16.48	17.72	17.76	18.48	19.28	19.64	19.32	20.4	20.2	20.84	20.68	20.96	20.92	20.8	20.76	19.84	20.72	20.96	20.56	21.28	21.68	20.52	20.72	21.16	21.4	20.88	20.96	20.8	20.36	20.56	21.64	21.44
1.08	1.04	1.0	2.68	4.68	11.44	15.48	15.76	16.04	17.2	17.8	17.72	17.76	18.76	19.08	19.6	20.68	20.72	20.36	20.24	21.36	20.76	21.08	20.04	21.24	20.76	20.52	21.28	20.6	20.32	21.08	21.12	21.48	20.4	21.28	20.92	20.6	21.12	20.76	20.84	20.92
1.04	1.0	1.24	2.08	6.96	14.04	16.04	17.04	16.52	16.8	17.68	17.68	18.52	18.52	19.36	19.64	19.56	20.76	20.4	20.64	20.6	20.44	20.36	20.92	21.0	20.88	20.92	20.64	20.48	20.76	21.16	20.24	20.8	21.0	20.92	20.52	20.88	21.12	21.6	20.64	21.08
1.0	1.0	1.04	1.72	8.64	14.36	15.08	17.48	16.92	17.24	17.76	18.4	18.28	18.88	20.8	18.76	19.84	19.84	20.64	20.64	20.28	20.92	20.24	21.56	20.72	21.4	20.48	20.84	20.96	21.48	21.32	20.88	21.12	21.12	20.84	20.68	20.52	20.84	21.24	20.48	20.92
1.0	1.08	1.04	1.84	8.08	17.52	15.64	17.36	16.28	17.84	18.08	17.88	18.48	18.76	18.64	19.24	20.0	19.76	20.56	20.4	20.52	20.76	20.72	20.08	21.24	21.0	20.6	21.52	21.08	21.04	20.4	20.6	20.88	20.92	20.72	20.24	21.0	21.08	20.72	21.56	21.04
1.04	1.12	1.12	1.24	9.0	17.92	20.44	17.92	16.88	17.88	17.4	18.68	19.16	18.44	19.2	19.6	20.08	20.16	20.24	20.16	20.68	19.12	20.8	20.72	20.4	20.8	20.8	21.4	21.6	20.76	20.44	20.76	20.04	21.24	21.44	21.16	21.16	21.4	21.28	20.64	20.6
1.32	1.12	1.2	1.28	6.0	14.68	20.96	17.88	18.24	17.48	18.4	17.92	19.04	18.84	19.16	19.32	19.72	20.68	19.64	20.52	21.6	20.88	20.6	20.84	20.08	20.64	21.04	20.6	20.6	21.16	21.4	21.28	20.56	21.32	22.04	20.8	20.8	20.24	21.44	21.44	21.52
1.0	1.0	1.08	1.6	6.12	23.96	20.28	16.88	19.12	17.96	18.32	17.24	18.84	19.24	19.12	19.32	19.96	20.32	21.2	20.56	21.2	20.8	20.36	21.04	20.36	20.36	21.24	20.52	21.04	21.68	21.28	20.84	19.44	20.72	20.76	20.92	21.04	20.68	20.76	21.12	20.96
1.12	1.0	1.04	1.2	5.0	21.76	21.88	19.72	19.16	19.76	17.68	18.36	18.92	19.08	19.36	19.08	19.12	19.68	20.6	20.08	20.4	19.76	20.84	20.92	20.96	20.68	20.8	21.08	20.64	21.2	21.24	21.04	20.8	21.0	20.56	20.52	20.88	21.12	20.6	20.68	20.68
1.04	1.0	1.0	1.28	6.32	31.36	21.44	26.0	18.12	20.04	17.96	18.8	18.96	19.36	20.24	19.12	20.24	19.8	19.92	20.6	21.16	21.04	20.84	20.92	20.64	20.52	21.08	20.6	20.28	21.32	20.96	20.8	21.52	20.44	20.56	21.24	21.4	21.4	20.08	20.36	21.48
1.0	1.04	1.0	1.24	2.4	33.6	27.2	25.2	19.36	20.08	18.04	18.68	20.08	19.72	19.24	18.68	19.6	19.72	19.76	19.76	20.76	20.36	21.08	20.8	20.48	20.56	20.72	20.72	20.56	20.96	21.24	19.92	21.08	20.36	20.92	22.2	20.52	20.64	21.28	20.96	21.08
1.0	1.04	1.0	1.44	3.28	5.36	39.56	23.48	20.56	19.88	19.68	19.32	19.92	19.36	20.6	20.32	19.28	20.0	20.12	20.76	20.12	20.8	20.24	20.52	20.24	20.24	20.88	21.24	20.88	20.16	20.56	21.24	20.24	21.0	21.4	20.72	20.56	20.88	20.8	20.92	21.0
1.12	1.16	1.08	1.2	2.68	6.56	26.2	24.76	19.28	20.48	20.96	19.52	19.0	19.76	20.2	20.92	19.92	19.6	19.88	20.0	19.92	20.6	20.56	20.8	21.28	20.96	21.24	20.8	21.08	21.36	20.28	20.76	20.76	21.56	21.36	20.36	21.04	20.88	20.52	21.28	21.48
1.2	1.4	1.0	1.28	1.64	6.24	41.0	27.32	28.2	21.16	21.92	20.24	19.12	19.28	19.08	20.24	19.08	19.52	19.6	20.48	20.08	20.56	20.16	20.32	20.76	20.8	20.56	20.44	20.92	20.72	20.96	21.36	20.32	21.36	20.72	21.08	20.2	20.2	20.96	20.76	21.48
1.04	1.04	1.04	1.16	1.48	5.92	32.68	24.32	27.44	21.48	21.4	20.28	19.4	20.24	19.88	20.92	20.64	20.08	19.64	20.0	20.16	20.4	20.48	20.4	20.68	20.72	21.12	20.48	20.8	20.32	20.84	20.84	21.04	20.68	20.76	20.12	20.96	20.88	21.08	21.28	21.12
1.0	1.0	1.0	1.04	1.28	7.4	32.88	28.04	22.68	21.56	21.48	22.0	19.64	20.16	20.64	20.76	20.72	20.6	19.6	19.8	20.28	20.56	20.4	20.44	20.52	20.36	20.84	20.4	20.56	20.64	20.6	20.48	20.88	20.88	21.28	20.6	20.64	20.84	21.12	20.56	21.24
1.04	1.12	1.0	1.08	2.04	2.08	36.64	37.68	25.4	20.32	21.48	22.84	20.04	17.96	20.4	20.8	19.84	20.84	19.32	20.28	20.6	20.64	20.32	19.72	21.32	20.44	21.2	19.92	21.0	21.36	20.92	20.48	20.6	21.96	20.32	20.44	20.76	21.28	21.24	21.44	22.0
1.08	1.04	1.0	1.2	1.28	2.56	6.4	34.8	28.08	27.72	21.6	22.84	22.44	20.36	21.84	20.88	20.72	20.48	20.16	19.56	20.16	19.84	20.36	20.56	20.8	20.2	20.68	20.88	20.68	20.68	21.0	20.76	20.4	20.88	21.28	20.52	20.48	20.56	21.48	21.12	20.8
1.08	1.0	1.0	1.04	1.2	1.8	5.04	41.48	27.64	29.32	22.6	23.08	22.52	19.88	21.16	20.6	20.44	20.72	21.0	20.12	20.4	20.28	19.88	21.28	20.64	20.12	20.4	20.8	20.88	20.84	21.56	21.2	20.68	21.04	20.4	19.6	19.8	19.96	21.36	21.48	21.04
1.08	1.04	1.0	1.08	1.08	3.36	5.6	31.0	27.64	27.28	21.92	22.36	22.24	20.88	20.48	21.24	20.72	20.72	20.8	20.72	20.6	20.96	19.76	20.56	21.4	20.8	21.08	20.56	21.16	20.12	19.96	21.44	20.4	20.12	20.56	20.44	20.36	20.72	20.52	20.8	21.56
1.0	1.0	1.0	1.0	1.08	2.12	7.36	35.64	24.36	27.76	21.76	22.56	22.6	23.36	20.64	20.48	20.84	20.24	20.68	21.2	20.48	20.28	21.08	20.16	20.56	20.76	19.76	21.56	20.56	21.08	20.56	20.56	20.56	21.16	19.96	20.8	20.96	20.52	20.52	20.92	21.48
1.0	1.16	1.32	1.0	1.04	1.48	8.52	31.04	39.0	28.52	28.08	22.88	23.16	22.52	20.48	21.44	21.36	21.68	20.6	20.72	20.44	21.6	19.96	20.12	21.04	21.0	20.08	20.56	21.0	20.84	20.48	20.64	21.28	20.28	20.88	20.32	20.68	20.28	20.64	21.64	21.48
