1.0	0.502236328125	0.50083984375
2.0	0.407666015625	0.152744140625
3.0	0.32904296875	0.022841796875
4.0	0.275693359375	0.003427734375
5.0	0.2381640625	0.001689453125
6.0	0.210517578125	0.002275390625
7.0	0.189169921875	0.0037890625
8.0	0.17328125	0.006318359375
9.0	0.160849609375	0.009453125
10.0	0.1512109375	0.01361328125
11.0	0.1444921875	0.01890625
12.0	0.139990234375	0.025849609375
13.0	0.136630859375	0.03486328125
14.0	0.13443359375	0.047099609375
15.0	0.134169921875	0.0619921875
16.0	0.1351171875	0.082099609375
17.0	0.13853515625	0.106982421875
18.0	0.143623046875	0.13998046875
19.0	0.150830078125	0.182509765625
20.0	0.1596484375	0.2340625
21.0	0.171455078125	0.2952734375
22.0	0.18541015625	0.363681640625
23.0	0.2027734375	0.43759765625
24.0	0.222978515625	0.511435546875
25.0	0.244306640625	0.58431640625
26.0	0.268583984375	0.650078125
27.0	0.29580078125	0.7062109375
28.0	0.32384765625	0.751279296875
29.0	0.353046875	0.783896484375
30.0	0.385849609375	0.808408203125
31.0	0.419365234375	0.824970703125
32.0	0.45263671875	0.834013671875
33.0	0.486171875	0.836650390625
34.0	0.5183984375	0.834931640625
35.0	0.547861328125	0.829873046875
36.0	0.574580078125	0.82255859375
37.0	0.597900390625	0.813515625
38.0	0.619697265625	0.80302734375
39.0	0.638994140625	0.791640625
40.0	0.657333984375	0.779384765625
41.0	0.674443359375	0.7661328125
42.0	0.689931640625	0.75216796875
43.0	0.703525390625	0.736630859375
44.0	0.716064453125	0.7206640625
45.0	0.727431640625	0.7034375
46.0	0.737421875	0.685859375
47.0	0.74671875	0.667548828125
48.0	0.75515625	0.648837890625
49.0	0.761962890625	0.6296875
50.0	0.767607421875	0.60986328125
51.0	0.772099609375	0.589521484375
52.0	0.775771484375	0.569306640625
53.0	0.779072265625	0.5483984375
54.0	0.781669921875	0.5270703125
55.0	0.78384765625	0.505498046875
56.0	0.78564453125	0.483759765625
57.0	0.786845703125	0.461220703125
58.0	0.788115234375	0.438447265625
59.0	0.788984375	0.4153125
60.0	0.789638671875	0.391669921875
61.0	0.7902734375	0.368505859375
62.0	0.79064453125	0.344970703125
63.0	0.790888671875	0.32154296875
64.0	0.79087890625	0.298408203125
65.0	0.790869140625	0.27552734375
66.0	0.79080078125	0.253359375
67.0	0.790830078125	0.231962890625
68.0	0.790849609375	0.210947265625
69.0	0.7908984375	0.191572265625
70.0	0.790810546875	0.173349609375
71.0	0.7908984375	0.1563671875
72.0	0.7909375	0.140107421875
73.0	0.7910546875	0.125087890625
74.0	0.79107421875	0.11154296875
75.0	0.79115234375	0.099375
76.0	0.7911328125	0.088056640625
77.0	0.791220703125	0.077578125
78.0	0.791220703125	0.068076171875
79.0	0.7912890625	0.059228515625
80.0	0.791259765625	0.05142578125
81.0	0.79134765625	0.044599609375
82.0	0.791318359375	0.038798828125
83.0	0.79134765625	0.03376953125
84.0	0.791337890625	0.029248046875
85.0	0.791396484375	0.0251953125
86.0	0.7913671875	0.02166015625
87.0	0.79140625	0.01859375
88.0	0.791357421875	0.015849609375
89.0	0.79138671875	0.013525390625
90.0	0.79134765625	0.011650390625
91.0	0.79138671875	0.010126953125
92.0	0.79134765625	0.008916015625
93.0	0.79138671875	0.00783203125
94.0	0.79134765625	0.007001953125
95.0	0.79138671875	0.00607421875
96.0	0.79134765625	0.00521484375
97.0	0.79138671875	0.004521484375
98.0	0.79134765625	0.003974609375
99.0	0.79138671875	0.003408203125
100.0	0.79134765625	0.0028125
101.0	0.79138671875	0.002314453125
102.0	0.79134765625	0.001865234375
103.0	0.79138671875	0.0015234375
104.0	0.79134765625	0.001142578125
105.0	0.79138671875	0.0008203125
106.0	0.79134765625	0.000625
107.0	0.79138671875	0.000439453125
108.0	0.79134765625	0.00025390625
109.0	0.79138671875	0.00013671875
110.0	0.79134765625	7.8125e-5
111.0	0.79138671875	3.90625e-5
112.0	0.79134765625	0.0
113.0	0.79138671875	0.0
114.0	0.79134765625	0.0
115.0	0.79138671875	0.0
116.0	0.79134765625	0.0
117.0	0.79138671875	0.0
118.0	0.79134765625	0.0
119.0	0.79138671875	0.0
120.0	0.79134765625	0.0
121.0	0.79138671875	0.0
122.0	0.79134765625	0.0
123.0	0.79138671875	0.0
124.0	0.79134765625	0.0
125.0	0.79138671875	0.0
126.0	0.79134765625	0.0
127.0	0.79138671875	0.0
128.0	0.79134765625	0.0
129.0	0.79138671875	0.0
130.0	0.79134765625	0.0
131.0	0.79138671875	0.0
132.0	0.79134765625	0.0
133.0	0.79138671875	0.0
134.0	0.79134765625	0.0
135.0	0.79138671875	0.0
136.0	0.79134765625	0.0
137.0	0.79138671875	0.0
138.0	0.79134765625	0.0
139.0	0.79138671875	0.0
140.0	0.79134765625	0.0
141.0	0.79138671875	0.0
142.0	0.79134765625	0.0
143.0	0.79138671875	0.0
144.0	0.79134765625	0.0
145.0	0.79138671875	0.0
146.0	0.79134765625	0.0
147.0	0.79138671875	0.0
148.0	0.79134765625	0.0
149.0	0.79138671875	0.0
150.0	0.79134765625	0.0
151.0	0.79138671875	0.0
152.0	0.79134765625	0.0
153.0	0.79138671875	0.0
154.0	0.79134765625	0.0
155.0	0.79138671875	0.0
156.0	0.79134765625	0.0
157.0	0.79138671875	0.0
158.0	0.79134765625	0.0
159.0	0.79138671875	0.0
160.0	0.79134765625	0.0
161.0	0.79138671875	0.0
162.0	0.79134765625	0.0
163.0	0.79138671875	0.0
164.0	0.79134765625	0.0
165.0	0.79138671875	0.0
166.0	0.79134765625	0.0
167.0	0.79138671875	0.0
168.0	0.79134765625	0.0
169.0	0.79138671875	0.0
170.0	0.79134765625	0.0
171.0	0.79138671875	0.0
172.0	0.79134765625	0.0
173.0	0.79138671875	0.0
174.0	0.79134765625	0.0
175.0	0.79138671875	0.0
176.0	0.79134765625	0.0
177.0	0.79138671875	0.0
178.0	0.79134765625	0.0
179.0	0.79138671875	0.0
180.0	0.79134765625	0.0
181.0	0.79138671875	0.0
182.0	0.79134765625	0.0
183.0	0.79138671875	0.0
184.0	0.79134765625	0.0
185.0	0.79138671875	0.0
186.0	0.79134765625	0.0
187.0	0.79138671875	0.0
188.0	0.79134765625	0.0
189.0	0.79138671875	0.0
190.0	0.79134765625	0.0
191.0	0.79138671875	0.0
192.0	0.79134765625	0.0
193.0	0.79138671875	0.0
194.0	0.79134765625	0.0
195.0	0.79138671875	0.0
196.0	0.79134765625	0.0
197.0	0.79138671875	0.0
198.0	0.79134765625	0.0
199.0	0.79138671875	0.0
200.0	0.79134765625	0.0
201.0	0.79138671875	0.0
202.0	0.79134765625	0.0
203.0	0.79138671875	0.0
204.0	0.79134765625	0.0
205.0	0.79138671875	0.0
206.0	0.79134765625	0.0
207.0	0.79138671875	0.0
208.0	0.79134765625	0.0
209.0	0.79138671875	0.0
210.0	0.79134765625	0.0
211.0	0.79138671875	0.0
212.0	0.79134765625	0.0
213.0	0.79138671875	0.0
214.0	0.79134765625	0.0
215.0	0.79138671875	0.0
216.0	0.79134765625	0.0
217.0	0.79138671875	0.0
218.0	0.79134765625	0.0
219.0	0.79138671875	0.0
220.0	0.79134765625	0.0
221.0	0.79138671875	0.0
222.0	0.79134765625	0.0
223.0	0.79138671875	0.0
224.0	0.79134765625	0.0
225.0	0.79138671875	0.0
226.0	0.79134765625	0.0
227.0	0.79138671875	0.0
228.0	0.79134765625	0.0
229.0	0.79138671875	0.0
230.0	0.79134765625	0.0
231.0	0.79138671875	0.0
232.0	0.79134765625	0.0
233.0	0.79138671875	0.0
234.0	0.79134765625	0.0
235.0	0.79138671875	0.0
236.0	0.79134765625	0.0
237.0	0.79138671875	0.0
238.0	0.79134765625	0.0
239.0	0.79138671875	0.0
240.0	0.79134765625	0.0
241.0	0.79138671875	0.0
242.0	0.79134765625	0.0
243.0	0.79138671875	0.0
244.0	0.79134765625	0.0
245.0	0.79138671875	0.0
246.0	0.79134765625	0.0
247.0	0.79138671875	0.0
248.0	0.79134765625	0.0
249.0	0.79138671875	0.0
250.0	0.79134765625	0.0
251.0	0.79138671875	0.0
252.0	0.79134765625	0.0
253.0	0.79138671875	0.0
254.0	0.79134765625	0.0
255.0	0.79138671875	0.0
256.0	0.79134765625	0.0
257.0	0.79138671875	0.0
258.0	0.79134765625	0.0
259.0	0.79138671875	0.0
260.0	0.79134765625	0.0
261.0	0.79138671875	0.0
262.0	0.79134765625	0.0
263.0	0.79138671875	0.0
264.0	0.79134765625	0.0
265.0	0.79138671875	0.0
266.0	0.79134765625	0.0
267.0	0.79138671875	0.0
268.0	0.79134765625	0.0
269.0	0.79138671875	0.0
270.0	0.79134765625	0.0
271.0	0.79138671875	0.0
272.0	0.79134765625	0.0
273.0	0.79138671875	0.0
274.0	0.79134765625	0.0
275.0	0.79138671875	0.0
276.0	0.79134765625	0.0
277.0	0.79138671875	0.0
278.0	0.79134765625	0.0
279.0	0.79138671875	0.0
280.0	0.79134765625	0.0
281.0	0.79138671875	0.0
282.0	0.79134765625	0.0
283.0	0.79138671875	0.0
284.0	0.79134765625	0.0
285.0	0.79138671875	0.0
286.0	0.79134765625	0.0
287.0	0.79138671875	0.0
288.0	0.79134765625	0.0
289.0	0.79138671875	0.0
290.0	0.79134765625	0.0
291.0	0.79138671875	0.0
292.0	0.79134765625	0.0
293.0	0.79138671875	0.0
294.0	0.79134765625	0.0
295.0	0.79138671875	0.0
296.0	0.79134765625	0.0
297.0	0.79138671875	0.0
298.0	0.79134765625	0.0
299.0	0.79138671875	0.0
300.0	0.79134765625	0.0
301.0	0.79138671875	0.0
302.0	0.79134765625	0.0
303.0	0.79138671875	0.0
304.0	0.79134765625	0.0
305.0	0.79138671875	0.0
306.0	0.79134765625	0.0
307.0	0.79138671875	0.0
308.0	0.79134765625	0.0
309.0	0.79138671875	0.0
310.0	0.79134765625	0.0
311.0	0.79138671875	0.0
312.0	0.79134765625	0.0
313.0	0.79138671875	0.0
314.0	0.79134765625	0.0
315.0	0.79138671875	0.0
316.0	0.79134765625	0.0
317.0	0.79138671875	0.0
318.0	0.79134765625	0.0
319.0	0.79138671875	0.0
320.0	0.79134765625	0.0
321.0	0.79138671875	0.0
322.0	0.79134765625	0.0
323.0	0.79138671875	0.0
324.0	0.79134765625	0.0
325.0	0.79138671875	0.0
326.0	0.79134765625	0.0
327.0	0.79138671875	0.0
328.0	0.79134765625	0.0
329.0	0.79138671875	0.0
330.0	0.79134765625	0.0
331.0	0.79138671875	0.0
332.0	0.79134765625	0.0
333.0	0.79138671875	0.0
334.0	0.79134765625	0.0
335.0	0.79138671875	0.0
336.0	0.79134765625	0.0
337.0	0.79138671875	0.0
338.0	0.79134765625	0.0
339.0	0.79138671875	0.0
340.0	0.79134765625	0.0
341.0	0.79138671875	0.0
342.0	0.79134765625	0.0
343.0	0.79138671875	0.0
344.0	0.79134765625	0.0
345.0	0.79138671875	0.0
346.0	0.79134765625	0.0
347.0	0.79138671875	0.0
348.0	0.79134765625	0.0
349.0	0.79138671875	0.0
350.0	0.79134765625	0.0
351.0	0.79138671875	0.0
352.0	0.79134765625	0.0
353.0	0.79138671875	0.0
354.0	0.79134765625	0.0
355.0	0.79138671875	0.0
356.0	0.79134765625	0.0
357.0	0.79138671875	0.0
358.0	0.79134765625	0.0
359.0	0.79138671875	0.0
360.0	0.79134765625	0.0
361.0	0.79138671875	0.0
362.0	0.79134765625	0.0
363.0	0.79138671875	0.0
364.0	0.79134765625	0.0
365.0	0.79138671875	0.0
366.0	0.79134765625	0.0
367.0	0.79138671875	0.0
368.0	0.79134765625	0.0
369.0	0.79138671875	0.0
370.0	0.79134765625	0.0
371.0	0.79138671875	0.0
372.0	0.79134765625	0.0
373.0	0.79138671875	0.0
374.0	0.79134765625	0.0
375.0	0.79138671875	0.0
376.0	0.79134765625	0.0
377.0	0.79138671875	0.0
378.0	0.79134765625	0.0
379.0	0.79138671875	0.0
380.0	0.79134765625	0.0
381.0	0.79138671875	0.0
382.0	0.79134765625	0.0
383.0	0.79138671875	0.0
384.0	0.79134765625	0.0
385.0	0.79138671875	0.0
386.0	0.79134765625	0.0
387.0	0.79138671875	0.0
388.0	0.79134765625	0.0
389.0	0.79138671875	0.0
390.0	0.79134765625	0.0
391.0	0.79138671875	0.0
392.0	0.79134765625	0.0
393.0	0.79138671875	0.0
394.0	0.79134765625	0.0
395.0	0.79138671875	0.0
396.0	0.79134765625	0.0
397.0	0.79138671875	0.0
398.0	0.79134765625	0.0
399.0	0.79138671875	0.0
400.0	0.79134765625	0.0
401.0	0.79138671875	0.0
402.0	0.79134765625	0.0
403.0	0.79138671875	0.0
404.0	0.79134765625	0.0
405.0	0.79138671875	0.0
406.0	0.79134765625	0.0
407.0	0.79138671875	0.0
408.0	0.79134765625	0.0
409.0	0.79138671875	0.0
410.0	0.79134765625	0.0
411.0	0.79138671875	0.0
412.0	0.79134765625	0.0
413.0	0.79138671875	0.0
414.0	0.79134765625	0.0
415.0	0.79138671875	0.0
416.0	0.79134765625	0.0
417.0	0.79138671875	0.0
418.0	0.79134765625	0.0
419.0	0.79138671875	0.0
420.0	0.79134765625	0.0
421.0	0.79138671875	0.0
422.0	0.79134765625	0.0
423.0	0.79138671875	0.0
424.0	0.79134765625	0.0
425.0	0.79138671875	0.0
426.0	0.79134765625	0.0
427.0	0.79138671875	0.0
428.0	0.79134765625	0.0
429.0	0.79138671875	0.0
430.0	0.79134765625	0.0
431.0	0.79138671875	0.0
432.0	0.79134765625	0.0
433.0	0.79138671875	0.0
434.0	0.79134765625	0.0
435.0	0.79138671875	0.0
436.0	0.79134765625	0.0
437.0	0.79138671875	0.0
438.0	0.79134765625	0.0
439.0	0.79138671875	0.0
440.0	0.79134765625	0.0
441.0	0.79138671875	0.0
442.0	0.79134765625	0.0
443.0	0.79138671875	0.0
444.0	0.79134765625	0.0
445.0	0.79138671875	0.0
446.0	0.79134765625	0.0
447.0	0.79138671875	0.0
448.0	0.79134765625	0.0
449.0	0.79138671875	0.0
450.0	0.79134765625	0.0
451.0	0.79138671875	0.0
452.0	0.79134765625	0.0
453.0	0.79138671875	0.0
454.0	0.79134765625	0.0
455.0	0.79138671875	0.0
456.0	0.79134765625	0.0
457.0	0.79138671875	0.0
458.0	0.79134765625	0.0
459.0	0.79138671875	0.0
460.0	0.79134765625	0.0
461.0	0.79138671875	0.0
462.0	0.79134765625	0.0
463.0	0.79138671875	0.0
464.0	0.79134765625	0.0
465.0	0.79138671875	0.0
466.0	0.79134765625	0.0
467.0	0.79138671875	0.0
468.0	0.79134765625	0.0
469.0	0.79138671875	0.0
470.0	0.79134765625	0.0
471.0	0.79138671875	0.0
472.0	0.79134765625	0.0
473.0	0.79138671875	0.0
474.0	0.79134765625	0.0
475.0	0.79138671875	0.0
476.0	0.79134765625	0.0
477.0	0.79138671875	0.0
478.0	0.79134765625	0.0
479.0	0.79138671875	0.0
480.0	0.79134765625	0.0
481.0	0.79138671875	0.0
482.0	0.79134765625	0.0
483.0	0.79138671875	0.0
484.0	0.79134765625	0.0
485.0	0.79138671875	0.0
486.0	0.79134765625	0.0
487.0	0.79138671875	0.0
488.0	0.79134765625	0.0
489.0	0.79138671875	0.0
490.0	0.79134765625	0.0
491.0	0.79138671875	0.0
492.0	0.79134765625	0.0
493.0	0.79138671875	0.0
494.0	0.79134765625	0.0
495.0	0.79138671875	0.0
496.0	0.79134765625	0.0
497.0	0.79138671875	0.0
498.0	0.79134765625	0.0
499.0	0.79138671875	0.0
500.0	0.79134765625	0.0
