0.0009765625	0.5955859375	0.555615234375	0.632958984375	0.563212890625	0.60763671875	0.559462890625	0.600849609375	0.548994140625	0.531943359375	0.6092578125	0.569609375	0.616708984375	0.570048828125	0.5508984375	0.56435546875	0.53224609375	0.547275390625	0.490908203125	0.5987890625	0.6360546875	0.54134765625	0.54962890625	0.5523046875	0.526962890625	0.5751171875	0.597265625	0.60498046875	0.4950390625	0.576455078125	0.58287109375	0.587958984375	0.473134765625	0.582509765625	0.5898046875	0.56712890625	0.580556640625	0.586416015625	0.5721875	0.559609375	0.555458984375
0.0009765625	0.03962890625	0.595361328125	0.5684765625	0.61333984375	0.604638671875	0.60205078125	0.60244140625	0.52126953125	0.598466796875	0.598935546875	0.604482421875	0.57146484375	0.591875	0.54673828125	0.59986328125	0.566220703125	0.578876953125	0.53732421875	0.548564453125	0.581552734375	0.612802734375	0.625654296875	0.544833984375	0.5828515625	0.55185546875	0.605390625	0.57015625	0.57259765625	0.5521875	0.53853515625	0.5898046875	0.5621484375	0.53232421875	0.541220703125	0.564375	0.545283203125	0.561474609375	0.535	0.549443359375	0.56421875
0.0009765625	0.005517578125	0.034208984375	0.593173828125	0.5426171875	0.597080078125	0.57724609375	0.52611328125	0.493857421875	0.50634765625	0.570537109375	0.567470703125	0.6075	0.615380859375	0.497119140625	0.615458984375	0.6035546875	0.6094140625	0.56142578125	0.564140625	0.569296875	0.518486328125	0.600888671875	0.563876953125	0.5350390625	0.5531640625	0.60337890625	0.562509765625	0.61173828125	0.617373046875	0.521005859375	0.5595703125	0.609521484375	0.595908203125	0.5578125	0.50705078125	0.56447265625	0.594619140625	0.556806640625	0.509326171875	0.566474609375
0.0009765625	0.00380859375	0.009580078125	0.041884765625	0.591865234375	0.53146484375	0.578828125	0.505634765625	0.6015625	0.602333984375	0.590322265625	0.5694921875	0.581064453125	0.604970703125	0.5244921875	0.444599609375	0.51642578125	0.638662109375	0.6012890625	0.54943359375	0.58537109375	0.58029296875	0.599599609375	0.550126953125	0.60439453125	0.610849609375	0.58287109375	0.59900390625	0.608154296875	0.5125	0.592744140625	0.583876953125	0.577509765625	0.5951171875	0.5147265625	0.552197265625	0.50904296875	0.623173828125	0.574609375	0.49701171875	0.61943359375
0.0009765625	0.0027734375	0.005517578125	0.011005859375	0.05240234375	0.55216796875	0.5746484375	0.558623046875	0.516669921875	0.4936328125	0.543154296875	0.60015625	0.58552734375	0.582333984375	0.583818359375	0.536796875	0.5444140625	0.559189453125	0.571279296875	0.4785546875	0.6106640625	0.54884765625	0.572275390625	0.57224609375	0.6248828125	0.6134765625	0.558857421875	0.5719140625	0.546181640625	0.597900390625	0.51861328125	0.556728515625	0.61904296875	0.561103515625	0.551474609375	0.59017578125	0.59951171875	0.582373046875	0.626513671875	0.5733984375	0.50591796875
0.0009765625	0.002099609375	0.005078125	0.007744140625	0.015634765625	0.048740234375	0.578583984375	0.565869140625	0.579521484375	0.61802734375	0.569853515625	0.607685546875	0.56291015625	0.572431640625	0.580830078125	0.589794921875	0.548359375	0.5196484375	0.62849609375	0.536064453125	0.54203125	0.5691015625	0.561357421875	0.5551171875	0.563896484375	0.579580078125	0.592685546875	0.626025390625	0.584638671875	0.591630859375	0.570615234375	0.548984375	0.6194921875	0.57384765625	0.576728515625	0.58345703125	0.606201171875	0.5946484375	0.598037109375	0.549541015625	0.543095703125
0.0009765625	0.002216796875	0.00501953125	0.006025390625	0.014892578125	0.021044921875	0.1057421875	0.598896484375	0.614306640625	0.543154296875	0.55845703125	0.59814453125	0.54498046875	0.571845703125	0.5876953125	0.535283203125	0.611220703125	0.622822265625	0.539833984375	0.584072265625	0.584921875	0.599521484375	0.58455078125	0.57046875	0.557470703125	0.56845703125	0.560556640625	0.58033203125	0.502724609375	0.578388671875	0.61521484375	0.569384765625	0.463486328125	0.528173828125	0.624853515625	0.599384765625	0.579091796875	0.549404296875	0.514814453125	0.632880859375	0.529970703125
0.0009765625	0.001259765625	0.003486328125	0.005693359375	0.00763671875	0.01732421875	0.0821484375	0.34255859375	0.549755859375	0.60505859375	0.583193359375	0.55466796875	0.620927734375	0.611162109375	0.6007421875	0.543994140625	0.54466796875	0.62251953125	0.6309375	0.56607421875	0.586728515625	0.55625	0.620546875	0.57603515625	0.521904296875	0.54478515625	0.561435546875	0.527578125	0.55203125	0.564677734375	0.59224609375	0.560078125	0.536640625	0.599580078125	0.598046875	0.555087890625	0.60650390625	0.5905078125	0.575673828125	0.591962890625	0.564208984375
0.0009765625	0.000986328125	0.00302734375	0.004716796875	0.007802734375	0.013564453125	0.025234375	0.255625	0.3330078125	0.6196875	0.563310546875	0.59693359375	0.5559765625	0.59552734375	0.589013671875	0.565732421875	0.575712890625	0.522939453125	0.56271484375	0.618125	0.53408203125	0.569267578125	0.52115234375	0.6044140625	0.575087890625	0.6241015625	0.58830078125	0.59619140625	0.580087890625	0.5856640625	0.506640625	0.5934765625	0.48802734375	0.5945703125	0.51884765625	0.617255859375	0.51498046875	0.593740234375	0.541083984375	0.522158203125	0.550419921875
0.0009765625	0.0009765625	0.0031640625	0.00376953125	0.008193359375	0.010947265625	0.01951171875	0.09966796875	0.511865234375	0.576103515625	0.57501953125	0.61900390625	0.5337109375	0.489443359375	0.5753125	0.544287109375	0.589033203125	0.61154296875	0.548232421875	0.59732421875	0.618525390625	0.59423828125	0.602197265625	0.593876953125	0.548701171875	0.548056640625	0.639228515625	0.536572265625	0.577080078125	0.601591796875	0.538369140625	0.5781640625	0.522138671875	0.46388671875	0.498955078125	0.518427734375	0.617470703125	0.516552734375	0.59166015625	0.585556640625	0.583671875
0.0009765625	0.0009765625	0.002177734375	0.003662109375	0.0058984375	0.00814453125	0.015888671875	0.082138671875	0.336572265625	0.58109375	0.604765625	0.613076171875	0.53771484375	0.4653515625	0.636962890625	0.601025390625	0.55349609375	0.498232421875	0.5738671875	0.575537109375	0.522158203125	0.546162109375	0.53138671875	0.442763671875	0.635048828125	0.56775390625	0.57412109375	0.565673828125	0.544873046875	0.54521484375	0.578271484375	0.598193359375	0.599951171875	0.594365234375	0.5426171875	0.509619140625	0.547119140625	0.50427734375	0.491591796875	0.596640625	0.617158203125
0.0009765625	0.0009765625	0.0023828125	0.003818359375	0.005810546875	0.010126953125	0.030771484375	0.05005859375	0.2599609375	0.4095703125	0.543017578125	0.57318359375	0.555185546875	0.571611328125	0.558427734375	0.47138671875	0.52947265625	0.51384765625	0.6028515625	0.59279296875	0.56576171875	0.465380859375	0.589033203125	0.580361328125	0.59447265625	0.52466796875	0.544931640625	0.565830078125	0.5687109375	0.599365234375	0.62619140625	0.57673828125	0.592236328125	0.58158203125	0.579013671875	0.569755859375	0.558125	0.6128125	0.618662109375	0.54953125	0.576005859375
0.0009765625	0.0009765625	0.00255859375	0.00337890625	0.006689453125	0.00966796875	0.02068359375	0.037890625	0.24666015625	0.433935546875	0.587841796875	0.515126953125	0.5828125	0.55751953125	0.54595703125	0.5941796875	0.5359765625	0.548466796875	0.62130859375	0.60083984375	0.526943359375	0.59240234375	0.59361328125	0.56923828125	0.594140625	0.580732421875	0.540927734375	0.5683984375	0.594326171875	0.60205078125	0.575986328125	0.5770703125	0.585576171875	0.53474609375	0.5690234375	0.5425	0.558330078125	0.56365234375	0.573349609375	0.56716796875	0.601953125
0.0009765625	0.0009765625	0.0012109375	0.003251953125	0.00455078125	0.007880859375	0.021318359375	0.124072265625	0.200654296875	0.349638671875	0.524951171875	0.53822265625	0.526640625	0.589052734375	0.62927734375	0.5362109375	0.587236328125	0.551787109375	0.540673828125	0.579072265625	0.5914453125	0.584287109375	0.626083984375	0.57990234375	0.505283203125	0.55841796875	0.571513671875	0.598056640625	0.5909375	0.57732421875	0.56525390625	0.58951171875	0.525078125	0.569873046875	0.528876953125	0.600439453125	0.624033203125	0.57873046875	0.58	0.572373046875	0.56623046875
0.0009765625	0.0009765625	0.00130859375	0.003173828125	0.004609375	0.007236328125	0.023974609375	0.1141796875	0.17654296875	0.49291015625	0.57259765625	0.54291015625	0.549140625	0.50294921875	0.5864453125	0.559638671875	0.506005859375	0.61564453125	0.470986328125	0.610146484375	0.583740234375	0.52830078125	0.549677734375	0.63814453125	0.5857421875	0.50169921875	0.580673828125	0.5925	0.547099609375	0.56671875	0.5430859375	0.51841796875	0.518583984375	0.5687890625	0.556513671875	0.498896484375	0.58328125	0.582509765625	0.564541015625	0.588583984375	0.606884765625
0.0009765625	0.0009765625	0.00103515625	0.002626953125	0.0041796875	0.005400390625	0.016923828125	0.066669921875	0.1580078125	0.53775390625	0.529833984375	0.613681640625	0.545625	0.624833984375	0.59904296875	0.517001953125	0.59388671875	0.528642578125	0.61361328125	0.6191796875	0.5684375	0.498515625	0.528095703125	0.484921875	0.60271484375	0.52712890625	0.553251953125	0.55642578125	0.599189453125	0.56857421875	0.609404296875	0.55384765625	0.546181640625	0.5972265625	0.575107421875	0.630283203125	0.61794921875	0.5826953125	0.59119140625	0.579169921875	0.5817578125
0.0009765625	0.0009765625	0.000986328125	0.002763671875	0.004716796875	0.008603515625	0.016904296875	0.08935546875	0.4008203125	0.521142578125	0.547216796875	0.530458984375	0.57748046875	0.52005859375	0.558818359375	0.592578125	0.61068359375	0.574833984375	0.584482421875	0.523447265625	0.519775390625	0.5516015625	0.5586328125	0.577236328125	0.64453125	0.553154296875	0.53068359375	0.552373046875	0.575576171875	0.59908203125	0.56513671875	0.505439453125	0.577080078125	0.5723046875	0.570068359375	0.533818359375	0.527783203125	0.596748046875	0.508154296875	0.565390625	0.56353515625
0.0009765625	0.0009765625	0.000986328125	0.0027734375	0.004833984375	0.009794921875	0.045869140625	0.073154296875	0.46951171875	0.5468359375	0.496357421875	0.597880859375	0.568291015625	0.6183203125	0.615830078125	0.5883203125	0.558935546875	0.6097265625	0.5934765625	0.61169921875	0.577587890625	0.57033203125	0.52228515625	0.57625	0.56283203125	0.584150390625	0.58494140625	0.589208984375	0.54017578125	0.60671875	0.512314453125	0.610419921875	0.572568359375	0.56775390625	0.5883203125	0.546005859375	0.517998046875	0.569443359375	0.59994140625	0.58146484375	0.58083984375
0.0009765625	0.0009765625	0.0009765625	0.001328125	0.0045703125	0.008759765625	0.029375	0.0655078125	0.356591796875	0.472939453125	0.53259765625	0.58568359375	0.512900390625	0.56240234375	0.553720703125	0.5698046875	0.6169921875	0.569130859375	0.565556640625	0.487705078125	0.62591796875	0.6220703125	0.575234375	0.528662109375	0.58880859375	0.561708984375	0.55833984375	0.58822265625	0.551630859375	0.575751953125	0.56486328125	0.529921875	0.58013671875	0.572236328125	0.58595703125	0.59751953125	0.591220703125	0.585166015625	0.521875	0.6043359375	0.59349609375
0.0009765625	0.0009765625	0.0009765625	0.001328125	0.005	0.00787109375	0.021015625	0.0596484375	0.42666015625	0.436689453125	0.57234375	0.539755859375	0.53544921875	0.631064453125	0.558525390625	0.535390625	0.56466796875	0.511396484375	0.615458984375	0.5475390625	0.573173828125	0.525380859375	0.540517578125	0.57435546875	0.501015625	0.578173828125	0.6219140625	0.628369140625	0.590673828125	0.490498046875	0.483701171875	0.537529296875	0.62302734375	0.564541015625	0.516962890625	0.633935546875	0.614052734375	0.57640625	0.5828125	0.552001953125	0.588271484375
0.0009765625	0.0009765625	0.0009765625	0.00140625	0.003427734375	0.006904296875	0.0240234375	0.374912109375	0.36892578125	0.439345703125	0.439326171875	0.519912109375	0.546298828125	0.534931640625	0.602490234375	0.578798828125	0.588876953125	0.590556640625	0.56451171875	0.569130859375	0.5230859375	0.5650390625	0.5747265625	0.484248046875	0.48583984375	0.510595703125	0.62708984375	0.560439453125	0.563837890625	0.58720703125	0.5654296875	0.6171484375	0.52720703125	0.56556640625	0.586748046875	0.547890625	0.540537109375	0.595029296875	0.598671875	0.562548828125	0.561220703125
0.0009765625	0.0009765625	0.0009765625	0.001044921875	0.0041015625	0.012578125	0.0175	0.16630859375	0.375634765625	0.427373046875	0.528525390625	0.541953125	0.55912109375	0.57033203125	0.582978515625	0.544111328125	0.56310546875	0.564609375	0.614833984375	0.615869140625	0.516064453125	0.5851171875	0.54625	0.550029296875	0.5512890625	0.559423828125	0.554150390625	0.524755859375	0.505615234375	0.568388671875	0.627314453125	0.593701171875	0.55978515625	0.59708984375	0.563486328125	0.55005859375	0.5108203125	0.585400390625	0.596513671875	0.619521484375	0.54646484375
0.0009765625	0.0009765625	0.0009765625	0.001044921875	0.005068359375	0.010771484375	0.01755859375	0.12736328125	0.358955078125	0.43009765625	0.473876953125	0.50359375	0.550146484375	0.55890625	0.511328125	0.574619140625	0.545244140625	0.589560546875	0.55705078125	0.5962109375	0.559921875	0.625517578125	0.557255859375	0.5487109375	0.54251953125	0.60435546875	0.62228515625	0.493671875	0.605322265625	0.566650390625	0.58828125	0.5876171875	0.6219140625	0.595263671875	0.572265625	0.574892578125	0.56255859375	0.61435546875	0.577578125	0.62953125	0.54271484375
0.0009765625	0.0009765625	0.0009765625	0.001064453125	0.00447265625	0.01611328125	0.077373046875	0.171767578125	0.354169921875	0.443642578125	0.498681640625	0.52599609375	0.514462890625	0.56685546875	0.58232421875	0.556484375	0.58248046875	0.617587890625	0.617841796875	0.575078125	0.5136328125	0.5158203125	0.563740234375	0.556513671875	0.565458984375	0.5064453125	0.595595703125	0.561962890625	0.55984375	0.60142578125	0.549765625	0.478759765625	0.57337890625	0.5760546875	0.55525390625	0.539267578125	0.59126953125	0.55376953125	0.592275390625	0.523173828125	0.605068359375
0.0009765625	0.0009765625	0.0009765625	0.000986328125	0.00490234375	0.010986328125	0.0617578125	0.159208984375	0.3928515625	0.41435546875	0.485263671875	0.50166015625	0.512353515625	0.52658203125	0.568759765625	0.52900390625	0.55654296875	0.56138671875	0.5855078125	0.57681640625	0.562548828125	0.560732421875	0.574990234375	0.615048828125	0.618759765625	0.556943359375	0.583251953125	0.571259765625	0.58880859375	0.540126953125	0.590283203125	0.565283203125	0.60494140625	0.5919140625	0.545205078125	0.5817578125	0.546982421875	0.5964453125	0.4971484375	0.603173828125	0.591328125
0.0009765625	0.0009765625	0.0009765625	0.000986328125	0.001552734375	0.00787109375	0.096904296875	0.13806640625	0.19076171875	0.367568359375	0.449287109375	0.54140625	0.50224609375	0.5250390625	0.57130859375	0.593330078125	0.542021484375	0.537197265625	0.567666015625	0.55826171875	0.57033203125	0.61373046875	0.586923828125	0.590595703125	0.57001953125	0.546650390625	0.507177734375	0.625869140625	0.550498046875	0.54806640625	0.566787109375	0.562275390625	0.581826171875	0.537861328125	0.598427734375	0.554267578125	0.54587890625	0.5518359375	0.511640625	0.621025390625	0.448251953125
0.0009765625	0.0009765625	0.0009765625	0.00099609375	0.00154296875	0.016015625	0.086044921875	0.082451171875	0.170478515625	0.439951171875	0.41943359375	0.471201171875	0.49841796875	0.48654296875	0.52419921875	0.567880859375	0.54765625	0.575927734375	0.50689453125	0.5677734375	0.552958984375	0.592294921875	0.6241796875	0.574892578125	0.546083984375	0.5887890625	0.565224609375	0.62298828125	0.571376953125	0.59275390625	0.566015625	0.538251953125	0.564208984375	0.538115234375	0.542783203125	0.566962890625	0.62013671875	0.562314453125	0.599580078125	0.545390625	0.592109375
0.0009765625	0.0009765625	0.0009765625	0.0009765625	0.0018359375	0.010458984375	0.0651171875	0.09763671875	0.180732421875	0.1953125	0.47908203125	0.479677734375	0.548173828125	0.555068359375	0.56640625	0.533623046875	0.592568359375	0.5175	0.5641796875	0.5296875	0.482626953125	0.55267578125	0.590576171875	0.556083984375	0.587255859375	0.551474609375	0.627919921875	0.629521484375	0.562939453125	0.5789453125	0.58859375	0.488564453125	0.61984375	0.601826171875	0.5354296875	0.534580078125	0.5884375	0.588193359375	0.56431640625	0.568681640625	0.592138671875
0.0009765625	0.0009765625	0.0009765625	0.0009765625	0.0015234375	0.013037109375	0.038310546875	0.080947265625	0.168662109375	0.22658203125	0.4621875	0.43541015625	0.379990234375	0.52462890625	0.59474609375	0.4675	0.58138671875	0.573125	0.572587890625	0.530849609375	0.591640625	0.577724609375	0.515478515625	0.59935546875	0.602841796875	0.54654296875	0.617958984375	0.614365234375	0.561171875	0.574111328125	0.575546875	0.59154296875	0.603662109375	0.592998046875	0.5950390625	0.575400390625	0.56708984375	0.59048828125	0.533037109375	0.60052734375	0.586142578125
0.0009765625	0.0009765625	0.0009765625	0.0009765625	0.001005859375	0.01154296875	0.05728515625	0.06677734375	0.107216796875	0.208076171875	0.39650390625	0.401875	0.5355078125	0.479990234375	0.47779296875	0.595322265625	0.592705078125	0.604658203125	0.58791015625	0.56859375	0.51421875	0.585869140625	0.506923828125	0.54359375	0.499755859375	0.603154296875	0.524130859375	0.59541015625	0.54646484375	0.570146484375	0.59998046875	0.592060546875	0.609384765625	0.554130859375	0.549208984375	0.6100390625	0.572705078125	0.589873046875	0.573447265625	0.56634765625	0.580390625
0.0009765625	0.0009765625	0.0009765625	0.0009765625	0.001044921875	0.00154296875	0.01341796875	0.076943359375	0.162021484375	0.229501953125	0.224052734375	0.412431640625	0.421416015625	0.532158203125	0.517822265625	0.470810546875	0.525185546875	0.499111328125	0.564453125	0.528017578125	0.51892578125	0.5469921875	0.509365234375	0.573935546875	0.525869140625	0.593203125	0.578486328125	0.5189453125	0.49095703125	0.553154296875	0.62552734375	0.530751953125	0.630693359375	0.5976171875	0.564716796875	0.576552734375	0.621103515625	0.552236328125	0.5400390625	0.580458984375	0.57357421875
0.0009765625	0.0009765625	0.0009765625	0.0009765625	0.00107421875	0.001572265625	0.020966796875	0.115712890625	0.129091796875	0.197294921875	0.175556640625	0.4115234375	0.40654296875	0.5080859375	0.54384765625	0.518720703125	0.5210546875	0.56095703125	0.57806640625	0.555439453125	0.55748046875	0.563056640625	0.53763671875	0.60484375	0.574091796875	0.576669921875	0.566083984375	0.603916015625	0.572080078125	0.609609375	0.576005859375	0.595029296875	0.55873046875	0.582060546875	0.59095703125	0.486533203125	0.494736328125	0.61140625	0.57888671875	0.61666015625	0.6069921875
0.0009765625	0.0009765625	0.0009765625	0.0009765625	0.0009765625	0.001748046875	0.0115625	0.11109375	0.07326171875	0.1506640625	0.187138671875	0.40994140625	0.425751953125	0.471630859375	0.51392578125	0.54544921875	0.5036328125	0.549287109375	0.544306640625	0.558701171875	0.578642578125	0.539541015625	0.59794921875	0.528115234375	0.62927734375	0.59216796875	0.59234375	0.530654296875	0.54423828125	0.566201171875	0.608974609375	0.472314453125	0.554111328125	0.575517578125	0.5711328125	0.624228515625	0.602001953125	0.557060546875	0.61169921875	0.557783203125	0.577578125
0.0009765625	0.0009765625	0.0009765625	0.0009765625	0.00099609375	0.0017578125	0.014892578125	0.103291015625	0.102119140625	0.116787109375	0.23015625	0.429619140625	0.35453125	0.449208984375	0.4895703125	0.56109375	0.53111328125	0.5445703125	0.575341796875	0.600439453125	0.5907421875	0.576240234375	0.569775390625	0.5634765625	0.5046875	0.621005859375	0.589921875	0.586025390625	0.598583984375	0.56076171875	0.53826171875	0.533916015625	0.529345703125	0.551630859375	0.5915625	0.550986328125	0.5972265625	0.59724609375	0.586552734375	0.61001953125	0.624287109375
0.0009765625	0.0009765625	0.0009765625	0.0009765625	0.0009765625	0.00158203125	0.00935546875	0.092939453125	0.086494140625	0.081435546875	0.2195703125	0.228193359375	0.41587890625	0.421376953125	0.49626953125	0.529072265625	0.46185546875	0.558935546875	0.481845703125	0.564384765625	0.58201171875	0.544736328125	0.550341796875	0.63591796875	0.611943359375	0.566630859375	0.6037890625	0.5928125	0.6178125	0.563388671875	0.591005859375	0.575771484375	0.61025390625	0.57912109375	0.585556640625	0.545751953125	0.54615234375	0.55349609375	0.56560546875	0.59912109375	0.574658203125
0.0009765625	0.0009765625	0.0009765625	0.0009765625	0.000986328125	0.001044921875	0.016484375	0.019072265625	0.091953125	0.128876953125	0.120927734375	0.267900390625	0.408974609375	0.436474609375	0.432783203125	0.510478515625	0.46935546875	0.442744140625	0.547509765625	0.58693359375	0.577783203125	0.593056640625	0.51888671875	0.58515625	0.49533203125	0.579638671875	0.562822265625	0.495625	0.6179296875	0.557724609375	0.57939453125	0.585693359375	0.504990234375	0.5323828125	0.554619140625	0.59361328125	0.59125	0.571494140625	0.60439453125	0.542607421875	0.5983984375
0.0009765625	0.0009765625	0.0009765625	0.0009765625	0.0009765625	0.0010546875	0.001572265625	0.0173046875	0.092197265625	0.10193359375	0.08701171875	0.261962890625	0.236796875	0.45642578125	0.4288671875	0.507880859375	0.524130859375	0.52845703125	0.52642578125	0.593515625	0.528544921875	0.496025390625	0.6092578125	0.542255859375	0.614677734375	0.5554296875	0.5658203125	0.58970703125	0.5255078125	0.591845703125	0.5258203125	0.56537109375	0.60134765625	0.573935546875	0.544794921875	0.56462890625	0.578115234375	0.557890625	0.585859375	0.548916015625	0.57384765625
0.0009765625	0.0009765625	0.0009765625	0.0009765625	0.0009765625	0.001083984375	0.001533203125	0.016650390625	0.07525390625	0.102998046875	0.143935546875	0.23888671875	0.252890625	0.415048828125	0.3690625	0.466025390625	0.47546875	0.52037109375	0.484609375	0.57845703125	0.551103515625	0.592568359375	0.54408203125	0.607744140625	0.558212890625	0.568740234375	0.57302734375	0.553466796875	0.577119140625	0.5246484375	0.574853515625	0.6173046875	0.546630859375	0.51330078125	0.5874609375	0.563662109375	0.60966796875	0.569853515625	0.5467578125	0.507783203125	0.6040625
0.0009765625	0.0009765625	0.0009765625	0.0009765625	0.0009765625	0.00103515625	0.001826171875	0.016171875	0.07724609375	0.111357421875	0.130361328125	0.16298828125	0.18716796875	0.4058984375	0.415224609375	0.469814453125	0.470693359375	0.53892578125	0.4447265625	0.52482421875	0.558623046875	0.524609375	0.570703125	0.541708984375	0.57837890625	0.570126953125	0.578388671875	0.607587890625	0.555048828125	0.6226171875	0.59810546875	0.57501953125	0.63599609375	0.559287109375	0.58794921875	0.612412109375	0.594736328125	0.592431640625	0.588349609375	0.552158203125	0.556787109375
0.0009765625	0.0009765625	0.0009765625	0.0009765625	0.0009765625	0.001083984375	0.001689453125	0.01736328125	0.091533203125	0.088125	0.097568359375	0.140400390625	0.209541015625	0.213046875	0.37548828125	0.451494140625	0.48595703125	0.480673828125	0.468955078125	0.447001953125	0.54654296875	0.460966796875	0.546025390625	0.592001953125	0.502392578125	0.550302734375	0.552529296875	0.569765625	0.575546875	0.621171875	0.583818359375	0.5651171875	0.573134765625	0.6120703125	0.58517578125	0.61109375	0.608505859375	0.5773046875	0.587978515625	0.55416015625	0.593779296875
0.0009765625	0.0009765625	0.0009765625	0.0009765625	0.0009765625	0.00099609375	0.0015625	0.020703125	0.0176953125	0.10125	0.11724609375	0.132314453125	0.249091796875	0.1760546875	0.43349609375	0.331435546875	0.4498828125	0.53146484375	0.541259765625	0.53466796875	0.536142578125	0.5186328125	0.511943359375	0.618837890625	0.520810546875	0.541064453125	0.583828125	0.579951171875	0.57357421875	0.5749609375	0.624267578125	0.5868359375	0.558603515625	0.61990234375	0.618505859375	0.59251953125	0.61994140625	0.566767578125	0.59640625	0.61681640625	0.600361328125
