1.0	0.0	0.0	0.0	0.0	0.0
2.0	0.014800000000000004	0.011200000000000003	0.012800000000000002	0.012400000000000001	0.028800000000000017
3.0	0.04080000000000002	0.023600000000000013	0.0248	0.025600000000000005	0.027200000000000016
4.0	0.07000000000000002	0.024800000000000013	0.025200000000000004	0.02480000000000001	0.02280000000000001
5.0	0.09800000000000003	0.026000000000000013	0.024800000000000003	0.02280000000000001	0.02240000000000001
6.0	0.12520000000000003	0.025600000000000005	0.022000000000000002	0.02280000000000001	0.020800000000000006
7.0	0.15000000000000002	0.028800000000000006	0.020800000000000006	0.02240000000000001	0.020400000000000005
8.0	0.1748	0.028000000000000008	0.019600000000000003	0.020400000000000005	0.018400000000000007
9.0	0.19519999999999996	0.02840000000000001	0.01960000000000001	0.018400000000000003	0.018000000000000006
10.0	0.21479999999999996	0.025200000000000004	0.01920000000000001	0.015600000000000004	0.017200000000000007
11.0	0.23119999999999996	0.024000000000000004	0.018800000000000008	0.014000000000000004	0.016800000000000006
12.0	0.24679999999999996	0.0216	0.016800000000000006	0.012400000000000001	0.015600000000000001
13.0	0.26080000000000003	0.020400000000000005	0.015599999999999998	0.012000000000000002	0.0152
14.0	0.2748	0.019600000000000003	0.015200000000000002	0.011200000000000002	0.0144
15.0	0.28759999999999997	0.019600000000000003	0.015200000000000002	0.0108	0.014000000000000004
16.0	0.3	0.018800000000000004	0.015200000000000002	0.009999999999999998	0.012800000000000002
17.0	0.31199999999999994	0.018800000000000004	0.014000000000000002	0.0096	0.012800000000000002
18.0	0.324	0.018400000000000003	0.0132	0.008799999999999999	0.012800000000000002
19.0	0.33039999999999997	0.018400000000000003	0.012800000000000002	0.008799999999999999	0.012
20.0	0.33680000000000004	0.017200000000000003	0.011600000000000001	0.008799999999999999	0.010399999999999998
21.0	0.34080000000000005	0.017200000000000003	0.011600000000000001	0.008799999999999999	0.010399999999999998
22.0	0.3448	0.0164	0.0108	0.008799999999999999	0.010399999999999998
23.0	0.3472	0.0164	0.0104	0.008799999999999999	0.010399999999999998
24.0	0.3496	0.0164	0.009600000000000001	0.008399999999999998	0.010399999999999998
25.0	0.35200000000000004	0.0164	0.009600000000000001	0.008399999999999998	0.010399999999999998
26.0	0.3544	0.0164	0.009600000000000001	0.008399999999999998	0.010399999999999998
27.0	0.35600000000000004	0.0164	0.009600000000000001	0.008399999999999998	0.010399999999999998
28.0	0.3576	0.0164	0.009600000000000001	0.008399999999999998	0.010399999999999998
29.0	0.35840000000000005	0.0164	0.009600000000000001	0.008399999999999998	0.010399999999999998
30.0	0.3592	0.0164	0.0088	0.008399999999999998	0.010399999999999998
31.0	0.36	0.0164	0.0088	0.008399999999999998	0.010399999999999998
32.0	0.36080000000000007	0.0164	0.0088	0.008399999999999998	0.010399999999999998
33.0	0.36080000000000007	0.0164	0.0088	0.008399999999999998	0.010399999999999998
34.0	0.36080000000000007	0.0164	0.0088	0.008	0.010399999999999998
35.0	0.36080000000000007	0.0164	0.0088	0.008	0.010399999999999998
36.0	0.36080000000000007	0.0164	0.0088	0.008	0.010399999999999998
37.0	0.36080000000000007	0.0164	0.0088	0.008	0.010399999999999998
38.0	0.36080000000000007	0.0164	0.0088	0.008	0.010399999999999998
39.0	0.36080000000000007	0.0164	0.0088	0.008	0.010399999999999998
40.0	0.36080000000000007	0.0164	0.0088	0.008	0.010399999999999998
41.0	0.36080000000000007	0.0164	0.0088	0.008	0.010399999999999998
42.0	0.36080000000000007	0.0164	0.0088	0.008	0.010399999999999998
43.0	0.36080000000000007	0.0164	0.0088	0.008	0.010399999999999998
44.0	0.36080000000000007	0.0164	0.0088	0.008	0.010399999999999998
45.0	0.36080000000000007	0.0164	0.0088	0.008	0.010399999999999998
46.0	0.36080000000000007	0.0164	0.0088	0.008	0.010399999999999998
47.0	0.36080000000000007	0.0164	0.0088	0.008	0.010399999999999998
48.0	0.36080000000000007	0.0164	0.0088	0.008	0.010399999999999998
49.0	0.36080000000000007	0.0164	0.0088	0.008	0.010399999999999998
50.0	0.36080000000000007	0.0164	0.0088	0.008	0.010399999999999998
51.0	0.36080000000000007	0.0164	0.0088	0.008	0.010399999999999998
52.0	0.36080000000000007	0.0164	0.0088	0.008	0.010399999999999998
53.0	0.36080000000000007	0.0164	0.0088	0.008	0.010399999999999998
54.0	0.36080000000000007	0.0164	0.0088	0.008	0.010399999999999998
55.0	0.36080000000000007	0.0164	0.0088	0.008	0.010399999999999998
56.0	0.36080000000000007	0.0164	0.0088	0.008	0.010399999999999998
57.0	0.36080000000000007	0.0164	0.0088	0.008	0.010399999999999998
58.0	0.36080000000000007	0.0164	0.0088	0.008	0.010399999999999998
59.0	0.36080000000000007	0.0164	0.0088	0.008	0.010399999999999998
60.0	0.36080000000000007	0.0164	0.0088	0.008	0.010399999999999998
61.0	0.36080000000000007	0.0164	0.0088	0.008	0.010399999999999998
62.0	0.36080000000000007	0.0164	0.0088	0.008	0.010399999999999998
63.0	0.36080000000000007	0.0164	0.0088	0.008	0.010399999999999998
64.0	0.36080000000000007	0.0164	0.0088	0.008	0.010399999999999998
65.0	0.36080000000000007	0.0164	0.0088	0.008	0.010399999999999998
66.0	0.36080000000000007	0.0164	0.0088	0.008	0.010399999999999998
67.0	0.36080000000000007	0.0164	0.0088	0.008	0.010399999999999998
68.0	0.36080000000000007	0.0164	0.0088	0.008	0.010399999999999998
69.0	0.36080000000000007	0.0164	0.0088	0.008	0.010399999999999998
70.0	0.36080000000000007	0.0164	0.0088	0.008	0.010399999999999998
71.0	0.36080000000000007	0.0164	0.0088	0.008	0.010399999999999998
72.0	0.36080000000000007	0.0164	0.0088	0.008	0.010399999999999998
73.0	0.36080000000000007	0.0164	0.0088	0.008	0.010399999999999998
74.0	0.36080000000000007	0.0164	0.0088	0.008	0.010399999999999998
75.0	0.36080000000000007	0.0164	0.0088	0.008	0.010399999999999998
76.0	0.36080000000000007	0.0164	0.0088	0.008	0.010399999999999998
77.0	0.36080000000000007	0.0164	0.0088	0.008	0.010399999999999998
78.0	0.36080000000000007	0.0164	0.0088	0.008	0.010399999999999998
79.0	0.36080000000000007	0.0164	0.0088	0.008	0.010399999999999998
80.0	0.36080000000000007	0.0164	0.0088	0.008	0.010399999999999998
81.0	0.36080000000000007	0.0164	0.0088	0.008	0.010399999999999998
82.0	0.36080000000000007	0.0164	0.0088	0.008	0.010399999999999998
83.0	0.36080000000000007	0.0164	0.0088	0.008	0.010399999999999998
84.0	0.36080000000000007	0.0164	0.0088	0.008	0.010399999999999998
85.0	0.36080000000000007	0.0164	0.0088	0.008	0.010399999999999998
86.0	0.36080000000000007	0.0164	0.0088	0.008	0.010399999999999998
87.0	0.36080000000000007	0.0164	0.0088	0.008	0.010399999999999998
88.0	0.36080000000000007	0.0164	0.0088	0.008	0.010399999999999998
89.0	0.36080000000000007	0.0164	0.0088	0.008	0.010399999999999998
90.0	0.36080000000000007	0.0164	0.0088	0.008	0.010399999999999998
91.0	0.36080000000000007	0.0164	0.0088	0.008	0.010399999999999998
92.0	0.36080000000000007	0.0164	0.0088	0.008	0.010399999999999998
93.0	0.36080000000000007	0.0164	0.0088	0.008	0.010399999999999998
94.0	0.36080000000000007	0.0164	0.0088	0.008	0.010399999999999998
95.0	0.36080000000000007	0.0164	0.0088	0.008	0.010399999999999998
96.0	0.36080000000000007	0.0164	0.0088	0.008	0.010399999999999998
97.0	0.36080000000000007	0.0164	0.0088	0.008	0.010399999999999998
98.0	0.36080000000000007	0.0164	0.0088	0.008	0.010399999999999998
99.0	0.36080000000000007	0.0164	0.0088	0.008	0.010399999999999998
100.0	0.36080000000000007	0.0164	0.0088	0.008	0.010399999999999998
101.0	0.36080000000000007	0.0164	0.0088	0.008	0.010399999999999998
102.0	0.36080000000000007	0.0164	0.0088	0.008	0.010399999999999998
103.0	0.36080000000000007	0.0164	0.0088	0.008	0.010399999999999998
104.0	0.36080000000000007	0.0164	0.0088	0.008	0.010399999999999998
105.0	0.36080000000000007	0.0164	0.0088	0.008	0.010399999999999998
106.0	0.36080000000000007	0.0164	0.0088	0.008	0.010399999999999998
107.0	0.36080000000000007	0.0164	0.0088	0.008	0.010399999999999998
108.0	0.36080000000000007	0.0164	0.0088	0.008	0.010399999999999998
109.0	0.36080000000000007	0.0164	0.0088	0.008	0.010399999999999998
110.0	0.36080000000000007	0.0164	0.0088	0.008	0.010399999999999998
111.0	0.36080000000000007	0.0164	0.0088	0.008	0.010399999999999998
112.0	0.36080000000000007	0.0164	0.0088	0.008	0.010399999999999998
113.0	0.36080000000000007	0.0164	0.0088	0.008	0.010399999999999998
114.0	0.36080000000000007	0.0164	0.0088	0.008	0.010399999999999998
115.0	0.36080000000000007	0.0164	0.0088	0.008	0.010399999999999998
116.0	0.36080000000000007	0.0164	0.0088	0.008	0.010399999999999998
117.0	0.36080000000000007	0.0164	0.0088	0.008	0.010399999999999998
118.0	0.36080000000000007	0.0164	0.0088	0.008	0.010399999999999998
119.0	0.36080000000000007	0.0164	0.0088	0.008	0.010399999999999998
120.0	0.36080000000000007	0.0164	0.0088	0.008	0.010399999999999998
121.0	0.36080000000000007	0.0164	0.0088	0.008	0.010399999999999998
122.0	0.36080000000000007	0.0164	0.0088	0.008	0.010399999999999998
123.0	0.36080000000000007	0.0164	0.0088	0.008	0.010399999999999998
124.0	0.36080000000000007	0.0164	0.0088	0.008	0.010399999999999998
125.0	0.36080000000000007	0.0164	0.0088	0.008	0.010399999999999998
126.0	0.36080000000000007	0.0164	0.0088	0.008	0.010399999999999998
127.0	0.36080000000000007	0.0164	0.0088	0.008	0.010399999999999998
128.0	0.36080000000000007	0.0164	0.0088	0.008	0.010399999999999998
129.0	0.36080000000000007	0.0164	0.0088	0.008	0.010399999999999998
130.0	0.36080000000000007	0.0164	0.0088	0.008	0.010399999999999998
131.0	0.36080000000000007	0.0164	0.0088	0.008	0.010399999999999998
132.0	0.36080000000000007	0.0164	0.0088	0.008	0.010399999999999998
133.0	0.36080000000000007	0.0164	0.0088	0.008	0.010399999999999998
134.0	0.36080000000000007	0.0164	0.0088	0.008	0.010399999999999998
135.0	0.36080000000000007	0.0164	0.0088	0.008	0.010399999999999998
136.0	0.36080000000000007	0.0164	0.0088	0.008	0.010399999999999998
137.0	0.36080000000000007	0.0164	0.0088	0.008	0.010399999999999998
138.0	0.36080000000000007	0.0164	0.0088	0.008	0.010399999999999998
139.0	0.36080000000000007	0.0164	0.0088	0.008	0.010399999999999998
140.0	0.36080000000000007	0.0164	0.0088	0.008	0.010399999999999998
141.0	0.36080000000000007	0.0164	0.0088	0.008	0.010399999999999998
142.0	0.36080000000000007	0.0164	0.0088	0.008	0.010399999999999998
143.0	0.36080000000000007	0.0164	0.0088	0.008	0.010399999999999998
144.0	0.36080000000000007	0.0164	0.0088	0.008	0.010399999999999998
145.0	0.36080000000000007	0.0164	0.0088	0.008	0.010399999999999998
146.0	0.36080000000000007	0.0164	0.0088	0.008	0.010399999999999998
147.0	0.36080000000000007	0.0164	0.0088	0.008	0.010399999999999998
148.0	0.36080000000000007	0.0164	0.0088	0.008	0.010399999999999998
149.0	0.36080000000000007	0.0164	0.0088	0.008	0.010399999999999998
150.0	0.36080000000000007	0.0164	0.0088	0.008	0.010399999999999998
151.0	0.36080000000000007	0.0164	0.0088	0.008	0.010399999999999998
152.0	0.36080000000000007	0.0164	0.0088	0.008	0.010399999999999998
153.0	0.36080000000000007	0.0164	0.0088	0.008	0.010399999999999998
154.0	0.36080000000000007	0.0164	0.0088	0.008	0.010399999999999998
155.0	0.36080000000000007	0.0164	0.0088	0.008	0.010399999999999998
156.0	0.36080000000000007	0.0164	0.0088	0.008	0.010399999999999998
157.0	0.36080000000000007	0.0164	0.0088	0.008	0.010399999999999998
158.0	0.36080000000000007	0.0164	0.0088	0.008	0.010399999999999998
159.0	0.36080000000000007	0.0164	0.0088	0.008	0.010399999999999998
160.0	0.36080000000000007	0.0164	0.0088	0.008	0.010399999999999998
161.0	0.36080000000000007	0.0164	0.0088	0.008	0.010399999999999998
162.0	0.36080000000000007	0.0164	0.0088	0.008	0.010399999999999998
163.0	0.36080000000000007	0.0164	0.0088	0.008	0.010399999999999998
164.0	0.36080000000000007	0.0164	0.0088	0.008	0.010399999999999998
165.0	0.36080000000000007	0.0164	0.0088	0.008	0.010399999999999998
166.0	0.36080000000000007	0.0164	0.0088	0.008	0.010399999999999998
167.0	0.36080000000000007	0.0164	0.0088	0.008	0.010399999999999998
168.0	0.36080000000000007	0.0164	0.0088	0.008	0.010399999999999998
169.0	0.36080000000000007	0.0164	0.0088	0.008	0.010399999999999998
170.0	0.36080000000000007	0.0164	0.0088	0.008	0.010399999999999998
171.0	0.36080000000000007	0.0164	0.0088	0.008	0.010399999999999998
172.0	0.36080000000000007	0.0164	0.0088	0.008	0.010399999999999998
173.0	0.36080000000000007	0.0164	0.0088	0.008	0.010399999999999998
174.0	0.36080000000000007	0.0164	0.0088	0.008	0.010399999999999998
175.0	0.36080000000000007	0.0164	0.0088	0.008	0.010399999999999998
176.0	0.36080000000000007	0.0164	0.0088	0.008	0.010399999999999998
177.0	0.36080000000000007	0.0164	0.0088	0.008	0.010399999999999998
178.0	0.36080000000000007	0.0164	0.0088	0.008	0.010399999999999998
179.0	0.36080000000000007	0.0164	0.0088	0.008	0.010399999999999998
180.0	0.36080000000000007	0.0164	0.0088	0.008	0.010399999999999998
181.0	0.36080000000000007	0.0164	0.0088	0.008	0.010399999999999998
182.0	0.36080000000000007	0.0164	0.0088	0.008	0.010399999999999998
183.0	0.36080000000000007	0.0164	0.0088	0.008	0.010399999999999998
184.0	0.36080000000000007	0.0164	0.0088	0.008	0.010399999999999998
185.0	0.36080000000000007	0.0164	0.0088	0.008	0.010399999999999998
186.0	0.36080000000000007	0.0164	0.0088	0.008	0.010399999999999998
187.0	0.36080000000000007	0.0164	0.0088	0.008	0.010399999999999998
188.0	0.36080000000000007	0.0164	0.0088	0.008	0.010399999999999998
189.0	0.36080000000000007	0.0164	0.0088	0.008	0.010399999999999998
190.0	0.36080000000000007	0.0164	0.0088	0.008	0.010399999999999998
191.0	0.36080000000000007	0.0164	0.0088	0.008	0.010399999999999998
192.0	0.36080000000000007	0.0164	0.0088	0.008	0.010399999999999998
193.0	0.36080000000000007	0.0164	0.0088	0.008	0.010399999999999998
194.0	0.36080000000000007	0.0164	0.0088	0.008	0.010399999999999998
195.0	0.36080000000000007	0.0164	0.0088	0.008	0.010399999999999998
196.0	0.36080000000000007	0.0164	0.0088	0.008	0.010399999999999998
197.0	0.36080000000000007	0.0164	0.0088	0.008	0.010399999999999998
198.0	0.36080000000000007	0.0164	0.0088	0.008	0.010399999999999998
199.0	0.36080000000000007	0.0164	0.0088	0.008	0.010399999999999998
200.0	0.36080000000000007	0.0164	0.0088	0.008	0.010399999999999998
201.0	0.36080000000000007	0.0164	0.0088	0.008	0.010399999999999998
202.0	0.36080000000000007	0.0164	0.0088	0.008	0.010399999999999998
203.0	0.36080000000000007	0.0164	0.0088	0.008	0.010399999999999998
204.0	0.36080000000000007	0.0164	0.0088	0.008	0.010399999999999998
205.0	0.36080000000000007	0.0164	0.0088	0.008	0.010399999999999998
206.0	0.36080000000000007	0.0164	0.0088	0.008	0.010399999999999998
207.0	0.36080000000000007	0.0164	0.0088	0.008	0.010399999999999998
208.0	0.36080000000000007	0.0164	0.0088	0.008	0.010399999999999998
209.0	0.36080000000000007	0.0164	0.0088	0.008	0.010399999999999998
210.0	0.36080000000000007	0.0164	0.0088	0.008	0.010399999999999998
211.0	0.36080000000000007	0.0164	0.0088	0.008	0.010399999999999998
212.0	0.36080000000000007	0.0164	0.0088	0.008	0.010399999999999998
213.0	0.36080000000000007	0.0164	0.0088	0.008	0.010399999999999998
214.0	0.36080000000000007	0.0164	0.0088	0.008	0.010399999999999998
215.0	0.36080000000000007	0.0164	0.0088	0.008	0.010399999999999998
216.0	0.36080000000000007	0.0164	0.0088	0.008	0.010399999999999998
217.0	0.36080000000000007	0.0164	0.0088	0.008	0.010399999999999998
218.0	0.36080000000000007	0.0164	0.0088	0.008	0.010399999999999998
219.0	0.36080000000000007	0.0164	0.0088	0.008	0.010399999999999998
220.0	0.36080000000000007	0.0164	0.0088	0.008	0.010399999999999998
221.0	0.36080000000000007	0.0164	0.0088	0.008	0.010399999999999998
222.0	0.36080000000000007	0.0164	0.0088	0.008	0.010399999999999998
223.0	0.36080000000000007	0.0164	0.0088	0.008	0.010399999999999998
224.0	0.36080000000000007	0.0164	0.0088	0.008	0.010399999999999998
225.0	0.36080000000000007	0.0164	0.0088	0.008	0.010399999999999998
226.0	0.36080000000000007	0.0164	0.0088	0.008	0.010399999999999998
227.0	0.36080000000000007	0.0164	0.0088	0.008	0.010399999999999998
228.0	0.36080000000000007	0.0164	0.0088	0.008	0.010399999999999998
229.0	0.36080000000000007	0.0164	0.0088	0.008	0.010399999999999998
230.0	0.36080000000000007	0.0164	0.0088	0.008	0.010399999999999998
231.0	0.36080000000000007	0.0164	0.0088	0.008	0.010399999999999998
232.0	0.36080000000000007	0.0164	0.0088	0.008	0.010399999999999998
233.0	0.36080000000000007	0.0164	0.0088	0.008	0.010399999999999998
234.0	0.36080000000000007	0.0164	0.0088	0.008	0.010399999999999998
235.0	0.36080000000000007	0.0164	0.0088	0.008	0.010399999999999998
236.0	0.36080000000000007	0.0164	0.0088	0.008	0.010399999999999998
237.0	0.36080000000000007	0.0164	0.0088	0.008	0.010399999999999998
238.0	0.36080000000000007	0.0164	0.0088	0.008	0.010399999999999998
239.0	0.36080000000000007	0.0164	0.0088	0.008	0.010399999999999998
240.0	0.36080000000000007	0.0164	0.0088	0.008	0.010399999999999998
241.0	0.36080000000000007	0.0164	0.0088	0.008	0.010399999999999998
242.0	0.36080000000000007	0.0164	0.0088	0.008	0.010399999999999998
243.0	0.36080000000000007	0.0164	0.0088	0.008	0.010399999999999998
244.0	0.36080000000000007	0.0164	0.0088	0.008	0.010399999999999998
245.0	0.36080000000000007	0.0164	0.0088	0.008	0.010399999999999998
246.0	0.36080000000000007	0.0164	0.0088	0.008	0.010399999999999998
247.0	0.36080000000000007	0.0164	0.0088	0.008	0.010399999999999998
248.0	0.36080000000000007	0.0164	0.0088	0.008	0.010399999999999998
249.0	0.36080000000000007	0.0164	0.0088	0.008	0.010399999999999998
250.0	0.36080000000000007	0.0164	0.0088	0.008	0.010399999999999998
251.0	0.36080000000000007	0.0164	0.0088	0.008	0.010399999999999998
252.0	0.36080000000000007	0.0164	0.0088	0.008	0.010399999999999998
253.0	0.36080000000000007	0.0164	0.0088	0.008	0.010399999999999998
254.0	0.36080000000000007	0.0164	0.0088	0.008	0.010399999999999998
255.0	0.36080000000000007	0.0164	0.0088	0.008	0.010399999999999998
256.0	0.36080000000000007	0.0164	0.0088	0.008	0.010399999999999998
257.0	0.36080000000000007	0.0164	0.0088	0.008	0.010399999999999998
258.0	0.36080000000000007	0.0164	0.0088	0.008	0.010399999999999998
259.0	0.36080000000000007	0.0164	0.0088	0.008	0.010399999999999998
260.0	0.36080000000000007	0.0164	0.0088	0.008	0.010399999999999998
261.0	0.36080000000000007	0.0164	0.0088	0.008	0.010399999999999998
262.0	0.36080000000000007	0.0164	0.0088	0.008	0.010399999999999998
263.0	0.36080000000000007	0.0164	0.0088	0.008	0.010399999999999998
264.0	0.36080000000000007	0.0164	0.0088	0.008	0.010399999999999998
265.0	0.36080000000000007	0.0164	0.0088	0.008	0.010399999999999998
266.0	0.36080000000000007	0.0164	0.0088	0.008	0.010399999999999998
267.0	0.36080000000000007	0.0164	0.0088	0.008	0.010399999999999998
268.0	0.36080000000000007	0.0164	0.0088	0.008	0.010399999999999998
269.0	0.36080000000000007	0.0164	0.0088	0.008	0.010399999999999998
270.0	0.36080000000000007	0.0164	0.0088	0.008	0.010399999999999998
271.0	0.36080000000000007	0.0164	0.0088	0.008	0.010399999999999998
272.0	0.36080000000000007	0.0164	0.0088	0.008	0.010399999999999998
273.0	0.36080000000000007	0.0164	0.0088	0.008	0.010399999999999998
274.0	0.36080000000000007	0.0164	0.0088	0.008	0.010399999999999998
275.0	0.36080000000000007	0.0164	0.0088	0.008	0.010399999999999998
276.0	0.36080000000000007	0.0164	0.0088	0.008	0.010399999999999998
277.0	0.36080000000000007	0.0164	0.0088	0.008	0.010399999999999998
278.0	0.36080000000000007	0.0164	0.0088	0.008	0.010399999999999998
279.0	0.36080000000000007	0.0164	0.0088	0.008	0.010399999999999998
280.0	0.36080000000000007	0.0164	0.0088	0.008	0.010399999999999998
281.0	0.36080000000000007	0.0164	0.0088	0.008	0.010399999999999998
282.0	0.36080000000000007	0.0164	0.0088	0.008	0.010399999999999998
283.0	0.36080000000000007	0.0164	0.0088	0.008	0.010399999999999998
284.0	0.36080000000000007	0.0164	0.0088	0.008	0.010399999999999998
285.0	0.36080000000000007	0.0164	0.0088	0.008	0.010399999999999998
286.0	0.36080000000000007	0.0164	0.0088	0.008	0.010399999999999998
287.0	0.36080000000000007	0.0164	0.0088	0.008	0.010399999999999998
288.0	0.36080000000000007	0.0164	0.0088	0.008	0.010399999999999998
289.0	0.36080000000000007	0.0164	0.0088	0.008	0.010399999999999998
290.0	0.36080000000000007	0.0164	0.0088	0.008	0.010399999999999998
291.0	0.36080000000000007	0.0164	0.0088	0.008	0.010399999999999998
292.0	0.36080000000000007	0.0164	0.0088	0.008	0.010399999999999998
293.0	0.36080000000000007	0.0164	0.0088	0.008	0.010399999999999998
294.0	0.36080000000000007	0.0164	0.0088	0.008	0.010399999999999998
295.0	0.36080000000000007	0.0164	0.0088	0.008	0.010399999999999998
296.0	0.36080000000000007	0.0164	0.0088	0.008	0.010399999999999998
297.0	0.36080000000000007	0.0164	0.0088	0.008	0.010399999999999998
298.0	0.36080000000000007	0.0164	0.0088	0.008	0.010399999999999998
299.0	0.36080000000000007	0.0164	0.0088	0.008	0.010399999999999998
300.0	0.36080000000000007	0.0164	0.0088	0.008	0.010399999999999998
301.0	0.36080000000000007	0.0164	0.0088	0.008	0.010399999999999998
302.0	0.36080000000000007	0.0164	0.0088	0.008	0.010399999999999998
303.0	0.36080000000000007	0.0164	0.0088	0.008	0.010399999999999998
304.0	0.36080000000000007	0.0164	0.0088	0.008	0.010399999999999998
305.0	0.36080000000000007	0.0164	0.0088	0.008	0.010399999999999998
306.0	0.36080000000000007	0.0164	0.0088	0.008	0.010399999999999998
307.0	0.36080000000000007	0.0164	0.0088	0.008	0.010399999999999998
308.0	0.36080000000000007	0.0164	0.0088	0.008	0.010399999999999998
309.0	0.36080000000000007	0.0164	0.0088	0.008	0.010399999999999998
310.0	0.36080000000000007	0.0164	0.0088	0.008	0.010399999999999998
311.0	0.36080000000000007	0.0164	0.0088	0.008	0.010399999999999998
312.0	0.36080000000000007	0.0164	0.0088	0.008	0.010399999999999998
313.0	0.36080000000000007	0.0164	0.0088	0.008	0.010399999999999998
314.0	0.36080000000000007	0.0164	0.0088	0.008	0.010399999999999998
315.0	0.36080000000000007	0.0164	0.0088	0.008	0.010399999999999998
316.0	0.36080000000000007	0.0164	0.0088	0.008	0.010399999999999998
317.0	0.36080000000000007	0.0164	0.0088	0.008	0.010399999999999998
318.0	0.36080000000000007	0.0164	0.0088	0.008	0.010399999999999998
319.0	0.36080000000000007	0.0164	0.0088	0.008	0.010399999999999998
320.0	0.36080000000000007	0.0164	0.0088	0.008	0.010399999999999998
321.0	0.36080000000000007	0.0164	0.0088	0.008	0.010399999999999998
322.0	0.36080000000000007	0.0164	0.0088	0.008	0.010399999999999998
323.0	0.36080000000000007	0.0164	0.0088	0.008	0.010399999999999998
324.0	0.36080000000000007	0.0164	0.0088	0.008	0.010399999999999998
325.0	0.36080000000000007	0.0164	0.0088	0.008	0.010399999999999998
326.0	0.36080000000000007	0.0164	0.0088	0.008	0.010399999999999998
327.0	0.36080000000000007	0.0164	0.0088	0.008	0.010399999999999998
328.0	0.36080000000000007	0.0164	0.0088	0.008	0.010399999999999998
329.0	0.36080000000000007	0.0164	0.0088	0.008	0.010399999999999998
330.0	0.36080000000000007	0.0164	0.0088	0.008	0.010399999999999998
331.0	0.36080000000000007	0.0164	0.0088	0.008	0.010399999999999998
332.0	0.36080000000000007	0.0164	0.0088	0.008	0.010399999999999998
333.0	0.36080000000000007	0.0164	0.0088	0.008	0.010399999999999998
334.0	0.36080000000000007	0.0164	0.0088	0.008	0.010399999999999998
335.0	0.36080000000000007	0.0164	0.0088	0.008	0.010399999999999998
336.0	0.36080000000000007	0.0164	0.0088	0.008	0.010399999999999998
337.0	0.36080000000000007	0.0164	0.0088	0.008	0.010399999999999998
338.0	0.36080000000000007	0.0164	0.0088	0.008	0.010399999999999998
339.0	0.36080000000000007	0.0164	0.0088	0.008	0.010399999999999998
340.0	0.36080000000000007	0.0164	0.0088	0.008	0.010399999999999998
341.0	0.36080000000000007	0.0164	0.0088	0.008	0.010399999999999998
342.0	0.36080000000000007	0.0164	0.0088	0.008	0.010399999999999998
343.0	0.36080000000000007	0.0164	0.0088	0.008	0.010399999999999998
344.0	0.36080000000000007	0.0164	0.0088	0.008	0.010399999999999998
345.0	0.36080000000000007	0.0164	0.0088	0.008	0.010399999999999998
346.0	0.36080000000000007	0.0164	0.0088	0.008	0.010399999999999998
347.0	0.36080000000000007	0.0164	0.0088	0.008	0.010399999999999998
348.0	0.36080000000000007	0.0164	0.0088	0.008	0.010399999999999998
349.0	0.36080000000000007	0.0164	0.0088	0.008	0.010399999999999998
350.0	0.36080000000000007	0.0164	0.0088	0.008	0.010399999999999998
351.0	0.36080000000000007	0.0164	0.0088	0.008	0.010399999999999998
352.0	0.36080000000000007	0.0164	0.0088	0.008	0.010399999999999998
353.0	0.36080000000000007	0.0164	0.0088	0.008	0.010399999999999998
354.0	0.36080000000000007	0.0164	0.0088	0.008	0.010399999999999998
355.0	0.36080000000000007	0.0164	0.0088	0.008	0.010399999999999998
356.0	0.36080000000000007	0.0164	0.0088	0.008	0.010399999999999998
357.0	0.36080000000000007	0.0164	0.0088	0.008	0.010399999999999998
358.0	0.36080000000000007	0.0164	0.0088	0.008	0.010399999999999998
359.0	0.36080000000000007	0.0164	0.0088	0.008	0.010399999999999998
360.0	0.36080000000000007	0.0164	0.0088	0.008	0.010399999999999998
361.0	0.36080000000000007	0.0164	0.0088	0.008	0.010399999999999998
362.0	0.36080000000000007	0.0164	0.0088	0.008	0.010399999999999998
363.0	0.36080000000000007	0.0164	0.0088	0.008	0.010399999999999998
364.0	0.36080000000000007	0.0164	0.0088	0.008	0.010399999999999998
365.0	0.36080000000000007	0.0164	0.0088	0.008	0.010399999999999998
366.0	0.36080000000000007	0.0164	0.0088	0.008	0.010399999999999998
367.0	0.36080000000000007	0.0164	0.0088	0.008	0.010399999999999998
368.0	0.36080000000000007	0.0164	0.0088	0.008	0.010399999999999998
369.0	0.36080000000000007	0.0164	0.0088	0.008	0.010399999999999998
370.0	0.36080000000000007	0.0164	0.0088	0.008	0.010399999999999998
371.0	0.36080000000000007	0.0164	0.0088	0.008	0.010399999999999998
372.0	0.36080000000000007	0.0164	0.0088	0.008	0.010399999999999998
373.0	0.36080000000000007	0.0164	0.0088	0.008	0.010399999999999998
374.0	0.36080000000000007	0.0164	0.0088	0.008	0.010399999999999998
375.0	0.36080000000000007	0.0164	0.0088	0.008	0.010399999999999998
376.0	0.36080000000000007	0.0164	0.0088	0.008	0.010399999999999998
377.0	0.36080000000000007	0.0164	0.0088	0.008	0.010399999999999998
378.0	0.36080000000000007	0.0164	0.0088	0.008	0.010399999999999998
379.0	0.36080000000000007	0.0164	0.0088	0.008	0.010399999999999998
380.0	0.36080000000000007	0.0164	0.0088	0.008	0.010399999999999998
381.0	0.36080000000000007	0.0164	0.0088	0.008	0.010399999999999998
382.0	0.36080000000000007	0.0164	0.0088	0.008	0.010399999999999998
383.0	0.36080000000000007	0.0164	0.0088	0.008	0.010399999999999998
384.0	0.36080000000000007	0.0164	0.0088	0.008	0.010399999999999998
385.0	0.36080000000000007	0.0164	0.0088	0.008	0.010399999999999998
386.0	0.36080000000000007	0.0164	0.0088	0.008	0.010399999999999998
387.0	0.36080000000000007	0.0164	0.0088	0.008	0.010399999999999998
388.0	0.36080000000000007	0.0164	0.0088	0.008	0.010399999999999998
389.0	0.36080000000000007	0.0164	0.0088	0.008	0.010399999999999998
390.0	0.36080000000000007	0.0164	0.0088	0.008	0.010399999999999998
391.0	0.36080000000000007	0.0164	0.0088	0.008	0.010399999999999998
392.0	0.36080000000000007	0.0164	0.0088	0.008	0.010399999999999998
393.0	0.36080000000000007	0.0164	0.0088	0.008	0.010399999999999998
394.0	0.36080000000000007	0.0164	0.0088	0.008	0.010399999999999998
395.0	0.36080000000000007	0.0164	0.0088	0.008	0.010399999999999998
396.0	0.36080000000000007	0.0164	0.0088	0.008	0.010399999999999998
397.0	0.36080000000000007	0.0164	0.0088	0.008	0.010399999999999998
398.0	0.36080000000000007	0.0164	0.0088	0.008	0.010399999999999998
399.0	0.36080000000000007	0.0164	0.0088	0.008	0.010399999999999998
400.0	0.36080000000000007	0.0164	0.0088	0.008	0.010399999999999998
401.0	0.36080000000000007	0.0164	0.0088	0.008	0.010399999999999998
402.0	0.36080000000000007	0.0164	0.0088	0.008	0.010399999999999998
403.0	0.36080000000000007	0.0164	0.0088	0.008	0.010399999999999998
404.0	0.36080000000000007	0.0164	0.0088	0.008	0.010399999999999998
405.0	0.36080000000000007	0.0164	0.0088	0.008	0.010399999999999998
406.0	0.36080000000000007	0.0164	0.0088	0.008	0.010399999999999998
407.0	0.36080000000000007	0.0164	0.0088	0.008	0.010399999999999998
408.0	0.36080000000000007	0.0164	0.0088	0.008	0.010399999999999998
409.0	0.36080000000000007	0.0164	0.0088	0.008	0.010399999999999998
410.0	0.36080000000000007	0.0164	0.0088	0.008	0.010399999999999998
411.0	0.36080000000000007	0.0164	0.0088	0.008	0.010399999999999998
412.0	0.36080000000000007	0.0164	0.0088	0.008	0.010399999999999998
413.0	0.36080000000000007	0.0164	0.0088	0.008	0.010399999999999998
414.0	0.36080000000000007	0.0164	0.0088	0.008	0.010399999999999998
415.0	0.36080000000000007	0.0164	0.0088	0.008	0.010399999999999998
416.0	0.36080000000000007	0.0164	0.0088	0.008	0.010399999999999998
417.0	0.36080000000000007	0.0164	0.0088	0.008	0.010399999999999998
418.0	0.36080000000000007	0.0164	0.0088	0.008	0.010399999999999998
419.0	0.36080000000000007	0.0164	0.0088	0.008	0.010399999999999998
420.0	0.36080000000000007	0.0164	0.0088	0.008	0.010399999999999998
421.0	0.36080000000000007	0.0164	0.0088	0.008	0.010399999999999998
422.0	0.36080000000000007	0.0164	0.0088	0.008	0.010399999999999998
423.0	0.36080000000000007	0.0164	0.0088	0.008	0.010399999999999998
424.0	0.36080000000000007	0.0164	0.0088	0.008	0.010399999999999998
425.0	0.36080000000000007	0.0164	0.0088	0.008	0.010399999999999998
426.0	0.36080000000000007	0.0164	0.0088	0.008	0.010399999999999998
427.0	0.36080000000000007	0.0164	0.0088	0.008	0.010399999999999998
428.0	0.36080000000000007	0.0164	0.0088	0.008	0.010399999999999998
429.0	0.36080000000000007	0.0164	0.0088	0.008	0.010399999999999998
430.0	0.36080000000000007	0.0164	0.0088	0.008	0.010399999999999998
431.0	0.36080000000000007	0.0164	0.0088	0.008	0.010399999999999998
432.0	0.36080000000000007	0.0164	0.0088	0.008	0.010399999999999998
433.0	0.36080000000000007	0.0164	0.0088	0.008	0.010399999999999998
434.0	0.36080000000000007	0.0164	0.0088	0.008	0.010399999999999998
435.0	0.36080000000000007	0.0164	0.0088	0.008	0.010399999999999998
436.0	0.36080000000000007	0.0164	0.0088	0.008	0.010399999999999998
437.0	0.36080000000000007	0.0164	0.0088	0.008	0.010399999999999998
438.0	0.36080000000000007	0.0164	0.0088	0.008	0.010399999999999998
439.0	0.36080000000000007	0.0164	0.0088	0.008	0.010399999999999998
440.0	0.36080000000000007	0.0164	0.0088	0.008	0.010399999999999998
441.0	0.36080000000000007	0.0164	0.0088	0.008	0.010399999999999998
442.0	0.36080000000000007	0.0164	0.0088	0.008	0.010399999999999998
443.0	0.36080000000000007	0.0164	0.0088	0.008	0.010399999999999998
444.0	0.36080000000000007	0.0164	0.0088	0.008	0.010399999999999998
445.0	0.36080000000000007	0.0164	0.0088	0.008	0.010399999999999998
446.0	0.36080000000000007	0.0164	0.0088	0.008	0.010399999999999998
447.0	0.36080000000000007	0.0164	0.0088	0.008	0.010399999999999998
448.0	0.36080000000000007	0.0164	0.0088	0.008	0.010399999999999998
449.0	0.36080000000000007	0.0164	0.0088	0.008	0.010399999999999998
450.0	0.36080000000000007	0.0164	0.0088	0.008	0.010399999999999998
451.0	0.36080000000000007	0.0164	0.0088	0.008	0.010399999999999998
452.0	0.36080000000000007	0.0164	0.0088	0.008	0.010399999999999998
453.0	0.36080000000000007	0.0164	0.0088	0.008	0.010399999999999998
454.0	0.36080000000000007	0.0164	0.0088	0.008	0.010399999999999998
455.0	0.36080000000000007	0.0164	0.0088	0.008	0.010399999999999998
456.0	0.36080000000000007	0.0164	0.0088	0.008	0.010399999999999998
457.0	0.36080000000000007	0.0164	0.0088	0.008	0.010399999999999998
458.0	0.36080000000000007	0.0164	0.0088	0.008	0.010399999999999998
459.0	0.36080000000000007	0.0164	0.0088	0.008	0.010399999999999998
460.0	0.36080000000000007	0.0164	0.0088	0.008	0.010399999999999998
461.0	0.36080000000000007	0.0164	0.0088	0.008	0.010399999999999998
462.0	0.36080000000000007	0.0164	0.0088	0.008	0.010399999999999998
463.0	0.36080000000000007	0.0164	0.0088	0.008	0.010399999999999998
464.0	0.36080000000000007	0.0164	0.0088	0.008	0.010399999999999998
465.0	0.36080000000000007	0.0164	0.0088	0.008	0.010399999999999998
466.0	0.36080000000000007	0.0164	0.0088	0.008	0.010399999999999998
467.0	0.36080000000000007	0.0164	0.0088	0.008	0.010399999999999998
468.0	0.36080000000000007	0.0164	0.0088	0.008	0.010399999999999998
469.0	0.36080000000000007	0.0164	0.0088	0.008	0.010399999999999998
470.0	0.36080000000000007	0.0164	0.0088	0.008	0.010399999999999998
471.0	0.36080000000000007	0.0164	0.0088	0.008	0.010399999999999998
472.0	0.36080000000000007	0.0164	0.0088	0.008	0.010399999999999998
473.0	0.36080000000000007	0.0164	0.0088	0.008	0.010399999999999998
474.0	0.36080000000000007	0.0164	0.0088	0.008	0.010399999999999998
475.0	0.36080000000000007	0.0164	0.0088	0.008	0.010399999999999998
476.0	0.36080000000000007	0.0164	0.0088	0.008	0.010399999999999998
477.0	0.36080000000000007	0.0164	0.0088	0.008	0.010399999999999998
478.0	0.36080000000000007	0.0164	0.0088	0.008	0.010399999999999998
479.0	0.36080000000000007	0.0164	0.0088	0.008	0.010399999999999998
480.0	0.36080000000000007	0.0164	0.0088	0.008	0.010399999999999998
481.0	0.36080000000000007	0.0164	0.0088	0.008	0.010399999999999998
482.0	0.36080000000000007	0.0164	0.0088	0.008	0.010399999999999998
483.0	0.36080000000000007	0.0164	0.0088	0.008	0.010399999999999998
484.0	0.36080000000000007	0.0164	0.0088	0.008	0.010399999999999998
485.0	0.36080000000000007	0.0164	0.0088	0.008	0.010399999999999998
486.0	0.36080000000000007	0.0164	0.0088	0.008	0.010399999999999998
487.0	0.36080000000000007	0.0164	0.0088	0.008	0.010399999999999998
488.0	0.36080000000000007	0.0164	0.0088	0.008	0.010399999999999998
489.0	0.36080000000000007	0.0164	0.0088	0.008	0.010399999999999998
490.0	0.36080000000000007	0.0164	0.0088	0.008	0.010399999999999998
491.0	0.36080000000000007	0.0164	0.0088	0.008	0.010399999999999998
492.0	0.36080000000000007	0.0164	0.0088	0.008	0.010399999999999998
493.0	0.36080000000000007	0.0164	0.0088	0.008	0.010399999999999998
494.0	0.36080000000000007	0.0164	0.0088	0.008	0.010399999999999998
495.0	0.36080000000000007	0.0164	0.0088	0.008	0.010399999999999998
496.0	0.36080000000000007	0.0164	0.0088	0.008	0.010399999999999998
497.0	0.36080000000000007	0.0164	0.0088	0.008	0.010399999999999998
498.0	0.36080000000000007	0.0164	0.0088	0.008	0.010399999999999998
499.0	0.36080000000000007	0.0164	0.0088	0.008	0.010399999999999998
500.0	0.36080000000000007	0.0164	0.0088	0.008	0.010399999999999998
