1.0	0.0	0.0	0.0	0.0	0.0
2.0	0.001650380021715527	0.0016431415128483537	0.0016214259862468337	0.00159247195077814	0.0015345638798407533
3.0	0.0042417661961635916	0.004299674267100978	0.004401013391241406	0.004429967426710099	0.003590300398117989
4.0	0.010828809265291353	0.011581614187477383	0.012529858849077093	0.012421281216069493	0.008881650380021719
5.0	0.027897213174086145	0.029598262757871887	0.03317408613825553	0.03234165761853059	0.022844733984799137
6.0	0.06442996742671012	0.06888165038002174	0.07719145855953675	0.07382555193630114	0.05388346000723852
7.0	0.13103872602243938	0.138914223669924	0.1545349258052841	0.14473398479913138	0.11255157437567861
8.0	0.23294969236337312	0.2420629750271444	0.26578356858487145	0.24077452044878755	0.1990083242851972
9.0	0.3625624321389793	0.3672095548317047	0.40008686210640604	0.3511907347086501	0.3004053564965617
10.0	0.504878754976475	0.5017300036192543	0.5322258414766559	0.45806007962359757	0.3965689467969598
11.0	0.6440028954035468	0.6352081071299311	0.6443648208469055	0.5421570756424177	0.48270720231632297
12.0	0.7637712631197973	0.7471950778139705	0.7289974665218967	0.6008613825551936	0.5437495475931958
13.0	0.8525009048136085	0.82980817951502	0.7853130655085053	0.6273398479913137	0.5787839305103151
14.0	0.9107564241766195	0.8846398841838582	0.8145421643141514	0.6223235613463627	0.5841042345276872
15.0	0.9454578356858488	0.9182410423452771	0.8227723488961276	0.5943394860658704	0.5707564241766196
16.0	0.9638726022439376	0.9397466521896489	0.813897937024973	0.5533043792978646	0.539449873326095
17.0	0.9732030401737242	0.9522113644589215	0.787383279044517	0.5093521534563881	0.5026999638074556
18.0	0.9776619616359028	0.9592327180600797	0.7360477741585234	0.46412595005428886	0.4617951501990591
19.0	0.9793268186753528	0.9629750271444081	0.663003981179877	0.41952949692363367	0.420209916757148
20.0	0.9797683677162506	0.9646688382193267	0.5690698516105682	0.3756713716974304	0.37782120883098086
21.0	0.979428157799493	0.9655446977922547	0.46219326818675355	0.33579442634817236	0.3381976112920739
22.0	0.9791820484980094	0.9656460369163953	0.3574882374230908	0.297575099529497	0.30105682229460734
23.0	0.9787911690191823	0.9656243213897937	0.27973217517191457	0.2637785016286645	0.26576909156713724
24.0	0.978574013753167	0.9654578356858488	0.23404270720231637	0.23310170104958383	0.23417300036192545
25.0	0.978248280854144	0.9651972493666305	0.2124936663047412	0.20550126673905172	0.20602243937748824
26.0	0.9780094100615273	0.9649728555917482	0.20118711545421644	0.18065870430691278	0.18127397756062247
27.0	0.9777633007600436	0.9646905537459286	0.19184220050669565	0.1579153094462541	0.15884907709011944
28.0	0.9776402461093014	0.9646181686572568	0.1807383279044517	0.13824828085414403	0.13727108215707562
29.0	0.9774013753166848	0.9643865363735071	0.16962721679334056	0.12057184220050671	0.11952949692363372
30.0	0.9773145132102787	0.9643141512848351	0.15600434310532033	0.10486427795874048	0.10335866811436845
31.0	0.9771842200506695	0.9641621425986245	0.1432862830256967	0.09124864277958743	0.0892435758233804
32.0	0.9770973579442633	0.9641621425986244	0.1307129931234166	0.07973941368078179	0.07660513934129572
33.0	0.976996018820123	0.9640028954035471	0.11829895041621424	0.06925805284111475	0.06597900832428522
34.0	0.9769598262757871	0.9640535649656169	0.10592833876221498	0.05942815779949332	0.05654723127035832
35.0	0.976872964169381	0.9638943177705392	0.09373145132102788	0.05070575461454942	0.048403908794788286
36.0	0.9768657256605138	0.9639160332971408	0.08346000723850888	0.04353963083604778	0.04163590300398119
37.0	0.9768222946073106	0.9637495475931955	0.07415852334419112	0.03744480636988781	0.0359826275787188
38.0	0.9768222946073108	0.9637640246109302	0.06540716612377852	0.031958016648570405	0.030814332247557013
39.0	0.9767716250452405	0.9636554469779223	0.05803836409699604	0.02782482808541441	0.02642055736518278
40.0	0.9767788635541076	0.9637133550488599	0.051132826637712646	0.02383640969960189	0.022772348896127403
41.0	0.9767281939920374	0.9636192544335865	0.04495837857401377	0.020673181324647127	0.019695982627578726
42.0	0.9767209554831705	0.9636988780311256	0.03919652551574377	0.01785740137531669	0.016959826275787192
43.0	0.976677524429967	0.9635975389069852	0.034107853782120896	0.015302207745204492	0.014701411509229103
44.0	0.9766920014477016	0.9636626854867898	0.02979370249728557	0.013376764386536377	0.012623959464350347
45.0	0.976634093376764	0.9635758233803834	0.0260079623597539	0.011458559536735436	0.01090843286283026
46.0	0.9766558089033659	0.9636554469779226	0.02283025696706479	0.009554831704668842	0.009214621787911693
47.0	0.9766196163590297	0.9635685848715163	0.020115816141874777	0.008092652913499821	0.007868259138617446
48.0	0.976612377850163	0.9636192544335865	0.01759681505609845	0.006934491494752083	0.006673905175533842
49.0	0.9765834238146938	0.9635251538183134	0.015591748099891427	0.005993485342019545	0.005696706478465438
50.0	0.9766051393412956	0.9636047774158523	0.013868982989504166	0.005030763662685488	0.004929424538545061
51.0	0.9765761853058267	0.9635179153094462	0.012225841476655811	0.004277958740499459	0.004234527687296419
52.0	0.9765979008324284	0.9635975389069852	0.010966340933767646	0.0036699239956568958	0.0035685848715164684
53.0	0.9765617082880924	0.9635179153094462	0.009808179515019909	0.00314151284835324	0.003061889250814333
54.0	0.9765906623235613	0.9635975389069852	0.008867173362287371	0.0027289178429243583	0.0025769091567137176
55.0	0.9765544697792252	0.9635179153094462	0.008056460369163954	0.00236699239956569	0.0021932681867535293
56.0	0.9765834238146941	0.9635975389069852	0.007173362287368804	0.0020340209916757156	0.001787911690191821
57.0	0.9765544697792252	0.9635179153094462	0.006435034382917121	0.0017734346724574742	0.0015418023887079266
58.0	0.9765834238146941	0.9635975389069852	0.005819761129207385	0.0014549402823018462	0.0013318856315598989
59.0	0.9765544697792252	0.9635179153094462	0.005255157437567862	0.001216069489685125	0.0011581614187477383
60.0	0.9765761853058269	0.9635975389069852	0.0048063698878031145	0.0010495837857401379	0.0009916757148027509
61.0	0.976547231270358	0.9635179153094462	0.004451682953311619	0.0008830980817951504	0.0008686210640608037
62.0	0.9765761853058269	0.963590300398118	0.004060803474484257	0.0007455664133188565	0.00077452044878755
63.0	0.976547231270358	0.9635179153094462	0.0037423090843286292	0.0006225117625769092	0.0006587043069127761
64.0	0.9765761853058269	0.9635830618892506	0.003474484256243215	0.0005284111473036555	0.0005139341295693088
65.0	0.976547231270358	0.9635106768005791	0.003235613463626494	0.0004705030763662686	0.0004487875497647485
66.0	0.9765761853058269	0.9635830618892506	0.003040173724212813	0.00041983351429605506	0.0003836409699601882
67.0	0.976547231270358	0.9635106768005791	0.0028664495114006524	0.00037640246109301486	0.00031125588128845457
68.0	0.9765761853058269	0.9635830618892506	0.0027144408251900116	0.00035468693449149476	0.00025334781035106773
69.0	0.976547231270358	0.9635106768005791	0.0025696706478465442	0.0002823018458197612	0.000238870792616721
70.0	0.9765761853058269	0.9635830618892506	0.0024755700325732903	0.0002461093014838944	0.000238870792616721
71.0	0.976547231270358	0.9635034382917118	0.0023597538906985167	0.00020267824828085415	0.00020991675714802753
72.0	0.9765761853058269	0.9635758233803834	0.0023090843286283033	0.0001809627216793341	0.0001954397394136808
73.0	0.976547231270358	0.9635034382917118	0.00228013029315961	0.0001375316684762939	0.00018096272167933406
74.0	0.9765761853058269	0.9635758233803834	0.00223669923995657	0.0001230546507419472	0.00016648570394498733
75.0	0.976547231270358	0.9635034382917118	0.002200506695620703	0.00011581614187477381	0.00014477017734346726
76.0	0.9765761853058269	0.9635758233803834	0.002186029677886356	0.00010133912414042708	0.00013029315960912054
77.0	0.976547231270358	0.9635034382917118	0.002186029677886356	9.410061527325372e-5	0.00012305465074194716
78.0	0.9765761853058269	0.9635758233803834	0.002149837133550489	9.410061527325372e-5	8.686210640608035e-5
79.0	0.976547231270358	0.9635034382917118	0.002142598624683316	8.686210640608035e-5	6.514657980456027e-5
80.0	0.9765761853058269	0.9635685848715163	0.0021136445892146224	8.686210640608035e-5	5.79080709373869e-5
81.0	0.976547231270358	0.9634961997828446	0.0021136445892146224	7.962359753890699e-5	5.066956207021354e-5
82.0	0.9765761853058269	0.9635685848715163	0.0020774520448787557	6.514657980456027e-5	2.895403546869345e-5
83.0	0.976547231270358	0.9634961997828446	0.002062975027144409	4.343105320304018e-5	1.4477017734346725e-5
84.0	0.9765761853058269	0.9635685848715163	0.0020484980094100623	3.619254433586681e-5	1.4477017734346725e-5
85.0	0.976547231270358	0.9634961997828446	0.0020557365182772356	2.895403546869345e-5	0.0
86.0	0.9765761853058269	0.9635685848715163	0.002041259500542889	2.895403546869345e-5	0.0
87.0	0.976547231270358	0.9634961997828446	0.0020267824828085423	2.895403546869345e-5	0.0
88.0	0.9765761853058269	0.9635685848715163	0.002012305465074195	2.171552660152009e-5	0.0
89.0	0.976547231270358	0.9634961997828446	0.002019543973941369	1.4477017734346725e-5	0.0
90.0	0.9765761853058269	0.9635685848715163	0.0020050669562070218	1.4477017734346725e-5	0.0
91.0	0.976547231270358	0.9634961997828446	0.002012305465074195	1.4477017734346725e-5	0.0
92.0	0.9765761853058269	0.9635685848715163	0.0020050669562070218	1.4477017734346725e-5	0.0
93.0	0.976547231270358	0.9634961997828446	0.0020050669562070218	1.4477017734346725e-5	0.0
94.0	0.9765761853058269	0.9635685848715163	0.001990589938472675	1.4477017734346725e-5	0.0
95.0	0.976547231270358	0.9634961997828446	0.0019978284473398484	7.2385088671733626e-6	0.0
96.0	0.9765761853058269	0.9635685848715163	0.001990589938472675	0.0	0.0
97.0	0.976547231270358	0.9634961997828446	0.0019978284473398484	0.0	0.0
98.0	0.9765761853058269	0.9635685848715163	0.001990589938472675	0.0	0.0
99.0	0.976547231270358	0.9634961997828446	0.0019978284473398484	0.0	0.0
100.0	0.9765761853058269	0.9635685848715163	0.001990589938472675	0.0	0.0
101.0	0.976547231270358	0.9634961997828446	0.0019978284473398484	0.0	0.0
102.0	0.9765761853058269	0.9635685848715163	0.001990589938472675	0.0	0.0
103.0	0.976547231270358	0.9634961997828446	0.0019978284473398484	0.0	0.0
104.0	0.9765761853058269	0.9635685848715163	0.001990589938472675	0.0	0.0
105.0	0.976547231270358	0.9634961997828446	0.0019978284473398484	0.0	0.0
106.0	0.9765761853058269	0.9635685848715163	0.001990589938472675	0.0	0.0
107.0	0.976547231270358	0.9634961997828446	0.0019978284473398484	0.0	0.0
108.0	0.9765761853058269	0.9635685848715163	0.001990589938472675	0.0	0.0
109.0	0.976547231270358	0.9634961997828446	0.0019978284473398484	0.0	0.0
110.0	0.9765761853058269	0.9635685848715163	0.001990589938472675	0.0	0.0
111.0	0.976547231270358	0.9634961997828446	0.0019978284473398484	0.0	0.0
112.0	0.9765761853058269	0.9635685848715163	0.001990589938472675	0.0	0.0
113.0	0.976547231270358	0.9634961997828446	0.0019978284473398484	0.0	0.0
114.0	0.9765761853058269	0.9635685848715163	0.001990589938472675	0.0	0.0
115.0	0.976547231270358	0.9634961997828446	0.0019978284473398484	0.0	0.0
116.0	0.9765761853058269	0.9635685848715163	0.001990589938472675	0.0	0.0
117.0	0.976547231270358	0.9634961997828446	0.0019978284473398484	0.0	0.0
118.0	0.9765761853058269	0.9635685848715163	0.001990589938472675	0.0	0.0
119.0	0.976547231270358	0.9634961997828446	0.0019978284473398484	0.0	0.0
120.0	0.9765761853058269	0.9635685848715163	0.001990589938472675	0.0	0.0
121.0	0.976547231270358	0.9634961997828446	0.0019978284473398484	0.0	0.0
122.0	0.9765761853058269	0.9635685848715163	0.001990589938472675	0.0	0.0
123.0	0.976547231270358	0.9634961997828446	0.0019978284473398484	0.0	0.0
124.0	0.9765761853058269	0.9635685848715163	0.001990589938472675	0.0	0.0
125.0	0.976547231270358	0.9634961997828446	0.0019978284473398484	0.0	0.0
126.0	0.9765761853058269	0.9635685848715163	0.001990589938472675	0.0	0.0
127.0	0.976547231270358	0.9634961997828446	0.0019978284473398484	0.0	0.0
128.0	0.9765761853058269	0.9635685848715163	0.001990589938472675	0.0	0.0
129.0	0.976547231270358	0.9634961997828446	0.0019978284473398484	0.0	0.0
130.0	0.9765761853058269	0.9635685848715163	0.001990589938472675	0.0	0.0
131.0	0.976547231270358	0.9634961997828446	0.0019978284473398484	0.0	0.0
132.0	0.9765761853058269	0.9635685848715163	0.001990589938472675	0.0	0.0
133.0	0.976547231270358	0.9634961997828446	0.0019978284473398484	0.0	0.0
134.0	0.9765761853058269	0.9635685848715163	0.001990589938472675	0.0	0.0
135.0	0.976547231270358	0.9634961997828446	0.0019978284473398484	0.0	0.0
136.0	0.9765761853058269	0.9635685848715163	0.001990589938472675	0.0	0.0
137.0	0.976547231270358	0.9634961997828446	0.0019978284473398484	0.0	0.0
138.0	0.9765761853058269	0.9635685848715163	0.001990589938472675	0.0	0.0
139.0	0.976547231270358	0.9634961997828446	0.0019978284473398484	0.0	0.0
140.0	0.9765761853058269	0.9635685848715163	0.001990589938472675	0.0	0.0
141.0	0.976547231270358	0.9634961997828446	0.0019978284473398484	0.0	0.0
142.0	0.9765761853058269	0.9635685848715163	0.001990589938472675	0.0	0.0
143.0	0.976547231270358	0.9634961997828446	0.0019978284473398484	0.0	0.0
144.0	0.9765761853058269	0.9635685848715163	0.001990589938472675	0.0	0.0
145.0	0.976547231270358	0.9634961997828446	0.0019978284473398484	0.0	0.0
146.0	0.9765761853058269	0.9635685848715163	0.001990589938472675	0.0	0.0
147.0	0.976547231270358	0.9634961997828446	0.0019978284473398484	0.0	0.0
148.0	0.9765761853058269	0.9635685848715163	0.001990589938472675	0.0	0.0
149.0	0.976547231270358	0.9634961997828446	0.0019978284473398484	0.0	0.0
150.0	0.9765761853058269	0.9635685848715163	0.001990589938472675	0.0	0.0
151.0	0.976547231270358	0.9634961997828446	0.0019978284473398484	0.0	0.0
152.0	0.9765761853058269	0.9635685848715163	0.001990589938472675	0.0	0.0
153.0	0.976547231270358	0.9634961997828446	0.0019978284473398484	0.0	0.0
154.0	0.9765761853058269	0.9635685848715163	0.001990589938472675	0.0	0.0
155.0	0.976547231270358	0.9634961997828446	0.0019978284473398484	0.0	0.0
156.0	0.9765761853058269	0.9635685848715163	0.001990589938472675	0.0	0.0
157.0	0.976547231270358	0.9634961997828446	0.0019978284473398484	0.0	0.0
158.0	0.9765761853058269	0.9635685848715163	0.001990589938472675	0.0	0.0
159.0	0.976547231270358	0.9634961997828446	0.0019978284473398484	0.0	0.0
160.0	0.9765761853058269	0.9635685848715163	0.001990589938472675	0.0	0.0
161.0	0.976547231270358	0.9634961997828446	0.0019978284473398484	0.0	0.0
162.0	0.9765761853058269	0.9635685848715163	0.001990589938472675	0.0	0.0
163.0	0.976547231270358	0.9634961997828446	0.0019978284473398484	0.0	0.0
164.0	0.9765761853058269	0.9635685848715163	0.001990589938472675	0.0	0.0
165.0	0.976547231270358	0.9634961997828446	0.0019978284473398484	0.0	0.0
166.0	0.9765761853058269	0.9635685848715163	0.001990589938472675	0.0	0.0
167.0	0.976547231270358	0.9634961997828446	0.0019978284473398484	0.0	0.0
168.0	0.9765761853058269	0.9635685848715163	0.001990589938472675	0.0	0.0
169.0	0.976547231270358	0.9634961997828446	0.0019978284473398484	0.0	0.0
170.0	0.9765761853058269	0.9635685848715163	0.001990589938472675	0.0	0.0
171.0	0.976547231270358	0.9634961997828446	0.0019978284473398484	0.0	0.0
172.0	0.9765761853058269	0.9635685848715163	0.001990589938472675	0.0	0.0
173.0	0.976547231270358	0.9634961997828446	0.0019978284473398484	0.0	0.0
174.0	0.9765761853058269	0.9635685848715163	0.001990589938472675	0.0	0.0
175.0	0.976547231270358	0.9634961997828446	0.0019978284473398484	0.0	0.0
176.0	0.9765761853058269	0.9635685848715163	0.001990589938472675	0.0	0.0
177.0	0.976547231270358	0.9634961997828446	0.0019978284473398484	0.0	0.0
178.0	0.9765761853058269	0.9635685848715163	0.001990589938472675	0.0	0.0
179.0	0.976547231270358	0.9634961997828446	0.0019978284473398484	0.0	0.0
180.0	0.9765761853058269	0.9635685848715163	0.001990589938472675	0.0	0.0
181.0	0.976547231270358	0.9634961997828446	0.0019978284473398484	0.0	0.0
182.0	0.9765761853058269	0.9635685848715163	0.001990589938472675	0.0	0.0
183.0	0.976547231270358	0.9634961997828446	0.0019978284473398484	0.0	0.0
184.0	0.9765761853058269	0.9635685848715163	0.001990589938472675	0.0	0.0
185.0	0.976547231270358	0.9634961997828446	0.0019978284473398484	0.0	0.0
186.0	0.9765761853058269	0.9635685848715163	0.001990589938472675	0.0	0.0
187.0	0.976547231270358	0.9634961997828446	0.0019978284473398484	0.0	0.0
188.0	0.9765761853058269	0.9635685848715163	0.001990589938472675	0.0	0.0
189.0	0.976547231270358	0.9634961997828446	0.0019978284473398484	0.0	0.0
190.0	0.9765761853058269	0.9635685848715163	0.001990589938472675	0.0	0.0
191.0	0.976547231270358	0.9634961997828446	0.0019978284473398484	0.0	0.0
192.0	0.9765761853058269	0.9635685848715163	0.001990589938472675	0.0	0.0
193.0	0.976547231270358	0.9634961997828446	0.0019978284473398484	0.0	0.0
194.0	0.9765761853058269	0.9635685848715163	0.001990589938472675	0.0	0.0
195.0	0.976547231270358	0.9634961997828446	0.0019978284473398484	0.0	0.0
196.0	0.9765761853058269	0.9635685848715163	0.001990589938472675	0.0	0.0
197.0	0.976547231270358	0.9634961997828446	0.0019978284473398484	0.0	0.0
198.0	0.9765761853058269	0.9635685848715163	0.001990589938472675	0.0	0.0
199.0	0.976547231270358	0.9634961997828446	0.0019978284473398484	0.0	0.0
200.0	0.9765761853058269	0.9635685848715163	0.001990589938472675	0.0	0.0
201.0	0.976547231270358	0.9634961997828446	0.0019978284473398484	0.0	0.0
202.0	0.9765761853058269	0.9635685848715163	0.001990589938472675	0.0	0.0
203.0	0.976547231270358	0.9634961997828446	0.0019978284473398484	0.0	0.0
204.0	0.9765761853058269	0.9635685848715163	0.001990589938472675	0.0	0.0
205.0	0.976547231270358	0.9634961997828446	0.0019978284473398484	0.0	0.0
206.0	0.9765761853058269	0.9635685848715163	0.001990589938472675	0.0	0.0
207.0	0.976547231270358	0.9634961997828446	0.0019978284473398484	0.0	0.0
208.0	0.9765761853058269	0.9635685848715163	0.001990589938472675	0.0	0.0
209.0	0.976547231270358	0.9634961997828446	0.0019978284473398484	0.0	0.0
210.0	0.9765761853058269	0.9635685848715163	0.001990589938472675	0.0	0.0
211.0	0.976547231270358	0.9634961997828446	0.0019978284473398484	0.0	0.0
212.0	0.9765761853058269	0.9635685848715163	0.001990589938472675	0.0	0.0
213.0	0.976547231270358	0.9634961997828446	0.0019978284473398484	0.0	0.0
214.0	0.9765761853058269	0.9635685848715163	0.001990589938472675	0.0	0.0
215.0	0.976547231270358	0.9634961997828446	0.0019978284473398484	0.0	0.0
216.0	0.9765761853058269	0.9635685848715163	0.001990589938472675	0.0	0.0
217.0	0.976547231270358	0.9634961997828446	0.0019978284473398484	0.0	0.0
218.0	0.9765761853058269	0.9635685848715163	0.001990589938472675	0.0	0.0
219.0	0.976547231270358	0.9634961997828446	0.0019978284473398484	0.0	0.0
220.0	0.9765761853058269	0.9635685848715163	0.001990589938472675	0.0	0.0
221.0	0.976547231270358	0.9634961997828446	0.0019978284473398484	0.0	0.0
222.0	0.9765761853058269	0.9635685848715163	0.001990589938472675	0.0	0.0
223.0	0.976547231270358	0.9634961997828446	0.0019978284473398484	0.0	0.0
224.0	0.9765761853058269	0.9635685848715163	0.001990589938472675	0.0	0.0
225.0	0.976547231270358	0.9634961997828446	0.0019978284473398484	0.0	0.0
226.0	0.9765761853058269	0.9635685848715163	0.001990589938472675	0.0	0.0
227.0	0.976547231270358	0.9634961997828446	0.0019978284473398484	0.0	0.0
228.0	0.9765761853058269	0.9635685848715163	0.001990589938472675	0.0	0.0
229.0	0.976547231270358	0.9634961997828446	0.0019978284473398484	0.0	0.0
230.0	0.9765761853058269	0.9635685848715163	0.001990589938472675	0.0	0.0
231.0	0.976547231270358	0.9634961997828446	0.0019978284473398484	0.0	0.0
232.0	0.9765761853058269	0.9635685848715163	0.001990589938472675	0.0	0.0
233.0	0.976547231270358	0.9634961997828446	0.0019978284473398484	0.0	0.0
234.0	0.9765761853058269	0.9635685848715163	0.001990589938472675	0.0	0.0
235.0	0.976547231270358	0.9634961997828446	0.0019978284473398484	0.0	0.0
236.0	0.9765761853058269	0.9635685848715163	0.001990589938472675	0.0	0.0
237.0	0.976547231270358	0.9634961997828446	0.0019978284473398484	0.0	0.0
238.0	0.9765761853058269	0.9635685848715163	0.001990589938472675	0.0	0.0
239.0	0.976547231270358	0.9634961997828446	0.0019978284473398484	0.0	0.0
240.0	0.9765761853058269	0.9635685848715163	0.001990589938472675	0.0	0.0
241.0	0.976547231270358	0.9634961997828446	0.0019978284473398484	0.0	0.0
242.0	0.9765761853058269	0.9635685848715163	0.001990589938472675	0.0	0.0
243.0	0.976547231270358	0.9634961997828446	0.0019978284473398484	0.0	0.0
244.0	0.9765761853058269	0.9635685848715163	0.001990589938472675	0.0	0.0
245.0	0.976547231270358	0.9634961997828446	0.0019978284473398484	0.0	0.0
246.0	0.9765761853058269	0.9635685848715163	0.001990589938472675	0.0	0.0
247.0	0.976547231270358	0.9634961997828446	0.0019978284473398484	0.0	0.0
248.0	0.9765761853058269	0.9635685848715163	0.001990589938472675	0.0	0.0
249.0	0.976547231270358	0.9634961997828446	0.0019978284473398484	0.0	0.0
250.0	0.9765761853058269	0.9635685848715163	0.001990589938472675	0.0	0.0
251.0	0.976547231270358	0.9634961997828446	0.0019978284473398484	0.0	0.0
252.0	0.9765761853058269	0.9635685848715163	0.001990589938472675	0.0	0.0
253.0	0.976547231270358	0.9634961997828446	0.0019978284473398484	0.0	0.0
254.0	0.9765761853058269	0.9635685848715163	0.001990589938472675	0.0	0.0
255.0	0.976547231270358	0.9634961997828446	0.0019978284473398484	0.0	0.0
256.0	0.9765761853058269	0.9635685848715163	0.001990589938472675	0.0	0.0
257.0	0.976547231270358	0.9634961997828446	0.0019978284473398484	0.0	0.0
258.0	0.9765761853058269	0.9635685848715163	0.001990589938472675	0.0	0.0
259.0	0.976547231270358	0.9634961997828446	0.0019978284473398484	0.0	0.0
260.0	0.9765761853058269	0.9635685848715163	0.001990589938472675	0.0	0.0
261.0	0.976547231270358	0.9634961997828446	0.0019978284473398484	0.0	0.0
262.0	0.9765761853058269	0.9635685848715163	0.001990589938472675	0.0	0.0
263.0	0.976547231270358	0.9634961997828446	0.0019978284473398484	0.0	0.0
264.0	0.9765761853058269	0.9635685848715163	0.001990589938472675	0.0	0.0
265.0	0.976547231270358	0.9634961997828446	0.0019978284473398484	0.0	0.0
266.0	0.9765761853058269	0.9635685848715163	0.001990589938472675	0.0	0.0
267.0	0.976547231270358	0.9634961997828446	0.0019978284473398484	0.0	0.0
268.0	0.9765761853058269	0.9635685848715163	0.001990589938472675	0.0	0.0
269.0	0.976547231270358	0.9634961997828446	0.0019978284473398484	0.0	0.0
270.0	0.9765761853058269	0.9635685848715163	0.001990589938472675	0.0	0.0
271.0	0.976547231270358	0.9634961997828446	0.0019978284473398484	0.0	0.0
272.0	0.9765761853058269	0.9635685848715163	0.001990589938472675	0.0	0.0
273.0	0.976547231270358	0.9634961997828446	0.0019978284473398484	0.0	0.0
274.0	0.9765761853058269	0.9635685848715163	0.001990589938472675	0.0	0.0
275.0	0.976547231270358	0.9634961997828446	0.0019978284473398484	0.0	0.0
276.0	0.9765761853058269	0.9635685848715163	0.001990589938472675	0.0	0.0
277.0	0.976547231270358	0.9634961997828446	0.0019978284473398484	0.0	0.0
278.0	0.9765761853058269	0.9635685848715163	0.001990589938472675	0.0	0.0
279.0	0.976547231270358	0.9634961997828446	0.0019978284473398484	0.0	0.0
280.0	0.9765761853058269	0.9635685848715163	0.001990589938472675	0.0	0.0
281.0	0.976547231270358	0.9634961997828446	0.0019978284473398484	0.0	0.0
282.0	0.9765761853058269	0.9635685848715163	0.001990589938472675	0.0	0.0
283.0	0.976547231270358	0.9634961997828446	0.0019978284473398484	0.0	0.0
284.0	0.9765761853058269	0.9635685848715163	0.001990589938472675	0.0	0.0
285.0	0.976547231270358	0.9634961997828446	0.0019978284473398484	0.0	0.0
286.0	0.9765761853058269	0.9635685848715163	0.001990589938472675	0.0	0.0
287.0	0.976547231270358	0.9634961997828446	0.0019978284473398484	0.0	0.0
288.0	0.9765761853058269	0.9635685848715163	0.001990589938472675	0.0	0.0
289.0	0.976547231270358	0.9634961997828446	0.0019978284473398484	0.0	0.0
290.0	0.9765761853058269	0.9635685848715163	0.001990589938472675	0.0	0.0
291.0	0.976547231270358	0.9634961997828446	0.0019978284473398484	0.0	0.0
292.0	0.9765761853058269	0.9635685848715163	0.001990589938472675	0.0	0.0
293.0	0.976547231270358	0.9634961997828446	0.0019978284473398484	0.0	0.0
294.0	0.9765761853058269	0.9635685848715163	0.001990589938472675	0.0	0.0
295.0	0.976547231270358	0.9634961997828446	0.0019978284473398484	0.0	0.0
296.0	0.9765761853058269	0.9635685848715163	0.001990589938472675	0.0	0.0
297.0	0.976547231270358	0.9634961997828446	0.0019978284473398484	0.0	0.0
298.0	0.9765761853058269	0.9635685848715163	0.001990589938472675	0.0	0.0
299.0	0.976547231270358	0.9634961997828446	0.0019978284473398484	0.0	0.0
300.0	0.9765761853058269	0.9635685848715163	0.001990589938472675	0.0	0.0
301.0	0.976547231270358	0.9634961997828446	0.0019978284473398484	0.0	0.0
302.0	0.9765761853058269	0.9635685848715163	0.001990589938472675	0.0	0.0
303.0	0.976547231270358	0.9634961997828446	0.0019978284473398484	0.0	0.0
304.0	0.9765761853058269	0.9635685848715163	0.001990589938472675	0.0	0.0
305.0	0.976547231270358	0.9634961997828446	0.0019978284473398484	0.0	0.0
306.0	0.9765761853058269	0.9635685848715163	0.001990589938472675	0.0	0.0
307.0	0.976547231270358	0.9634961997828446	0.0019978284473398484	0.0	0.0
308.0	0.9765761853058269	0.9635685848715163	0.001990589938472675	0.0	0.0
309.0	0.976547231270358	0.9634961997828446	0.0019978284473398484	0.0	0.0
310.0	0.9765761853058269	0.9635685848715163	0.001990589938472675	0.0	0.0
311.0	0.976547231270358	0.9634961997828446	0.0019978284473398484	0.0	0.0
312.0	0.9765761853058269	0.9635685848715163	0.001990589938472675	0.0	0.0
313.0	0.976547231270358	0.9634961997828446	0.0019978284473398484	0.0	0.0
314.0	0.9765761853058269	0.9635685848715163	0.001990589938472675	0.0	0.0
315.0	0.976547231270358	0.9634961997828446	0.0019978284473398484	0.0	0.0
316.0	0.9765761853058269	0.9635685848715163	0.001990589938472675	0.0	0.0
317.0	0.976547231270358	0.9634961997828446	0.0019978284473398484	0.0	0.0
318.0	0.9765761853058269	0.9635685848715163	0.001990589938472675	0.0	0.0
319.0	0.976547231270358	0.9634961997828446	0.0019978284473398484	0.0	0.0
320.0	0.9765761853058269	0.9635685848715163	0.001990589938472675	0.0	0.0
321.0	0.976547231270358	0.9634961997828446	0.0019978284473398484	0.0	0.0
322.0	0.9765761853058269	0.9635685848715163	0.001990589938472675	0.0	0.0
323.0	0.976547231270358	0.9634961997828446	0.0019978284473398484	0.0	0.0
324.0	0.9765761853058269	0.9635685848715163	0.001990589938472675	0.0	0.0
325.0	0.976547231270358	0.9634961997828446	0.0019978284473398484	0.0	0.0
326.0	0.9765761853058269	0.9635685848715163	0.001990589938472675	0.0	0.0
327.0	0.976547231270358	0.9634961997828446	0.0019978284473398484	0.0	0.0
328.0	0.9765761853058269	0.9635685848715163	0.001990589938472675	0.0	0.0
329.0	0.976547231270358	0.9634961997828446	0.0019978284473398484	0.0	0.0
330.0	0.9765761853058269	0.9635685848715163	0.001990589938472675	0.0	0.0
331.0	0.976547231270358	0.9634961997828446	0.0019978284473398484	0.0	0.0
332.0	0.9765761853058269	0.9635685848715163	0.001990589938472675	0.0	0.0
333.0	0.976547231270358	0.9634961997828446	0.0019978284473398484	0.0	0.0
334.0	0.9765761853058269	0.9635685848715163	0.001990589938472675	0.0	0.0
335.0	0.976547231270358	0.9634961997828446	0.0019978284473398484	0.0	0.0
336.0	0.9765761853058269	0.9635685848715163	0.001990589938472675	0.0	0.0
337.0	0.976547231270358	0.9634961997828446	0.0019978284473398484	0.0	0.0
338.0	0.9765761853058269	0.9635685848715163	0.001990589938472675	0.0	0.0
339.0	0.976547231270358	0.9634961997828446	0.0019978284473398484	0.0	0.0
340.0	0.9765761853058269	0.9635685848715163	0.001990589938472675	0.0	0.0
341.0	0.976547231270358	0.9634961997828446	0.0019978284473398484	0.0	0.0
342.0	0.9765761853058269	0.9635685848715163	0.001990589938472675	0.0	0.0
343.0	0.976547231270358	0.9634961997828446	0.0019978284473398484	0.0	0.0
344.0	0.9765761853058269	0.9635685848715163	0.001990589938472675	0.0	0.0
345.0	0.976547231270358	0.9634961997828446	0.0019978284473398484	0.0	0.0
346.0	0.9765761853058269	0.9635685848715163	0.001990589938472675	0.0	0.0
347.0	0.976547231270358	0.9634961997828446	0.0019978284473398484	0.0	0.0
348.0	0.9765761853058269	0.9635685848715163	0.001990589938472675	0.0	0.0
349.0	0.976547231270358	0.9634961997828446	0.0019978284473398484	0.0	0.0
350.0	0.9765761853058269	0.9635685848715163	0.001990589938472675	0.0	0.0
351.0	0.976547231270358	0.9634961997828446	0.0019978284473398484	0.0	0.0
352.0	0.9765761853058269	0.9635685848715163	0.001990589938472675	0.0	0.0
353.0	0.976547231270358	0.9634961997828446	0.0019978284473398484	0.0	0.0
354.0	0.9765761853058269	0.9635685848715163	0.001990589938472675	0.0	0.0
355.0	0.976547231270358	0.9634961997828446	0.0019978284473398484	0.0	0.0
356.0	0.9765761853058269	0.9635685848715163	0.001990589938472675	0.0	0.0
357.0	0.976547231270358	0.9634961997828446	0.0019978284473398484	0.0	0.0
358.0	0.9765761853058269	0.9635685848715163	0.001990589938472675	0.0	0.0
359.0	0.976547231270358	0.9634961997828446	0.0019978284473398484	0.0	0.0
360.0	0.9765761853058269	0.9635685848715163	0.001990589938472675	0.0	0.0
361.0	0.976547231270358	0.9634961997828446	0.0019978284473398484	0.0	0.0
362.0	0.9765761853058269	0.9635685848715163	0.001990589938472675	0.0	0.0
363.0	0.976547231270358	0.9634961997828446	0.0019978284473398484	0.0	0.0
364.0	0.9765761853058269	0.9635685848715163	0.001990589938472675	0.0	0.0
365.0	0.976547231270358	0.9634961997828446	0.0019978284473398484	0.0	0.0
366.0	0.9765761853058269	0.9635685848715163	0.001990589938472675	0.0	0.0
367.0	0.976547231270358	0.9634961997828446	0.0019978284473398484	0.0	0.0
368.0	0.9765761853058269	0.9635685848715163	0.001990589938472675	0.0	0.0
369.0	0.976547231270358	0.9634961997828446	0.0019978284473398484	0.0	0.0
370.0	0.9765761853058269	0.9635685848715163	0.001990589938472675	0.0	0.0
371.0	0.976547231270358	0.9634961997828446	0.0019978284473398484	0.0	0.0
372.0	0.9765761853058269	0.9635685848715163	0.001990589938472675	0.0	0.0
373.0	0.976547231270358	0.9634961997828446	0.0019978284473398484	0.0	0.0
374.0	0.9765761853058269	0.9635685848715163	0.001990589938472675	0.0	0.0
375.0	0.976547231270358	0.9634961997828446	0.0019978284473398484	0.0	0.0
376.0	0.9765761853058269	0.9635685848715163	0.001990589938472675	0.0	0.0
377.0	0.976547231270358	0.9634961997828446	0.0019978284473398484	0.0	0.0
378.0	0.9765761853058269	0.9635685848715163	0.001990589938472675	0.0	0.0
379.0	0.976547231270358	0.9634961997828446	0.0019978284473398484	0.0	0.0
380.0	0.9765761853058269	0.9635685848715163	0.001990589938472675	0.0	0.0
381.0	0.976547231270358	0.9634961997828446	0.0019978284473398484	0.0	0.0
382.0	0.9765761853058269	0.9635685848715163	0.001990589938472675	0.0	0.0
383.0	0.976547231270358	0.9634961997828446	0.0019978284473398484	0.0	0.0
384.0	0.9765761853058269	0.9635685848715163	0.001990589938472675	0.0	0.0
385.0	0.976547231270358	0.9634961997828446	0.0019978284473398484	0.0	0.0
386.0	0.9765761853058269	0.9635685848715163	0.001990589938472675	0.0	0.0
387.0	0.976547231270358	0.9634961997828446	0.0019978284473398484	0.0	0.0
388.0	0.9765761853058269	0.9635685848715163	0.001990589938472675	0.0	0.0
389.0	0.976547231270358	0.9634961997828446	0.0019978284473398484	0.0	0.0
390.0	0.9765761853058269	0.9635685848715163	0.001990589938472675	0.0	0.0
391.0	0.976547231270358	0.9634961997828446	0.0019978284473398484	0.0	0.0
392.0	0.9765761853058269	0.9635685848715163	0.001990589938472675	0.0	0.0
393.0	0.976547231270358	0.9634961997828446	0.0019978284473398484	0.0	0.0
394.0	0.9765761853058269	0.9635685848715163	0.001990589938472675	0.0	0.0
395.0	0.976547231270358	0.9634961997828446	0.0019978284473398484	0.0	0.0
396.0	0.9765761853058269	0.9635685848715163	0.001990589938472675	0.0	0.0
397.0	0.976547231270358	0.9634961997828446	0.0019978284473398484	0.0	0.0
398.0	0.9765761853058269	0.9635685848715163	0.001990589938472675	0.0	0.0
399.0	0.976547231270358	0.9634961997828446	0.0019978284473398484	0.0	0.0
400.0	0.9765761853058269	0.9635685848715163	0.001990589938472675	0.0	0.0
401.0	0.976547231270358	0.9634961997828446	0.0019978284473398484	0.0	0.0
402.0	0.9765761853058269	0.9635685848715163	0.001990589938472675	0.0	0.0
403.0	0.976547231270358	0.9634961997828446	0.0019978284473398484	0.0	0.0
404.0	0.9765761853058269	0.9635685848715163	0.001990589938472675	0.0	0.0
405.0	0.976547231270358	0.9634961997828446	0.0019978284473398484	0.0	0.0
406.0	0.9765761853058269	0.9635685848715163	0.001990589938472675	0.0	0.0
407.0	0.976547231270358	0.9634961997828446	0.0019978284473398484	0.0	0.0
408.0	0.9765761853058269	0.9635685848715163	0.001990589938472675	0.0	0.0
409.0	0.976547231270358	0.9634961997828446	0.0019978284473398484	0.0	0.0
410.0	0.9765761853058269	0.9635685848715163	0.001990589938472675	0.0	0.0
411.0	0.976547231270358	0.9634961997828446	0.0019978284473398484	0.0	0.0
412.0	0.9765761853058269	0.9635685848715163	0.001990589938472675	0.0	0.0
413.0	0.976547231270358	0.9634961997828446	0.0019978284473398484	0.0	0.0
414.0	0.9765761853058269	0.9635685848715163	0.001990589938472675	0.0	0.0
415.0	0.976547231270358	0.9634961997828446	0.0019978284473398484	0.0	0.0
416.0	0.9765761853058269	0.9635685848715163	0.001990589938472675	0.0	0.0
417.0	0.976547231270358	0.9634961997828446	0.0019978284473398484	0.0	0.0
418.0	0.9765761853058269	0.9635685848715163	0.001990589938472675	0.0	0.0
419.0	0.976547231270358	0.9634961997828446	0.0019978284473398484	0.0	0.0
420.0	0.9765761853058269	0.9635685848715163	0.001990589938472675	0.0	0.0
421.0	0.976547231270358	0.9634961997828446	0.0019978284473398484	0.0	0.0
422.0	0.9765761853058269	0.9635685848715163	0.001990589938472675	0.0	0.0
423.0	0.976547231270358	0.9634961997828446	0.0019978284473398484	0.0	0.0
424.0	0.9765761853058269	0.9635685848715163	0.001990589938472675	0.0	0.0
425.0	0.976547231270358	0.9634961997828446	0.0019978284473398484	0.0	0.0
426.0	0.9765761853058269	0.9635685848715163	0.001990589938472675	0.0	0.0
427.0	0.976547231270358	0.9634961997828446	0.0019978284473398484	0.0	0.0
428.0	0.9765761853058269	0.9635685848715163	0.001990589938472675	0.0	0.0
429.0	0.976547231270358	0.9634961997828446	0.0019978284473398484	0.0	0.0
430.0	0.9765761853058269	0.9635685848715163	0.001990589938472675	0.0	0.0
431.0	0.976547231270358	0.9634961997828446	0.0019978284473398484	0.0	0.0
432.0	0.9765761853058269	0.9635685848715163	0.001990589938472675	0.0	0.0
433.0	0.976547231270358	0.9634961997828446	0.0019978284473398484	0.0	0.0
434.0	0.9765761853058269	0.9635685848715163	0.001990589938472675	0.0	0.0
435.0	0.976547231270358	0.9634961997828446	0.0019978284473398484	0.0	0.0
436.0	0.9765761853058269	0.9635685848715163	0.001990589938472675	0.0	0.0
437.0	0.976547231270358	0.9634961997828446	0.0019978284473398484	0.0	0.0
438.0	0.9765761853058269	0.9635685848715163	0.001990589938472675	0.0	0.0
439.0	0.976547231270358	0.9634961997828446	0.0019978284473398484	0.0	0.0
440.0	0.9765761853058269	0.9635685848715163	0.001990589938472675	0.0	0.0
441.0	0.976547231270358	0.9634961997828446	0.0019978284473398484	0.0	0.0
442.0	0.9765761853058269	0.9635685848715163	0.001990589938472675	0.0	0.0
443.0	0.976547231270358	0.9634961997828446	0.0019978284473398484	0.0	0.0
444.0	0.9765761853058269	0.9635685848715163	0.001990589938472675	0.0	0.0
445.0	0.976547231270358	0.9634961997828446	0.0019978284473398484	0.0	0.0
446.0	0.9765761853058269	0.9635685848715163	0.001990589938472675	0.0	0.0
447.0	0.976547231270358	0.9634961997828446	0.0019978284473398484	0.0	0.0
448.0	0.9765761853058269	0.9635685848715163	0.001990589938472675	0.0	0.0
449.0	0.976547231270358	0.9634961997828446	0.0019978284473398484	0.0	0.0
450.0	0.9765761853058269	0.9635685848715163	0.001990589938472675	0.0	0.0
451.0	0.976547231270358	0.9634961997828446	0.0019978284473398484	0.0	0.0
452.0	0.9765761853058269	0.9635685848715163	0.001990589938472675	0.0	0.0
453.0	0.976547231270358	0.9634961997828446	0.0019978284473398484	0.0	0.0
454.0	0.9765761853058269	0.9635685848715163	0.001990589938472675	0.0	0.0
455.0	0.976547231270358	0.9634961997828446	0.0019978284473398484	0.0	0.0
456.0	0.9765761853058269	0.9635685848715163	0.001990589938472675	0.0	0.0
457.0	0.976547231270358	0.9634961997828446	0.0019978284473398484	0.0	0.0
458.0	0.9765761853058269	0.9635685848715163	0.001990589938472675	0.0	0.0
459.0	0.976547231270358	0.9634961997828446	0.0019978284473398484	0.0	0.0
460.0	0.9765761853058269	0.9635685848715163	0.001990589938472675	0.0	0.0
461.0	0.976547231270358	0.9634961997828446	0.0019978284473398484	0.0	0.0
462.0	0.9765761853058269	0.9635685848715163	0.001990589938472675	0.0	0.0
463.0	0.976547231270358	0.9634961997828446	0.0019978284473398484	0.0	0.0
464.0	0.9765761853058269	0.9635685848715163	0.001990589938472675	0.0	0.0
465.0	0.976547231270358	0.9634961997828446	0.0019978284473398484	0.0	0.0
466.0	0.9765761853058269	0.9635685848715163	0.001990589938472675	0.0	0.0
467.0	0.976547231270358	0.9634961997828446	0.0019978284473398484	0.0	0.0
468.0	0.9765761853058269	0.9635685848715163	0.001990589938472675	0.0	0.0
469.0	0.976547231270358	0.9634961997828446	0.0019978284473398484	0.0	0.0
470.0	0.9765761853058269	0.9635685848715163	0.001990589938472675	0.0	0.0
471.0	0.976547231270358	0.9634961997828446	0.0019978284473398484	0.0	0.0
472.0	0.9765761853058269	0.9635685848715163	0.001990589938472675	0.0	0.0
473.0	0.976547231270358	0.9634961997828446	0.0019978284473398484	0.0	0.0
474.0	0.9765761853058269	0.9635685848715163	0.001990589938472675	0.0	0.0
475.0	0.976547231270358	0.9634961997828446	0.0019978284473398484	0.0	0.0
476.0	0.9765761853058269	0.9635685848715163	0.001990589938472675	0.0	0.0
477.0	0.976547231270358	0.9634961997828446	0.0019978284473398484	0.0	0.0
478.0	0.9765761853058269	0.9635685848715163	0.001990589938472675	0.0	0.0
479.0	0.976547231270358	0.9634961997828446	0.0019978284473398484	0.0	0.0
480.0	0.9765761853058269	0.9635685848715163	0.001990589938472675	0.0	0.0
481.0	0.976547231270358	0.9634961997828446	0.0019978284473398484	0.0	0.0
482.0	0.9765761853058269	0.9635685848715163	0.001990589938472675	0.0	0.0
483.0	0.976547231270358	0.9634961997828446	0.0019978284473398484	0.0	0.0
484.0	0.9765761853058269	0.9635685848715163	0.001990589938472675	0.0	0.0
485.0	0.976547231270358	0.9634961997828446	0.0019978284473398484	0.0	0.0
486.0	0.9765761853058269	0.9635685848715163	0.001990589938472675	0.0	0.0
487.0	0.976547231270358	0.9634961997828446	0.0019978284473398484	0.0	0.0
488.0	0.9765761853058269	0.9635685848715163	0.001990589938472675	0.0	0.0
489.0	0.976547231270358	0.9634961997828446	0.0019978284473398484	0.0	0.0
490.0	0.9765761853058269	0.9635685848715163	0.001990589938472675	0.0	0.0
491.0	0.976547231270358	0.9634961997828446	0.0019978284473398484	0.0	0.0
492.0	0.9765761853058269	0.9635685848715163	0.001990589938472675	0.0	0.0
493.0	0.976547231270358	0.9634961997828446	0.0019978284473398484	0.0	0.0
494.0	0.9765761853058269	0.9635685848715163	0.001990589938472675	0.0	0.0
495.0	0.976547231270358	0.9634961997828446	0.0019978284473398484	0.0	0.0
496.0	0.9765761853058269	0.9635685848715163	0.001990589938472675	0.0	0.0
497.0	0.976547231270358	0.9634961997828446	0.0019978284473398484	0.0	0.0
498.0	0.9765761853058269	0.9635685848715163	0.001990589938472675	0.0	0.0
499.0	0.976547231270358	0.9634961997828446	0.0019978284473398484	0.0	0.0
500.0	0.9765761853058269	0.9635685848715163	0.001990589938472675	0.0	0.0
