0.000400390625	0.0005078125	0.000400390625	0.000458984375	0.000419921875	0.00044921875	0.000361328125	0.000439453125	0.000419921875	0.00052734375	0.00052734375	0.00052734375	0.000615234375	0.000576171875	0.00091796875	0.000849609375	0.001064453125	0.002939453125	0.009892578125	0.00814453125	0.008544921875	0.43609375	0.43986328125	0.51392578125	0.516103515625	0.542197265625	0.5462109375	0.5514453125	0.549423828125	0.549873046875	0.548515625	0.549033203125	0.548759765625	0.55154296875	0.5521875	0.54615234375	0.551875	0.5537109375	0.5508984375	0.550322265625	0.551337890625
0.000546875	0.000478515625	0.00046875	0.000478515625	0.000361328125	0.000458984375	0.0005078125	0.000546875	0.00048828125	0.0005078125	0.000458984375	0.000517578125	0.000517578125	0.000595703125	0.001220703125	0.001162109375	0.0026953125	0.005517578125	0.004970703125	0.015703125	0.42869140625	0.435966796875	0.44556640625	0.518974609375	0.551123046875	0.543447265625	0.546806640625	0.55302734375	0.55044921875	0.550263671875	0.550146484375	0.554892578125	0.55025390625	0.549599609375	0.5507421875	0.549482421875	0.552802734375	0.54765625	0.548994140625	0.5511328125	0.553076171875
0.000390625	0.00044921875	0.00044921875	0.000400390625	0.000498046875	0.000361328125	0.0004296875	0.000390625	0.000390625	0.000537109375	0.00044921875	0.000439453125	0.000537109375	0.0007421875	0.0017578125	0.00111328125	0.002763671875	0.007958984375	0.010576171875	0.34572265625	0.42873046875	0.434140625	0.5119140625	0.54447265625	0.542353515625	0.548427734375	0.54775390625	0.551103515625	0.549423828125	0.551220703125	0.5505078125	0.553193359375	0.556015625	0.546396484375	0.550810546875	0.54681640625	0.548603515625	0.549345703125	0.550966796875	0.551416015625	0.547861328125
0.000458984375	0.000439453125	0.00048828125	0.00052734375	0.00046875	0.000439453125	0.000400390625	0.00046875	0.000556640625	0.00048828125	0.000546875	0.0005859375	0.00046875	0.00109375	0.001572265625	0.00271484375	0.008447265625	0.010615234375	0.00828125	0.3783984375	0.427041015625	0.435224609375	0.51244140625	0.548662109375	0.5465234375	0.550556640625	0.54978515625	0.55265625	0.5501953125	0.551357421875	0.55146484375	0.55228515625	0.546787109375	0.55056640625	0.5508984375	0.55177734375	0.551767578125	0.550390625	0.5511328125	0.54591796875	0.550146484375
0.00046875	0.00052734375	0.000439453125	0.000458984375	0.000439453125	0.000458984375	0.000390625	0.000576171875	0.00048828125	0.000546875	0.000556640625	0.000576171875	0.000556640625	0.000859375	0.001123046875	0.00201171875	0.0088671875	0.013544921875	0.007880859375	0.388427734375	0.423701171875	0.50986328125	0.5444140625	0.547353515625	0.54462890625	0.54998046875	0.55162109375	0.549716796875	0.54955078125	0.552578125	0.553984375	0.5531640625	0.55208984375	0.553994140625	0.54697265625	0.54685546875	0.548994140625	0.550830078125	0.547705078125	0.5529296875	0.5503515625
0.00041015625	0.00044921875	0.000478515625	0.00041015625	0.000478515625	0.00048828125	0.000458984375	0.000576171875	0.00044921875	0.000458984375	0.0005078125	0.000498046875	0.001396484375	0.00115234375	0.001787109375	0.00255859375	0.00490234375	0.0087890625	0.37931640625	0.399189453125	0.421611328125	0.5131640625	0.5450390625	0.546162109375	0.551826171875	0.551328125	0.550986328125	0.551953125	0.550791015625	0.552060546875	0.55154296875	0.5501171875	0.5558203125	0.550859375	0.552060546875	0.548896484375	0.54947265625	0.5471484375	0.550771484375	0.548310546875	0.548662109375
0.00044921875	0.00046875	0.00048828125	0.0004296875	0.00041015625	0.000400390625	0.00052734375	0.00046875	0.000458984375	0.00052734375	0.00052734375	0.00052734375	0.0008203125	0.001259765625	0.0015625	0.007626953125	0.013310546875	0.00861328125	0.3800390625	0.41189453125	0.493896484375	0.534990234375	0.54376953125	0.55287109375	0.549482421875	0.548759765625	0.548046875	0.55412109375	0.551708984375	0.55068359375	0.55212890625	0.55373046875	0.554951171875	0.549404296875	0.5517578125	0.54818359375	0.552099609375	0.550400390625	0.550810546875	0.549404296875	0.550615234375
0.000478515625	0.000361328125	0.000380859375	0.0004296875	0.000478515625	0.0005078125	0.00048828125	0.000419921875	0.00046875	0.000546875	0.000439453125	0.000654296875	0.000966796875	0.00107421875	0.00201171875	0.00873046875	0.00927734375	0.367177734375	0.38951171875	0.499736328125	0.53939453125	0.539306640625	0.55177734375	0.548486328125	0.549697265625	0.5496484375	0.549150390625	0.549609375	0.54900390625	0.54880859375	0.550703125	0.549453125	0.55267578125	0.55080078125	0.549345703125	0.55005859375	0.554814453125	0.55029296875	0.553427734375	0.55205078125	0.548193359375
0.000458984375	0.000439453125	0.000419921875	0.000419921875	0.00056640625	0.0004296875	0.000419921875	0.000537109375	0.0004296875	0.000576171875	0.000419921875	0.000830078125	0.001435546875	0.00146484375	0.007080078125	0.007197265625	0.007109375	0.37509765625	0.38296875	0.5012109375	0.53427734375	0.5448828125	0.54951171875	0.542001953125	0.550302734375	0.54916015625	0.547548828125	0.550361328125	0.5484375	0.54765625	0.55275390625	0.548076171875	0.5526953125	0.547275390625	0.55369140625	0.55138671875	0.552373046875	0.553095703125	0.548359375	0.549140625	0.55197265625
0.000400390625	0.000478515625	0.000400390625	0.00025390625	0.000458984375	0.00044921875	0.00048828125	0.000458984375	0.000517578125	0.000498046875	0.000537109375	0.000732421875	0.001044921875	0.00208984375	0.00654296875	0.0084765625	0.3690625	0.365673828125	0.487158203125	0.533671875	0.535751953125	0.550849609375	0.55267578125	0.5516015625	0.548671875	0.555234375	0.54859375	0.549580078125	0.53119140625	0.549765625	0.547119140625	0.549384765625	0.5479296875	0.54794921875	0.55009765625	0.549453125	0.551904296875	0.551708984375	0.549169921875	0.553623046875	0.55236328125
0.00044921875	0.000439453125	0.000439453125	0.000380859375	0.0004296875	0.00046875	0.00041015625	0.000419921875	0.0005078125	0.000458984375	0.000478515625	0.000771484375	0.00109375	0.005380859375	0.00896484375	0.010224609375	0.35173828125	0.3852734375	0.485029296875	0.535908203125	0.540380859375	0.552080078125	0.549072265625	0.552451171875	0.548564453125	0.552822265625	0.548310546875	0.549365234375	0.551884765625	0.5487109375	0.553642578125	0.553515625	0.551494140625	0.5508203125	0.552158203125	0.552177734375	0.55076171875	0.548203125	0.552646484375	0.549013671875	0.55140625
0.000458984375	0.000419921875	0.000400390625	0.000478515625	0.0005078125	0.0005859375	0.000625	0.0005078125	0.000546875	0.000458984375	0.000771484375	0.000849609375	0.001845703125	0.0059765625	0.00681640625	0.354951171875	0.36888671875	0.480185546875	0.523740234375	0.538720703125	0.549775390625	0.547802734375	0.549033203125	0.551484375	0.54830078125	0.55427734375	0.549697265625	0.54828125	0.54986328125	0.5523828125	0.55185546875	0.552470703125	0.547998046875	0.55380859375	0.55078125	0.547138671875	0.55216796875	0.5472265625	0.553515625	0.55322265625	0.548486328125
0.000439453125	0.000498046875	0.000498046875	0.000380859375	0.00041015625	0.000380859375	0.0003515625	0.000419921875	0.000546875	0.000498046875	0.001083984375	0.0008984375	0.00501953125	0.00875	0.298564453125	0.3456640625	0.4735546875	0.52697265625	0.53548828125	0.54990234375	0.549375	0.552890625	0.5537109375	0.55220703125	0.551044921875	0.55052734375	0.553486328125	0.5494140625	0.551279296875	0.553369140625	0.54671875	0.551220703125	0.550810546875	0.549736328125	0.549833984375	0.552099609375	0.549462890625	0.551416015625	0.551171875	0.552421875	0.55037109375
0.000458984375	0.00046875	0.000478515625	0.000439453125	0.00037109375	0.0004296875	0.00052734375	0.000478515625	0.000517578125	0.00046875	0.00083984375	0.001318359375	0.00607421875	0.007880859375	0.3140625	0.348232421875	0.460810546875	0.52716796875	0.53236328125	0.55078125	0.5530078125	0.551923828125	0.55091796875	0.55021484375	0.548359375	0.551025390625	0.55361328125	0.55021484375	0.551875	0.55044921875	0.552890625	0.55046875	0.551533203125	0.553779296875	0.549248046875	0.5532421875	0.551484375	0.547431640625	0.546962890625	0.55166015625	0.550712890625
0.000380859375	0.0003515625	0.000361328125	0.000458984375	0.00046875	0.000517578125	0.00048828125	0.000556640625	0.000576171875	0.000693359375	0.00125	0.00203125	0.006806640625	0.00564453125	0.323828125	0.438203125	0.511064453125	0.521259765625	0.545380859375	0.5522265625	0.551845703125	0.549140625	0.550302734375	0.5497265625	0.549990234375	0.54751953125	0.5529296875	0.552080078125	0.54947265625	0.5510546875	0.550205078125	0.55083984375	0.551748046875	0.551064453125	0.55232421875	0.55544921875	0.550791015625	0.550302734375	0.5483203125	0.54953125	0.550654296875
0.00044921875	0.000439453125	0.00048828125	0.000458984375	0.000439453125	0.000380859375	0.0005078125	0.00048828125	0.00044921875	0.00072265625	0.000986328125	0.00427734375	0.0073046875	0.284560546875	0.3095703125	0.418046875	0.51205078125	0.547763671875	0.55240234375	0.54767578125	0.548818359375	0.552783203125	0.552978515625	0.5482421875	0.54912109375	0.55037109375	0.553583984375	0.551904296875	0.54947265625	0.55552734375	0.548251953125	0.553173828125	0.550830078125	0.550244140625	0.553974609375	0.550654296875	0.5498046875	0.553876953125	0.551005859375	0.551630859375	0.550751953125
0.000458984375	0.00037109375	0.00041015625	0.000419921875	0.000498046875	0.00048828125	0.000478515625	0.000576171875	0.000576171875	0.000771484375	0.00166015625	0.0061328125	0.00501953125	0.28583984375	0.390009765625	0.465947265625	0.499794921875	0.553525390625	0.549150390625	0.55224609375	0.550537109375	0.54912109375	0.554697265625	0.5522265625	0.55572265625	0.552333984375	0.552333984375	0.55185546875	0.55419921875	0.553125	0.551494140625	0.5515625	0.54923828125	0.55359375	0.5510546875	0.547880859375	0.55283203125	0.549873046875	0.554111328125	0.5491015625	0.55462890625
0.000458984375	0.000458984375	0.000400390625	0.0003125	0.000390625	0.000458984375	0.00037109375	0.000478515625	0.000595703125	0.00068359375	0.00462890625	0.0059375	0.240546875	0.285869140625	0.439287109375	0.459384765625	0.503427734375	0.505712890625	0.5539453125	0.55078125	0.552041015625	0.551728515625	0.548701171875	0.550126953125	0.54912109375	0.553369140625	0.5508984375	0.55328125	0.5534375	0.547919921875	0.5490625	0.548271484375	0.553076171875	0.548486328125	0.549404296875	0.553076171875	0.550048828125	0.552490234375	0.544189453125	0.5494140625	0.550849609375
0.00044921875	0.00044921875	0.00041015625	0.000380859375	0.000419921875	0.00037109375	0.000517578125	0.000556640625	0.000771484375	0.001142578125	0.0063671875	0.0075390625	0.22146484375	0.350947265625	0.431923828125	0.4751953125	0.49734375	0.505947265625	0.51154296875	0.550068359375	0.551396484375	0.5516015625	0.551318359375	0.552841796875	0.548330078125	0.5518359375	0.547841796875	0.548291015625	0.5464453125	0.5484375	0.55103515625	0.5495703125	0.548291015625	0.55146484375	0.547021484375	0.551708984375	0.550361328125	0.55060546875	0.547998046875	0.552216796875	0.55484375
0.000390625	0.000419921875	0.000517578125	0.000380859375	0.00048828125	0.00048828125	0.000458984375	0.000478515625	0.000576171875	0.001767578125	0.00634765625	0.19052734375	0.223466796875	0.37716796875	0.406630859375	0.462373046875	0.485869140625	0.501455078125	0.510078125	0.538212890625	0.55021484375	0.54619140625	0.54943359375	0.549365234375	0.548037109375	0.55146484375	0.548076171875	0.5545703125	0.55236328125	0.55005859375	0.550625	0.55109375	0.5516796875	0.54666015625	0.551728515625	0.55251953125	0.55283203125	0.551787109375	0.553056640625	0.551259765625	0.551484375
0.000380859375	0.00048828125	0.000478515625	0.000458984375	0.000439453125	0.00041015625	0.00044921875	0.000625	0.000791015625	0.00416015625	0.0053125	0.19830078125	0.255185546875	0.308193359375	0.4250390625	0.432275390625	0.467099609375	0.49642578125	0.5038671875	0.50716796875	0.5129296875	0.547685546875	0.55103515625	0.55173828125	0.552451171875	0.5487890625	0.549296875	0.54798828125	0.54900390625	0.549443359375	0.551982421875	0.55296875	0.548564453125	0.5509375	0.550068359375	0.55333984375	0.552275390625	0.550400390625	0.54974609375	0.548046875	0.552626953125
0.000390625	0.000341796875	0.000400390625	0.00041015625	0.000439453125	0.000546875	0.000419921875	0.000712890625	0.001083984375	0.003974609375	0.1414453125	0.239501953125	0.28349609375	0.3194140625	0.341142578125	0.431572265625	0.46330078125	0.481455078125	0.50080078125	0.508720703125	0.513642578125	0.518291015625	0.551796875	0.551748046875	0.54623046875	0.547158203125	0.549931640625	0.551708984375	0.547490234375	0.55568359375	0.548798828125	0.551689453125	0.55169921875	0.553935546875	0.550966796875	0.550830078125	0.547265625	0.552021484375	0.543779296875	0.553349609375	0.552880859375
0.000400390625	0.000439453125	0.000361328125	0.000439453125	0.000419921875	0.000380859375	0.000517578125	0.000810546875	0.0026171875	0.129873046875	0.148857421875	0.235283203125	0.277822265625	0.307841796875	0.330263671875	0.4309375	0.43626953125	0.467861328125	0.49244140625	0.5043359375	0.513017578125	0.51814453125	0.516865234375	0.55103515625	0.5477734375	0.549013671875	0.548271484375	0.547421875	0.54974609375	0.552412109375	0.5528515625	0.552255859375	0.54498046875	0.550947265625	0.552666015625	0.551513671875	0.553203125	0.55048828125	0.5475390625	0.55201171875	0.549951171875
0.000458984375	0.000498046875	0.000498046875	0.00041015625	0.00048828125	0.00046875	0.000595703125	0.000908203125	0.00400390625	0.120224609375	0.17970703125	0.229873046875	0.29263671875	0.306025390625	0.32642578125	0.3490234375	0.429716796875	0.441689453125	0.472685546875	0.49994140625	0.502607421875	0.514169921875	0.512939453125	0.5201953125	0.5491796875	0.5514453125	0.550908203125	0.5499609375	0.547783203125	0.54935546875	0.55171875	0.5505078125	0.548515625	0.549052734375	0.550166015625	0.5490625	0.550224609375	0.55001953125	0.551083984375	0.5509765625	0.549140625
0.000498046875	0.000419921875	0.000439453125	0.000439453125	0.000439453125	0.0005078125	0.000537109375	0.002109375	0.0033984375	0.12	0.185419921875	0.245205078125	0.258271484375	0.304091796875	0.315244140625	0.342548828125	0.427958984375	0.432939453125	0.468662109375	0.4876953125	0.500234375	0.511474609375	0.5165234375	0.519208984375	0.5190234375	0.550927734375	0.550986328125	0.551640625	0.550458984375	0.555283203125	0.550009765625	0.55044921875	0.551826171875	0.55068359375	0.5489453125	0.553837890625	0.552353515625	0.551787109375	0.54751953125	0.548935546875	0.5547265625
0.000439453125	0.000400390625	0.000517578125	0.0005078125	0.00037109375	0.00052734375	0.0006640625	0.00208984375	0.065029296875	0.14384765625	0.184345703125	0.24224609375	0.25572265625	0.300556640625	0.31361328125	0.322802734375	0.353583984375	0.430439453125	0.441728515625	0.473583984375	0.491689453125	0.503916015625	0.517490234375	0.517978515625	0.520068359375	0.523349609375	0.549443359375	0.55056640625	0.55306640625	0.54849609375	0.548662109375	0.55130859375	0.548818359375	0.552333984375	0.552412109375	0.548583984375	0.549072265625	0.550341796875	0.549853515625	0.55029296875	0.5527734375
0.000458984375	0.000458984375	0.000322265625	0.000478515625	0.00041015625	0.000537109375	0.001376953125	0.04486328125	0.0784375	0.169169921875	0.19732421875	0.225498046875	0.25259765625	0.262080078125	0.310908203125	0.31818359375	0.34919921875	0.357724609375	0.436689453125	0.4451953125	0.486298828125	0.5034765625	0.5113671875	0.516044921875	0.517001953125	0.517353515625	0.520263671875	0.551181640625	0.55337890625	0.5494921875	0.554599609375	0.552236328125	0.549365234375	0.5467578125	0.549169921875	0.55216796875	0.550166015625	0.5485546875	0.550654296875	0.552314453125	0.55662109375
0.000380859375	0.00048828125	0.000400390625	0.000380859375	0.000390625	0.0007421875	0.002294921875	0.053310546875	0.085810546875	0.11208984375	0.194599609375	0.223359375	0.252109375	0.265234375	0.310126953125	0.3194140625	0.33880859375	0.354267578125	0.36564453125	0.44166015625	0.450791015625	0.491103515625	0.5044140625	0.515859375	0.51890625	0.521396484375	0.5217578125	0.520966796875	0.550107421875	0.549013671875	0.550380859375	0.549873046875	0.5514453125	0.547822265625	0.552578125	0.548125	0.55337890625	0.5537890625	0.549072265625	0.554951171875	0.553095703125
0.000361328125	0.00041015625	0.000439453125	0.00046875	0.000439453125	0.000693359375	0.00212890625	0.0556640625	0.090849609375	0.102861328125	0.19443359375	0.205869140625	0.2498046875	0.260576171875	0.28447265625	0.3152734375	0.33833984375	0.35435546875	0.36380859375	0.438701171875	0.442548828125	0.490654296875	0.495205078125	0.508193359375	0.515419921875	0.517421875	0.51998046875	0.524716796875	0.542529296875	0.55375	0.548046875	0.553759765625	0.553193359375	0.549384765625	0.5467578125	0.552939453125	0.547314453125	0.55462890625	0.5534765625	0.550576171875	0.5485546875
0.000478515625	0.000458984375	0.000458984375	0.00048828125	0.000517578125	0.001376953125	0.035908203125	0.056494140625	0.093583984375	0.105341796875	0.194443359375	0.2041015625	0.245908203125	0.257841796875	0.274375	0.31283203125	0.324189453125	0.34595703125	0.36140625	0.371572265625	0.44203125	0.452646484375	0.490576171875	0.49646484375	0.515048828125	0.515380859375	0.5200390625	0.51734375	0.518662109375	0.5213671875	0.550478515625	0.551875	0.55505859375	0.552333984375	0.554482421875	0.54955078125	0.550439453125	0.55107421875	0.5516015625	0.549375	0.55052734375
0.000400390625	0.000458984375	0.000458984375	0.000400390625	0.00048828125	0.001494140625	0.0369921875	0.0641796875	0.0928125	0.107587890625	0.12048828125	0.201513671875	0.22669921875	0.258701171875	0.275009765625	0.284599609375	0.324111328125	0.34208984375	0.350986328125	0.3677734375	0.3780078125	0.442978515625	0.468125	0.49525390625	0.503681640625	0.515361328125	0.5180859375	0.5184375	0.520263671875	0.521455078125	0.5220703125	0.549541015625	0.54982421875	0.545361328125	0.549794921875	0.551572265625	0.548740234375	0.5532421875	0.55044921875	0.55076171875	0.5518359375
0.00048828125	0.000478515625	0.0004296875	0.000419921875	0.001044921875	0.02255859375	0.039658203125	0.0655859375	0.093603515625	0.104716796875	0.1216015625	0.201259765625	0.226025390625	0.253564453125	0.27337890625	0.28982421875	0.324111328125	0.33189453125	0.351650390625	0.369423828125	0.3735546875	0.44517578125	0.4486328125	0.476337890625	0.499912109375	0.51318359375	0.5156640625	0.518740234375	0.5189453125	0.52001953125	0.52240234375	0.517587890625	0.55005859375	0.549140625	0.55099609375	0.553896484375	0.5493359375	0.54650390625	0.548203125	0.550546875	0.552802734375
0.00041015625	0.000458984375	0.000478515625	0.00056640625	0.013291015625	0.029697265625	0.0432421875	0.063564453125	0.074609375	0.1030078125	0.12103515625	0.20115234375	0.208115234375	0.251552734375	0.273583984375	0.287890625	0.3030078125	0.32984375	0.348251953125	0.360908203125	0.372421875	0.38244140625	0.44427734375	0.473349609375	0.47998046875	0.502509765625	0.512939453125	0.5173828125	0.5189453125	0.521611328125	0.52138671875	0.517412109375	0.520126953125	0.5509375	0.551279296875	0.549462890625	0.552490234375	0.5478125	0.551884765625	0.548515625	0.546884765625
0.00044921875	0.000400390625	0.000439453125	0.0005859375	0.015556640625	0.03169921875	0.04623046875	0.06095703125	0.078115234375	0.10455078125	0.12126953125	0.200126953125	0.206845703125	0.238642578125	0.2654296875	0.286357421875	0.30548828125	0.33048828125	0.34833984375	0.358818359375	0.371796875	0.382080078125	0.44544921875	0.448232421875	0.47572265625	0.498095703125	0.509443359375	0.515439453125	0.5176953125	0.518720703125	0.52021484375	0.521396484375	0.522734375	0.5399609375	0.550595703125	0.550986328125	0.55185546875	0.54869140625	0.547265625	0.551376953125	0.548916015625
0.00044921875	0.0004296875	0.000400390625	0.0009375	0.019931640625	0.031845703125	0.0456640625	0.062646484375	0.078037109375	0.103642578125	0.1228515625	0.137421875	0.203564453125	0.234560546875	0.266923828125	0.288310546875	0.3039453125	0.3140234375	0.334736328125	0.35302734375	0.363583984375	0.37509765625	0.38529296875	0.445517578125	0.4711328125	0.481083984375	0.504140625	0.51189453125	0.515078125	0.516826171875	0.5217578125	0.5198046875	0.5196484375	0.51962890625	0.5204296875	0.55359375	0.55099609375	0.55103515625	0.54974609375	0.54927734375	0.550947265625
0.000498046875	0.0004296875	0.00046875	0.010791015625	0.02060546875	0.02845703125	0.0459375	0.055654296875	0.078212890625	0.104775390625	0.1206640625	0.136826171875	0.203603515625	0.23365234375	0.256865234375	0.285791015625	0.3099609375	0.315673828125	0.336162109375	0.35533203125	0.3625390625	0.3726171875	0.383505859375	0.38919921875	0.446142578125	0.470068359375	0.487998046875	0.505087890625	0.506337890625	0.518544921875	0.518369140625	0.523017578125	0.520244140625	0.520126953125	0.518369140625	0.519619140625	0.553193359375	0.549619140625	0.551455078125	0.54970703125	0.549638671875
0.000400390625	0.000498046875	0.004111328125	0.012939453125	0.020029296875	0.026279296875	0.0416796875	0.05705078125	0.078720703125	0.0907421875	0.116884765625	0.1379296875	0.153486328125	0.2334375	0.256181640625	0.2907421875	0.30669921875	0.315185546875	0.319775390625	0.35302734375	0.364033203125	0.371435546875	0.382158203125	0.39302734375	0.392861328125	0.47337890625	0.486240234375	0.48619140625	0.511171875	0.512958984375	0.51716796875	0.521162109375	0.517958984375	0.519296875	0.52244140625	0.520927734375	0.5208984375	0.549306640625	0.55123046875	0.553193359375	0.55330078125
0.000390625	0.000419921875	0.005849609375	0.011484375	0.02005859375	0.031083984375	0.043330078125	0.058291015625	0.0801171875	0.09533203125	0.12197265625	0.143876953125	0.158896484375	0.2333203125	0.26658203125	0.295146484375	0.30572265625	0.31849609375	0.320810546875	0.33814453125	0.361298828125	0.371806640625	0.37453125	0.387744140625	0.392939453125	0.446787109375	0.483330078125	0.48921875	0.501171875	0.513212890625	0.51859375	0.520263671875	0.518154296875	0.5198828125	0.520458984375	0.517724609375	0.5189453125	0.52046875	0.526943359375	0.548251953125	0.550771484375
0.00046875	0.000595703125	0.006728515625	0.013603515625	0.022099609375	0.029462890625	0.04296875	0.06	0.0815234375	0.100615234375	0.12552734375	0.151328125	0.1612109375	0.213505859375	0.2683984375	0.28904296875	0.308359375	0.31810546875	0.318583984375	0.32451171875	0.362607421875	0.37271484375	0.37244140625	0.3815625	0.392529296875	0.393857421875	0.47205078125	0.488212890625	0.486171875	0.509931640625	0.51138671875	0.517138671875	0.4975	0.52287109375	0.521875	0.51798828125	0.51826171875	0.52041015625	0.542080078125	0.54787109375	0.552880859375
0.0004296875	0.00228515625	0.007314453125	0.01388671875	0.023388671875	0.034384765625	0.048212890625	0.064228515625	0.083037109375	0.1045703125	0.125	0.15736328125	0.166845703125	0.166796875	0.286533203125	0.290126953125	0.304638671875	0.314140625	0.32228515625	0.3198046875	0.362373046875	0.36873046875	0.374326171875	0.37541015625	0.390732421875	0.39380859375	0.394814453125	0.48498046875	0.488779296875	0.489248046875	0.512802734375	0.5098046875	0.517724609375	0.519677734375	0.520341796875	0.51775390625	0.51890625	0.5196875	0.523134765625	0.51986328125	0.550771484375
0.000390625	0.002265625	0.00767578125	0.014033203125	0.021962890625	0.033564453125	0.053046875	0.071943359375	0.07455078125	0.107021484375	0.107919921875	0.15671875	0.164326171875	0.168212890625	0.287548828125	0.2890234375	0.292216796875	0.313876953125	0.3203515625	0.319208984375	0.3216015625	0.37142578125	0.371513671875	0.3790625	0.379287109375	0.392109375	0.393544921875	0.486923828125	0.486923828125	0.486494140625	0.489912109375	0.509580078125	0.5115625	0.516396484375	0.5212890625	0.51689453125	0.524091796875	0.518896484375	0.52154296875	0.52044921875	0.51841796875
