0.0009765625	0.000986328125	0.000986328125	0.00099609375	0.001005859375	0.000986328125	0.001005859375	0.001123046875	0.001044921875	0.00109375	0.001103515625	0.0011328125	0.0012109375	0.00111328125	0.002236328125	0.0020703125	0.002587890625	0.005263671875	0.015556640625	0.014462890625	0.0134375	0.876630859375	0.880673828125	0.957333984375	0.95712890625	0.96345703125	0.96435546875	0.964228515625	0.96396484375	0.964384765625	0.963603515625	0.96404296875	0.92509765625	0.965537109375	0.96544921875	0.964443359375	0.964150390625	0.965	0.964814453125	0.965498046875	0.965
0.0009765625	0.00099609375	0.001005859375	0.001005859375	0.00099609375	0.001025390625	0.001025390625	0.0011328125	0.00115234375	0.001142578125	0.001083984375	0.001171875	0.001435546875	0.00111328125	0.002470703125	0.001904296875	0.002822265625	0.014248046875	0.017578125	0.008896484375	0.85244140625	0.8767578125	0.840380859375	0.956337890625	0.963876953125	0.963095703125	0.96537109375	0.96322265625	0.96375	0.964365234375	0.96423828125	0.964619140625	0.962041015625	0.963779296875	0.963212890625	0.96435546875	0.9640234375	0.963173828125	0.965126953125	0.963232421875	0.9625390625
0.0009765625	0.0009765625	0.001015625	0.000986328125	0.0009765625	0.00099609375	0.001005859375	0.001083984375	0.00111328125	0.001162109375	0.00109375	0.00111328125	0.00130859375	0.0016015625	0.00185546875	0.002333984375	0.004248046875	0.015791015625	0.013369140625	0.709443359375	0.842724609375	0.888037109375	0.951904296875	0.9643359375	0.963369140625	0.96544921875	0.96486328125	0.962861328125	0.963662109375	0.96501953125	0.96365234375	0.964794921875	0.96638671875	0.964443359375	0.9650390625	0.965126953125	0.964228515625	0.964775390625	0.965185546875	0.964521484375	0.963935546875
0.0009765625	0.00099609375	0.001005859375	0.0009765625	0.000986328125	0.00099609375	0.000986328125	0.00111328125	0.001103515625	0.001171875	0.001123046875	0.001162109375	0.0012109375	0.001640625	0.002490234375	0.0028125	0.010576171875	0.01955078125	0.0184375	0.772421875	0.843544921875	0.8766796875	0.955390625	0.963173828125	0.96412109375	0.965986328125	0.96326171875	0.964326171875	0.965283203125	0.964677734375	0.963232421875	0.964453125	0.9645703125	0.964501953125	0.964462890625	0.96333984375	0.96416015625	0.962119140625	0.96576171875	0.96525390625	0.965908203125
0.0009765625	0.00099609375	0.000986328125	0.001005859375	0.0009765625	0.00099609375	0.000986328125	0.001064453125	0.001162109375	0.001025390625	0.0011328125	0.00111328125	0.001181640625	0.0018359375	0.00171875	0.002626953125	0.011533203125	0.013388671875	0.014921875	0.7890234375	0.8583984375	0.94953125	0.96294921875	0.9640234375	0.96265625	0.96376953125	0.9657421875	0.92375	0.96376953125	0.9658984375	0.96509765625	0.96560546875	0.96388671875	0.964072265625	0.9626171875	0.964501953125	0.96265625	0.96556640625	0.9641015625	0.965458984375	0.964912109375
0.0009765625	0.000986328125	0.00099609375	0.00099609375	0.00099609375	0.000986328125	0.00099609375	0.00107421875	0.0010546875	0.001123046875	0.001103515625	0.00123046875	0.00177734375	0.00181640625	0.002197265625	0.002880859375	0.014287109375	0.014453125	0.7395703125	0.804072265625	0.841123046875	0.948857421875	0.9620703125	0.9629296875	0.96373046875	0.9639453125	0.963046875	0.96353515625	0.966279296875	0.965439453125	0.966240234375	0.96447265625	0.962666015625	0.96314453125	0.965302734375	0.965048828125	0.96533203125	0.965498046875	0.964345703125	0.964501953125	0.963935546875
0.0009765625	0.0009765625	0.000986328125	0.00099609375	0.0009765625	0.0009765625	0.00099609375	0.00109375	0.001083984375	0.001064453125	0.0011328125	0.001123046875	0.001689453125	0.0015234375	0.00349609375	0.010986328125	0.01509765625	0.011494140625	0.75748046875	0.805888671875	0.9362109375	0.96068359375	0.964140625	0.964326171875	0.96537109375	0.96435546875	0.964033203125	0.963564453125	0.963154296875	0.964130859375	0.963486328125	0.963505859375	0.96595703125	0.965009765625	0.964365234375	0.963359375	0.963779296875	0.963583984375	0.96265625	0.964736328125	0.96341796875
0.0009765625	0.000986328125	0.001015625	0.0009765625	0.00099609375	0.000986328125	0.001015625	0.001123046875	0.001123046875	0.001181640625	0.001171875	0.001357421875	0.001767578125	0.002197265625	0.004970703125	0.01537109375	0.01330078125	0.750966796875	0.78384765625	0.931865234375	0.95958984375	0.96078125	0.964892578125	0.963359375	0.963056640625	0.965390625	0.96388671875	0.96484375	0.964189453125	0.96443359375	0.96341796875	0.9647265625	0.964541015625	0.96357421875	0.96375	0.965166015625	0.96486328125	0.96423828125	0.964853515625	0.96484375	0.963154296875
0.0009765625	0.0009765625	0.000986328125	0.00099609375	0.00099609375	0.000986328125	0.001005859375	0.00103515625	0.001142578125	0.001044921875	0.001162109375	0.00173828125	0.00158203125	0.00279296875	0.00947265625	0.011044921875	0.012880859375	0.752763671875	0.771376953125	0.93478515625	0.95892578125	0.96314453125	0.963525390625	0.96576171875	0.9651953125	0.964453125	0.963779296875	0.964580078125	0.9651953125	0.96544921875	0.965078125	0.962802734375	0.964111328125	0.96431640625	0.964931640625	0.963515625	0.964248046875	0.964287109375	0.964248046875	0.96517578125	0.9657421875
0.0009765625	0.000986328125	0.000986328125	0.0009765625	0.00099609375	0.00099609375	0.001025390625	0.001025390625	0.00103515625	0.0011328125	0.00109375	0.001513671875	0.002041015625	0.00236328125	0.012265625	0.017626953125	0.69916015625	0.756962890625	0.9041015625	0.955390625	0.96205078125	0.96369140625	0.965126953125	0.964365234375	0.964892578125	0.965107421875	0.96396484375	0.963505859375	0.965419921875	0.963603515625	0.96318359375	0.9639453125	0.96197265625	0.9653125	0.964365234375	0.9629296875	0.96521484375	0.965478515625	0.964296875	0.964306640625	0.963681640625
0.0009765625	0.0009765625	0.00099609375	0.000986328125	0.000986328125	0.00099609375	0.0010546875	0.001025390625	0.00103515625	0.00107421875	0.0012890625	0.00140625	0.002412109375	0.010087890625	0.01357421875	0.0172265625	0.713935546875	0.7424609375	0.908671875	0.957001953125	0.9604296875	0.964931640625	0.9648828125	0.96412109375	0.963740234375	0.96525390625	0.96408203125	0.9632421875	0.963447265625	0.963486328125	0.96310546875	0.96470703125	0.964501953125	0.964755859375	0.964912109375	0.96564453125	0.96685546875	0.963427734375	0.96443359375	0.96546875	0.96333984375
0.0009765625	0.0009765625	0.000986328125	0.00099609375	0.00099609375	0.001015625	0.0010546875	0.001064453125	0.001083984375	0.00111328125	0.001416015625	0.001591796875	0.003720703125	0.011005859375	0.013359375	0.691640625	0.715849609375	0.8858984375	0.9451953125	0.95599609375	0.9648046875	0.96658203125	0.96498046875	0.9656640625	0.96390625	0.964208984375	0.963984375	0.963876953125	0.966083984375	0.964287109375	0.9626171875	0.9648046875	0.963681640625	0.96490234375	0.96375	0.963662109375	0.964150390625	0.964541015625	0.966533203125	0.96544921875	0.9637109375
0.0009765625	0.0009765625	0.00099609375	0.00099609375	0.001005859375	0.00099609375	0.001025390625	0.00111328125	0.0011328125	0.001083984375	0.00154296875	0.00173828125	0.005986328125	0.009638671875	0.606044921875	0.687177734375	0.86064453125	0.905771484375	0.954443359375	0.96494140625	0.963310546875	0.962392578125	0.964267578125	0.964609375	0.96501953125	0.963056640625	0.964658203125	0.963017578125	0.96439453125	0.965546875	0.964501953125	0.9654296875	0.963818359375	0.9640625	0.9631640625	0.96470703125	0.96501953125	0.964765625	0.9630859375	0.965185546875	0.966083984375
0.0009765625	0.0009765625	0.0009765625	0.00099609375	0.000986328125	0.001025390625	0.00103515625	0.001064453125	0.001142578125	0.001220703125	0.001318359375	0.0023046875	0.0065625	0.01064453125	0.620390625	0.703095703125	0.866787109375	0.941474609375	0.9531640625	0.963857421875	0.9663671875	0.96634765625	0.9651171875	0.965791015625	0.963701171875	0.96552734375	0.963720703125	0.96478515625	0.963779296875	0.9647265625	0.965224609375	0.966044921875	0.965048828125	0.96525390625	0.964482421875	0.96482421875	0.9643359375	0.96244140625	0.963984375	0.96537109375	0.96408203125
0.0009765625	0.0009765625	0.0009765625	0.0009765625	0.001015625	0.00103515625	0.001044921875	0.001064453125	0.001171875	0.0015234375	0.001328125	0.002685546875	0.008544921875	0.013017578125	0.651025390625	0.831396484375	0.922939453125	0.946884765625	0.967080078125	0.96423828125	0.9648046875	0.96576171875	0.964072265625	0.965205078125	0.96458984375	0.967265625	0.964501953125	0.96515625	0.963759765625	0.964365234375	0.964365234375	0.965888671875	0.964296875	0.963671875	0.963798828125	0.963173828125	0.96380859375	0.96427734375	0.96474609375	0.96404296875	0.96447265625
0.0009765625	0.000986328125	0.000986328125	0.00099609375	0.0009765625	0.001025390625	0.0010546875	0.001123046875	0.001064453125	0.001279296875	0.001640625	0.006201171875	0.008837890625	0.474677734375	0.57998046875	0.7518359375	0.888291015625	0.963828125	0.964482421875	0.963759765625	0.9662109375	0.964375	0.964990234375	0.9654296875	0.963564453125	0.964814453125	0.965361328125	0.964453125	0.964736328125	0.96408203125	0.965390625	0.964111328125	0.96330078125	0.96484375	0.96396484375	0.96529296875	0.96328125	0.962919921875	0.9634375	0.925029296875	0.96361328125
0.0009765625	0.000986328125	0.000986328125	0.000986328125	0.000986328125	0.001005859375	0.001015625	0.00109375	0.001279296875	0.0015234375	0.00171875	0.009814453125	0.00763671875	0.503369140625	0.640986328125	0.796787109375	0.849677734375	0.96498046875	0.9644921875	0.96498046875	0.96587890625	0.964384765625	0.965654296875	0.963896484375	0.963955078125	0.963974609375	0.965224609375	0.964033203125	0.96466796875	0.963515625	0.9623828125	0.96283203125	0.962099609375	0.964638671875	0.964453125	0.96513671875	0.964609375	0.96623046875	0.96390625	0.963095703125	0.96423828125
0.0009765625	0.001005859375	0.0009765625	0.001015625	0.0009765625	0.001005859375	0.001044921875	0.0010546875	0.001376953125	0.001259765625	0.006923828125	0.0051953125	0.436357421875	0.484169921875	0.67255859375	0.73671875	0.848203125	0.905244140625	0.9646875	0.965439453125	0.926669921875	0.963564453125	0.96396484375	0.9640625	0.963134765625	0.9646875	0.96251953125	0.9646875	0.963115234375	0.963759765625	0.965078125	0.9631640625	0.96326171875	0.9643359375	0.96357421875	0.96623046875	0.964306640625	0.964306640625	0.96306640625	0.96646484375	0.964140625
0.0009765625	0.0009765625	0.000986328125	0.000986328125	0.0009765625	0.001005859375	0.001015625	0.00111328125	0.00158203125	0.002392578125	0.004921875	0.008583984375	0.3322265625	0.519111328125	0.66177734375	0.74412109375	0.841181640625	0.887763671875	0.9293359375	0.96609375	0.9631640625	0.963134765625	0.96525390625	0.9648046875	0.964921875	0.965341796875	0.964365234375	0.963349609375	0.962763671875	0.963564453125	0.96580078125	0.964462890625	0.964404296875	0.962880859375	0.96375	0.963779296875	0.962861328125	0.964453125	0.964375	0.96541015625	0.96416015625
0.0009765625	0.0009765625	0.0009765625	0.0009765625	0.001015625	0.00099609375	0.001005859375	0.001171875	0.001328125	0.001904296875	0.007705078125	0.315888671875	0.354521484375	0.55685546875	0.61017578125	0.720205078125	0.794775390625	0.905869140625	0.928369140625	0.959921875	0.965205078125	0.92587890625	0.96474609375	0.964453125	0.9648828125	0.963896484375	0.96470703125	0.964267578125	0.96271484375	0.964912109375	0.963984375	0.96330078125	0.963876953125	0.96474609375	0.963876953125	0.96423828125	0.963603515625	0.96478515625	0.96255859375	0.96484375	0.96529296875
0.0009765625	0.000986328125	0.0009765625	0.000986328125	0.000986328125	0.00103515625	0.0010546875	0.0013671875	0.00146484375	0.005927734375	0.006689453125	0.31076171875	0.379013671875	0.439892578125	0.6263671875	0.67232421875	0.753310546875	0.8980859375	0.9196484375	0.938525390625	0.943896484375	0.9650390625	0.9646484375	0.96458984375	0.96333984375	0.96423828125	0.96375	0.9643359375	0.964248046875	0.964697265625	0.963984375	0.965048828125	0.964482421875	0.964921875	0.965986328125	0.965078125	0.96353515625	0.964580078125	0.965244140625	0.9645703125	0.965576171875
0.0009765625	0.000986328125	0.000986328125	0.000986328125	0.001015625	0.00103515625	0.00111328125	0.00138671875	0.002294921875	0.00630859375	0.221572265625	0.35005859375	0.39666015625	0.459658203125	0.5444921875	0.678037109375	0.812021484375	0.878515625	0.91978515625	0.9390625	0.947138671875	0.952314453125	0.965458984375	0.9657421875	0.9642578125	0.965712890625	0.9633203125	0.963193359375	0.96416015625	0.963115234375	0.964892578125	0.962880859375	0.96443359375	0.964326171875	0.965556640625	0.96427734375	0.96447265625	0.96564453125	0.964931640625	0.961328125	0.96416015625
0.0009765625	0.000986328125	0.0009765625	0.0009765625	0.00099609375	0.001005859375	0.001064453125	0.001376953125	0.005498046875	0.205693359375	0.211689453125	0.32865234375	0.39736328125	0.482724609375	0.55673828125	0.716396484375	0.7965625	0.85458984375	0.91498046875	0.93234375	0.94390625	0.952216796875	0.953896484375	0.965615234375	0.9642578125	0.96625	0.962880859375	0.964609375	0.964775390625	0.96337890625	0.96568359375	0.96232421875	0.9655859375	0.96484375	0.964638671875	0.965166015625	0.9646484375	0.9656640625	0.96419921875	0.96203125	0.965185546875
0.0009765625	0.0009765625	0.0009765625	0.0009765625	0.00099609375	0.001015625	0.001103515625	0.001572265625	0.005693359375	0.176845703125	0.24671875	0.317255859375	0.40701171875	0.510908203125	0.601826171875	0.74626953125	0.8040625	0.83943359375	0.896728515625	0.92904296875	0.9394140625	0.948916015625	0.953056640625	0.953271484375	0.963466796875	0.964140625	0.96482421875	0.965986328125	0.964658203125	0.963388671875	0.96361328125	0.963974609375	0.9648828125	0.9625	0.96525390625	0.963564453125	0.9653125	0.9651953125	0.9648046875	0.964990234375	0.965048828125
0.0009765625	0.0009765625	0.000986328125	0.000986328125	0.001025390625	0.001044921875	0.001103515625	0.00412109375	0.004365234375	0.1860546875	0.2619140625	0.442392578125	0.55080078125	0.585390625	0.725732421875	0.753876953125	0.8048828125	0.85658203125	0.89392578125	0.9278515625	0.938486328125	0.948544921875	0.952431640625	0.953193359375	0.95326171875	0.963212890625	0.96373046875	0.963486328125	0.965546875	0.96560546875	0.96595703125	0.96546875	0.963701171875	0.962822265625	0.96509765625	0.96458984375	0.964765625	0.964130859375	0.964755859375	0.964150390625	0.9640234375
0.0009765625	0.00099609375	0.000986328125	0.000986328125	0.001044921875	0.00103515625	0.001142578125	0.002998046875	0.091240234375	0.214716796875	0.240986328125	0.602724609375	0.58033203125	0.71126953125	0.736484375	0.751259765625	0.80759765625	0.861640625	0.88228515625	0.91275390625	0.93310546875	0.945166015625	0.953251953125	0.95310546875	0.955673828125	0.953759765625	0.963369140625	0.965234375	0.964384765625	0.963310546875	0.962646484375	0.962890625	0.964677734375	0.9626953125	0.964990234375	0.965068359375	0.96392578125	0.9637109375	0.963564453125	0.96470703125	0.96423828125
0.0009765625	0.0009765625	0.000986328125	0.001005859375	0.001025390625	0.001220703125	0.002431640625	0.075986328125	0.11208984375	0.218828125	0.563037109375	0.6212890625	0.7045703125	0.71046875	0.758232421875	0.781552734375	0.817080078125	0.83052734375	0.892333984375	0.901943359375	0.930390625	0.942890625	0.94642578125	0.95234375	0.955126953125	0.9537109375	0.9558984375	0.9650390625	0.962958984375	0.964755859375	0.963115234375	0.96513671875	0.964013671875	0.96568359375	0.96357421875	0.96509765625	0.9640234375	0.964658203125	0.964990234375	0.964736328125	0.963486328125
0.0009765625	0.0009765625	0.000986328125	0.001015625	0.00099609375	0.001298828125	0.001787109375	0.081767578125	0.115322265625	0.380224609375	0.62951171875	0.638857421875	0.70537109375	0.719462890625	0.766240234375	0.783779296875	0.820771484375	0.839404296875	0.86408203125	0.903544921875	0.91421875	0.938916015625	0.944033203125	0.952197265625	0.9551953125	0.955322265625	0.9552734375	0.955224609375	0.9651171875	0.96470703125	0.9625	0.964677734375	0.963203125	0.963291015625	0.96447265625	0.9641796875	0.965927734375	0.96443359375	0.963955078125	0.9625390625	0.966044921875
0.0009765625	0.0009765625	0.0009765625	0.001015625	0.001015625	0.00134765625	0.003212890625	0.072548828125	0.12056640625	0.3694140625	0.627978515625	0.60982421875	0.707841796875	0.718701171875	0.755234375	0.786455078125	0.825947265625	0.840146484375	0.861220703125	0.90486328125	0.909130859375	0.936962890625	0.941650390625	0.9501171875	0.95380859375	0.9546484375	0.95640625	0.956298828125	0.963525390625	0.9650390625	0.964736328125	0.9648046875	0.964833984375	0.964599609375	0.965478515625	0.96419921875	0.964296875	0.964462890625	0.9651171875	0.964755859375	0.964140625
0.0009765625	0.0009765625	0.0009765625	0.00099609375	0.00109375	0.002529296875	0.054384765625	0.085107421875	0.357021484375	0.3705859375	0.60478515625	0.6203125	0.713310546875	0.73287109375	0.7676953125	0.796748046875	0.82666015625	0.843798828125	0.863037109375	0.869736328125	0.907958984375	0.91763671875	0.94201171875	0.94462890625	0.953466796875	0.953583984375	0.95453125	0.95623046875	0.955517578125	0.954453125	0.966015625	0.96228515625	0.96521484375	0.965517578125	0.9634765625	0.96482421875	0.962724609375	0.9647265625	0.962783203125	0.964638671875	0.965263671875
0.0009765625	0.0009765625	0.000986328125	0.0009765625	0.00119140625	0.002080078125	0.056474609375	0.227861328125	0.3581640625	0.361201171875	0.388759765625	0.6112109375	0.693818359375	0.735068359375	0.7683984375	0.793125	0.833740234375	0.853740234375	0.861728515625	0.872109375	0.87416015625	0.912607421875	0.930537109375	0.944296875	0.950458984375	0.95255859375	0.954072265625	0.95375	0.954638671875	0.95513671875	0.955478515625	0.96439453125	0.9652734375	0.965302734375	0.964619140625	0.964501953125	0.965302734375	0.964755859375	0.964833984375	0.964326171875	0.96435546875
0.0009765625	0.0009765625	0.0009765625	0.00103515625	0.001884765625	0.035791015625	0.07828125	0.236171875	0.3457421875	0.35509765625	0.4066015625	0.614853515625	0.693203125	0.730244140625	0.783076171875	0.81611328125	0.8398828125	0.856884765625	0.866943359375	0.8735546875	0.876103515625	0.9133203125	0.919345703125	0.93607421875	0.949296875	0.952626953125	0.95357421875	0.956396484375	0.95646484375	0.954462890625	0.954814453125	0.954580078125	0.963203125	0.964755859375	0.96404296875	0.96537109375	0.964736328125	0.963857421875	0.96404296875	0.9644921875	0.96525390625
0.0009765625	0.0009765625	0.000986328125	0.00111328125	0.021748046875	0.089853515625	0.169970703125	0.23111328125	0.2641796875	0.351845703125	0.41037109375	0.611484375	0.631923828125	0.735927734375	0.78580078125	0.821318359375	0.839248046875	0.856123046875	0.863759765625	0.870830078125	0.87466796875	0.87802734375	0.914541015625	0.934228515625	0.93923828125	0.9505078125	0.95294921875	0.955283203125	0.955224609375	0.955947265625	0.95470703125	0.955107421875	0.954228515625	0.964052734375	0.96447265625	0.965029296875	0.96599609375	0.96322265625	0.963828125	0.963603515625	0.965068359375
0.0009765625	0.0009765625	0.0009765625	0.00115234375	0.02533203125	0.118837890625	0.1683203125	0.2336328125	0.269111328125	0.359609375	0.4090625	0.609228515625	0.62517578125	0.739296875	0.78859375	0.8209765625	0.8375390625	0.858701171875	0.86771484375	0.87189453125	0.87388671875	0.877412109375	0.91349609375	0.91498046875	0.935576171875	0.95138671875	0.954912109375	0.9542578125	0.953544921875	0.95607421875	0.9533203125	0.95470703125	0.95578125	0.962998046875	0.96236328125	0.9640625	0.965	0.965673828125	0.964912109375	0.966005859375	0.9646484375
0.0009765625	0.0009765625	0.001005859375	0.001474609375	0.0659765625	0.1196875	0.167939453125	0.23591796875	0.269140625	0.3565234375	0.417919921875	0.44828125	0.627314453125	0.731943359375	0.79802734375	0.82998046875	0.84177734375	0.846279296875	0.862421875	0.86859375	0.871455078125	0.87423828125	0.876748046875	0.915556640625	0.935	0.94458984375	0.950986328125	0.953515625	0.955283203125	0.95412109375	0.954638671875	0.954169921875	0.95513671875	0.95693359375	0.95505859375	0.926044921875	0.96416015625	0.96384765625	0.964853515625	0.96474609375	0.964609375
0.0009765625	0.000986328125	0.001015625	0.024150390625	0.07873046875	0.097939453125	0.168115234375	0.192685546875	0.271572265625	0.36021484375	0.415947265625	0.452880859375	0.626796875	0.725927734375	0.796337890625	0.831435546875	0.847373046875	0.847578125	0.862373046875	0.870380859375	0.874609375	0.875537109375	0.8753515625	0.878154296875	0.91595703125	0.9389453125	0.9458984375	0.95244140625	0.953603515625	0.956650390625	0.955634765625	0.955849609375	0.954775390625	0.954140625	0.9542578125	0.954580078125	0.96484375	0.96388671875	0.963251953125	0.9648046875	0.963681640625
0.0009765625	0.0009765625	0.00869140625	0.038232421875	0.06568359375	0.1044921875	0.14767578125	0.194560546875	0.263564453125	0.29853515625	0.4176171875	0.453994140625	0.481328125	0.73279296875	0.793974609375	0.840234375	0.848779296875	0.84607421875	0.8456640625	0.867763671875	0.873076171875	0.878369140625	0.87587890625	0.878349609375	0.877353515625	0.93673828125	0.947578125	0.946708984375	0.9531640625	0.957060546875	0.955634765625	0.95638671875	0.954677734375	0.9561328125	0.954140625	0.95345703125	0.956259765625	0.965107421875	0.963291015625	0.964609375	0.964140625
0.0009765625	0.00099609375	0.019521484375	0.044150390625	0.07236328125	0.105537109375	0.149580078125	0.198046875	0.275419921875	0.303583984375	0.419423828125	0.46732421875	0.484619140625	0.728740234375	0.819990234375	0.84375	0.8476171875	0.847880859375	0.845478515625	0.85927734375	0.874365234375	0.877138671875	0.875185546875	0.8798046875	0.877841796875	0.915830078125	0.947041015625	0.94640625	0.9523046875	0.953544921875	0.954306640625	0.954765625	0.95529296875	0.957041015625	0.95474609375	0.954501953125	0.9545703125	0.955078125	0.96392578125	0.96400390625	0.9648046875
0.0009765625	0.00103515625	0.022841796875	0.045302734375	0.073125	0.106845703125	0.152578125	0.202119140625	0.27162109375	0.309208984375	0.420068359375	0.47900390625	0.483369140625	0.65587890625	0.82904296875	0.8357421875	0.845849609375	0.847138671875	0.84572265625	0.845419921875	0.87162109375	0.876572265625	0.877783203125	0.876708984375	0.87857421875	0.87884765625	0.9381640625	0.94669921875	0.94927734375	0.953193359375	0.9534375	0.954423828125	0.956787109375	0.954521484375	0.9558984375	0.955263671875	0.955595703125	0.95537109375	0.963671875	0.965810546875	0.96419921875
0.0009765625	0.0052734375	0.020615234375	0.041396484375	0.07060546875	0.11060546875	0.1610546875	0.210478515625	0.272744140625	0.313173828125	0.4194921875	0.48140625	0.485009765625	0.48111328125	0.8415625	0.8369921875	0.849189453125	0.847080078125	0.845869140625	0.84599609375	0.87619140625	0.8753125	0.8762890625	0.8771875	0.8774609375	0.878310546875	0.877470703125	0.947275390625	0.94791015625	0.947880859375	0.95462890625	0.955234375	0.955048828125	0.955244140625	0.956123046875	0.9547265625	0.95501953125	0.954580078125	0.954462890625	0.95568359375	0.965380859375
0.0009765625	0.0047265625	0.0225390625	0.0417578125	0.068134765625	0.092109375	0.16693359375	0.210068359375	0.219541015625	0.314169921875	0.31388671875	0.480966796875	0.486611328125	0.48333984375	0.84091796875	0.837919921875	0.83328125	0.84904296875	0.846943359375	0.84498046875	0.84439453125	0.877236328125	0.874482421875	0.8787890625	0.87783203125	0.878212890625	0.877138671875	0.94734375	0.947724609375	0.947724609375	0.94712890625	0.954462890625	0.95369140625	0.955673828125	0.95412109375	0.95302734375	0.95546875	0.954560546875	0.955068359375	0.955966796875	0.95388671875
