1.0	0.0009765625	0.0009765625
2.0	0.0013769531250000001	0.001708984375
3.0	0.004734375	0.007619140625
4.0	0.0163671875	0.029046875
5.0	0.04822265625	0.08464843749999999
6.0	0.1041796875	0.18181640625
7.0	0.17176367187500002	0.29601171875
8.0	0.224013671875	0.38498828125000006
9.0	0.243865234375	0.42408398437499994
10.0	0.235396484375	0.414259765625
11.0	0.21312695312500002	0.375478515625
12.0	0.186140625	0.32839062500000005
13.0	0.15933203125	0.28307421875
14.0	0.135373046875	0.24194921874999997
15.0	0.115390625	0.2059609375
16.0	0.0980859375	0.17562109375
17.0	0.083271484375	0.14961914062499998
18.0	0.070689453125	0.12709570312500001
19.0	0.060142578125	0.10784765625
20.0	0.05120703124999999	0.09153320312499999
21.0	0.04374609375	0.07783203125
22.0	0.037339843750000004	0.06640234375000001
23.0	0.03175390625	0.0564140625
24.0	0.02685546875	0.048015625
25.0	0.02306640625	0.040892578125
26.0	0.019724609375	0.0348203125
27.0	0.0166640625	0.02955078125
28.0	0.01422265625	0.0251484375
29.0	0.012119140625	0.02139453125
30.0	0.010275390624999999	0.018115234375
31.0	0.008705078125	0.015447265625
32.0	0.007357421875	0.013060546874999999
33.0	0.006197265625	0.011033203124999998
34.0	0.005197265625	0.009404296874999999
35.0	0.004359375	0.008
36.0	0.0037226562499999994	0.0067363281250000006
37.0	0.0031679687499999998	0.00573828125
38.0	0.002685546875	0.00491796875
39.0	0.0022578125000000003	0.004187499999999999
40.0	0.001880859375	0.0035136718750000007
41.0	0.001591796875	0.0030214843750000003
42.0	0.0013847656250000001	0.00255859375
43.0	0.0011875	0.002142578125
44.0	0.0010058593750000002	0.0018046874999999999
45.0	0.0008320312500000001	0.0015488281249999999
46.0	0.0006875	0.0013281249999999999
47.0	0.00056640625	0.00111328125
48.0	0.000484375	0.000951171875
49.0	0.00043164062500000006	0.0008203125000000001
50.0	0.00037890625	0.000705078125
51.0	0.000310546875	0.0006015624999999999
52.0	0.00027539062500000003	0.00051953125
53.0	0.000224609375	0.000447265625
54.0	0.000197265625	0.00038671875
55.0	0.00015625	0.000337890625
56.0	0.00013671875	0.00028515625000000004
57.0	0.000123046875	0.00023828125
58.0	0.00010351562500000001	0.00020117187500000002
59.0	9.1796875e-5	0.000166015625
60.0	7.6171875e-5	0.00014453125
61.0	6.640625e-5	0.00011328125
62.0	5.468750000000001e-5	8.59375e-5
63.0	4.6875e-5	7.8125e-5
64.0	3.906250000000001e-5	7.2265625e-5
65.0	3.7109375000000006e-5	6.25e-5
66.0	3.125e-5	5.2734375000000006e-5
67.0	2.34375e-5	4.4921875000000006e-5
68.0	2.1484375e-5	3.7109375000000006e-5
69.0	1.7578125000000002e-5	2.9296875000000002e-5
70.0	1.7578125000000002e-5	1.9531250000000004e-5
71.0	1.7578125000000002e-5	1.5625e-5
72.0	1.3671875e-5	1.171875e-5
73.0	1.3671875e-5	5.859375e-6
74.0	1.3671875e-5	3.90625e-6
75.0	1.171875e-5	3.90625e-6
76.0	7.8125e-6	3.90625e-6
77.0	5.859375e-6	3.90625e-6
78.0	3.90625e-6	3.90625e-6
79.0	1.953125e-6	1.953125e-6
80.0	1.953125e-6	1.953125e-6
81.0	1.953125e-6	1.953125e-6
82.0	1.953125e-6	1.953125e-6
83.0	1.953125e-6	0.0
84.0	1.953125e-6	0.0
85.0	1.953125e-6	0.0
86.0	1.953125e-6	0.0
87.0	1.953125e-6	0.0
88.0	0.0	0.0
89.0	0.0	0.0
90.0	0.0	0.0
91.0	0.0	0.0
92.0	0.0	0.0
93.0	0.0	0.0
94.0	0.0	0.0
95.0	0.0	0.0
96.0	0.0	0.0
97.0	0.0	0.0
98.0	0.0	0.0
99.0	0.0	0.0
100.0	0.0	0.0
101.0	0.0	0.0
102.0	0.0	0.0
103.0	0.0	0.0
104.0	0.0	0.0
105.0	0.0	0.0
106.0	0.0	0.0
107.0	0.0	0.0
108.0	0.0	0.0
109.0	0.0	0.0
110.0	0.0	0.0
111.0	0.0	0.0
112.0	0.0	0.0
113.0	0.0	0.0
114.0	0.0	0.0
115.0	0.0	0.0
116.0	0.0	0.0
117.0	0.0	0.0
118.0	0.0	0.0
119.0	0.0	0.0
120.0	0.0	0.0
121.0	0.0	0.0
122.0	0.0	0.0
123.0	0.0	0.0
124.0	0.0	0.0
125.0	0.0	0.0
126.0	0.0	0.0
127.0	0.0	0.0
128.0	0.0	0.0
129.0	0.0	0.0
130.0	0.0	0.0
131.0	0.0	0.0
132.0	0.0	0.0
133.0	0.0	0.0
134.0	0.0	0.0
135.0	0.0	0.0
136.0	0.0	0.0
137.0	0.0	0.0
138.0	0.0	0.0
139.0	0.0	0.0
140.0	0.0	0.0
141.0	0.0	0.0
142.0	0.0	0.0
143.0	0.0	0.0
144.0	0.0	0.0
145.0	0.0	0.0
146.0	0.0	0.0
147.0	0.0	0.0
148.0	0.0	0.0
149.0	0.0	0.0
150.0	0.0	0.0
151.0	0.0	0.0
152.0	0.0	0.0
153.0	0.0	0.0
154.0	0.0	0.0
155.0	0.0	0.0
156.0	0.0	0.0
157.0	0.0	0.0
158.0	0.0	0.0
159.0	0.0	0.0
160.0	0.0	0.0
161.0	0.0	0.0
162.0	0.0	0.0
163.0	0.0	0.0
164.0	0.0	0.0
165.0	0.0	0.0
166.0	0.0	0.0
167.0	0.0	0.0
168.0	0.0	0.0
169.0	0.0	0.0
170.0	0.0	0.0
171.0	0.0	0.0
172.0	0.0	0.0
173.0	0.0	0.0
174.0	0.0	0.0
175.0	0.0	0.0
176.0	0.0	0.0
177.0	0.0	0.0
178.0	0.0	0.0
179.0	0.0	0.0
180.0	0.0	0.0
181.0	0.0	0.0
182.0	0.0	0.0
183.0	0.0	0.0
184.0	0.0	0.0
185.0	0.0	0.0
186.0	0.0	0.0
187.0	0.0	0.0
188.0	0.0	0.0
189.0	0.0	0.0
190.0	0.0	0.0
191.0	0.0	0.0
192.0	0.0	0.0
193.0	0.0	0.0
194.0	0.0	0.0
195.0	0.0	0.0
196.0	0.0	0.0
197.0	0.0	0.0
198.0	0.0	0.0
199.0	0.0	0.0
200.0	0.0	0.0
201.0	0.0	0.0
202.0	0.0	0.0
203.0	0.0	0.0
204.0	0.0	0.0
205.0	0.0	0.0
206.0	0.0	0.0
207.0	0.0	0.0
208.0	0.0	0.0
209.0	0.0	0.0
210.0	0.0	0.0
211.0	0.0	0.0
212.0	0.0	0.0
213.0	0.0	0.0
214.0	0.0	0.0
215.0	0.0	0.0
216.0	0.0	0.0
217.0	0.0	0.0
218.0	0.0	0.0
219.0	0.0	0.0
220.0	0.0	0.0
221.0	0.0	0.0
222.0	0.0	0.0
223.0	0.0	0.0
224.0	0.0	0.0
225.0	0.0	0.0
226.0	0.0	0.0
227.0	0.0	0.0
228.0	0.0	0.0
229.0	0.0	0.0
230.0	0.0	0.0
231.0	0.0	0.0
232.0	0.0	0.0
233.0	0.0	0.0
234.0	0.0	0.0
235.0	0.0	0.0
236.0	0.0	0.0
237.0	0.0	0.0
238.0	0.0	0.0
239.0	0.0	0.0
240.0	0.0	0.0
241.0	0.0	0.0
242.0	0.0	0.0
243.0	0.0	0.0
244.0	0.0	0.0
245.0	0.0	0.0
246.0	0.0	0.0
247.0	0.0	0.0
248.0	0.0	0.0
249.0	0.0	0.0
250.0	0.0	0.0
251.0	0.0	0.0
252.0	0.0	0.0
253.0	0.0	0.0
254.0	0.0	0.0
255.0	0.0	0.0
256.0	0.0	0.0
257.0	0.0	0.0
258.0	0.0	0.0
259.0	0.0	0.0
260.0	0.0	0.0
261.0	0.0	0.0
262.0	0.0	0.0
263.0	0.0	0.0
264.0	0.0	0.0
265.0	0.0	0.0
266.0	0.0	0.0
267.0	0.0	0.0
268.0	0.0	0.0
269.0	0.0	0.0
270.0	0.0	0.0
271.0	0.0	0.0
272.0	0.0	0.0
273.0	0.0	0.0
274.0	0.0	0.0
275.0	0.0	0.0
276.0	0.0	0.0
277.0	0.0	0.0
278.0	0.0	0.0
279.0	0.0	0.0
280.0	0.0	0.0
281.0	0.0	0.0
282.0	0.0	0.0
283.0	0.0	0.0
284.0	0.0	0.0
285.0	0.0	0.0
286.0	0.0	0.0
287.0	0.0	0.0
288.0	0.0	0.0
289.0	0.0	0.0
290.0	0.0	0.0
291.0	0.0	0.0
292.0	0.0	0.0
293.0	0.0	0.0
294.0	0.0	0.0
295.0	0.0	0.0
296.0	0.0	0.0
297.0	0.0	0.0
298.0	0.0	0.0
299.0	0.0	0.0
300.0	0.0	0.0
301.0	0.0	0.0
302.0	0.0	0.0
303.0	0.0	0.0
304.0	0.0	0.0
305.0	0.0	0.0
306.0	0.0	0.0
307.0	0.0	0.0
308.0	0.0	0.0
309.0	0.0	0.0
310.0	0.0	0.0
311.0	0.0	0.0
312.0	0.0	0.0
313.0	0.0	0.0
314.0	0.0	0.0
315.0	0.0	0.0
316.0	0.0	0.0
317.0	0.0	0.0
318.0	0.0	0.0
319.0	0.0	0.0
320.0	0.0	0.0
321.0	0.0	0.0
322.0	0.0	0.0
323.0	0.0	0.0
324.0	0.0	0.0
325.0	0.0	0.0
326.0	0.0	0.0
327.0	0.0	0.0
328.0	0.0	0.0
329.0	0.0	0.0
330.0	0.0	0.0
331.0	0.0	0.0
332.0	0.0	0.0
333.0	0.0	0.0
334.0	0.0	0.0
335.0	0.0	0.0
336.0	0.0	0.0
337.0	0.0	0.0
338.0	0.0	0.0
339.0	0.0	0.0
340.0	0.0	0.0
341.0	0.0	0.0
342.0	0.0	0.0
343.0	0.0	0.0
344.0	0.0	0.0
345.0	0.0	0.0
346.0	0.0	0.0
347.0	0.0	0.0
348.0	0.0	0.0
349.0	0.0	0.0
350.0	0.0	0.0
351.0	0.0	0.0
352.0	0.0	0.0
353.0	0.0	0.0
354.0	0.0	0.0
355.0	0.0	0.0
356.0	0.0	0.0
357.0	0.0	0.0
358.0	0.0	0.0
359.0	0.0	0.0
360.0	0.0	0.0
361.0	0.0	0.0
362.0	0.0	0.0
363.0	0.0	0.0
364.0	0.0	0.0
365.0	0.0	0.0
366.0	0.0	0.0
367.0	0.0	0.0
368.0	0.0	0.0
369.0	0.0	0.0
370.0	0.0	0.0
371.0	0.0	0.0
372.0	0.0	0.0
373.0	0.0	0.0
374.0	0.0	0.0
375.0	0.0	0.0
376.0	0.0	0.0
377.0	0.0	0.0
378.0	0.0	0.0
379.0	0.0	0.0
380.0	0.0	0.0
381.0	0.0	0.0
382.0	0.0	0.0
383.0	0.0	0.0
384.0	0.0	0.0
385.0	0.0	0.0
386.0	0.0	0.0
387.0	0.0	0.0
388.0	0.0	0.0
389.0	0.0	0.0
390.0	0.0	0.0
391.0	0.0	0.0
392.0	0.0	0.0
393.0	0.0	0.0
394.0	0.0	0.0
395.0	0.0	0.0
396.0	0.0	0.0
397.0	0.0	0.0
398.0	0.0	0.0
399.0	0.0	0.0
400.0	0.0	0.0
401.0	0.0	0.0
402.0	0.0	0.0
403.0	0.0	0.0
404.0	0.0	0.0
405.0	0.0	0.0
406.0	0.0	0.0
407.0	0.0	0.0
408.0	0.0	0.0
409.0	0.0	0.0
410.0	0.0	0.0
411.0	0.0	0.0
412.0	0.0	0.0
413.0	0.0	0.0
414.0	0.0	0.0
415.0	0.0	0.0
416.0	0.0	0.0
417.0	0.0	0.0
418.0	0.0	0.0
419.0	0.0	0.0
420.0	0.0	0.0
421.0	0.0	0.0
422.0	0.0	0.0
423.0	0.0	0.0
424.0	0.0	0.0
425.0	0.0	0.0
426.0	0.0	0.0
427.0	0.0	0.0
428.0	0.0	0.0
429.0	0.0	0.0
430.0	0.0	0.0
431.0	0.0	0.0
432.0	0.0	0.0
433.0	0.0	0.0
434.0	0.0	0.0
435.0	0.0	0.0
436.0	0.0	0.0
437.0	0.0	0.0
438.0	0.0	0.0
439.0	0.0	0.0
440.0	0.0	0.0
441.0	0.0	0.0
442.0	0.0	0.0
443.0	0.0	0.0
444.0	0.0	0.0
445.0	0.0	0.0
446.0	0.0	0.0
447.0	0.0	0.0
448.0	0.0	0.0
449.0	0.0	0.0
450.0	0.0	0.0
451.0	0.0	0.0
452.0	0.0	0.0
453.0	0.0	0.0
454.0	0.0	0.0
455.0	0.0	0.0
456.0	0.0	0.0
457.0	0.0	0.0
458.0	0.0	0.0
459.0	0.0	0.0
460.0	0.0	0.0
461.0	0.0	0.0
462.0	0.0	0.0
463.0	0.0	0.0
464.0	0.0	0.0
465.0	0.0	0.0
466.0	0.0	0.0
467.0	0.0	0.0
468.0	0.0	0.0
469.0	0.0	0.0
470.0	0.0	0.0
471.0	0.0	0.0
472.0	0.0	0.0
473.0	0.0	0.0
474.0	0.0	0.0
475.0	0.0	0.0
476.0	0.0	0.0
477.0	0.0	0.0
478.0	0.0	0.0
479.0	0.0	0.0
480.0	0.0	0.0
481.0	0.0	0.0
482.0	0.0	0.0
483.0	0.0	0.0
484.0	0.0	0.0
485.0	0.0	0.0
486.0	0.0	0.0
487.0	0.0	0.0
488.0	0.0	0.0
489.0	0.0	0.0
490.0	0.0	0.0
491.0	0.0	0.0
492.0	0.0	0.0
493.0	0.0	0.0
494.0	0.0	0.0
495.0	0.0	0.0
496.0	0.0	0.0
497.0	0.0	0.0
498.0	0.0	0.0
499.0	0.0	0.0
500.0	0.0	0.0
