0.98193359375	0.9808984375	0.980947265625	0.98103515625	0.980908203125	0.980830078125	0.980908203125	0.9809375	0.981025390625	0.980927734375	0.980947265625	0.980888671875	0.98064453125	0.980771484375	0.979912109375	0.9796875	0.979462890625	0.9797265625	0.9790625	0.979814453125	0.979775390625	0.002119140625	0.00181640625	0.002177734375	0.00212890625	0.002021484375	0.002021484375	0.001025390625	0.00091796875	0.0009375	0.000927734375	0.000888671875	0.001005859375	0.00103515625	0.0009375	0.001015625	0.001005859375	0.001083984375	0.001064453125	0.000908203125	0.000869140625
0.98193359375	0.980908203125	0.980810546875	0.981005859375	0.980908203125	0.9809375	0.9810546875	0.980986328125	0.981044921875	0.98103515625	0.980576171875	0.98095703125	0.98095703125	0.981025390625	0.9796875	0.97978515625	0.978134765625	0.9788671875	0.97935546875	0.980048828125	0.00212890625	0.002060546875	0.002119140625	0.00189453125	0.00185546875	0.002080078125	0.0019140625	0.0009765625	0.0008984375	0.00099609375	0.000927734375	0.00095703125	0.00091796875	0.0011328125	0.00103515625	0.000947265625	0.000986328125	0.000966796875	0.000908203125	0.000986328125	0.0
0.98193359375	0.9809375	0.981015625	0.98091796875	0.98091796875	0.98095703125	0.98111328125	0.981005859375	0.980859375	0.980869140625	0.980927734375	0.98080078125	0.980927734375	0.979345703125	0.980087890625	0.97759765625	0.979794921875	0.979921875	0.978154296875	0.9652734375	0.012041015625	0.00212890625	0.00205078125	0.002216796875	0.002294921875	0.002060546875	0.00099609375	0.000947265625	0.000966796875	0.000986328125	0.0010546875	0.000986328125	0.000947265625	0.001064453125	0.000927734375	0.00091796875	0.0009765625	0.001083984375	0.001044921875	0.0	0.0
0.98193359375	0.9809375	0.981025390625	0.98091796875	0.9810546875	0.98107421875	0.9808203125	0.98087890625	0.98087890625	0.981044921875	0.98099609375	0.98103515625	0.981015625	0.979658203125	0.977314453125	0.977060546875	0.977431640625	0.97939453125	0.977900390625	0.0019921875	0.00193359375	0.001953125	0.001953125	0.002021484375	0.001953125	0.00095703125	0.000927734375	0.001025390625	0.00091796875	0.000927734375	0.001025390625	0.001005859375	0.0009375	0.00091796875	0.0008984375	0.000986328125	0.00099609375	0.000966796875	0.0	0.0	0.0
0.98193359375	0.981025390625	0.981005859375	0.98111328125	0.98083984375	0.981025390625	0.98099609375	0.980849609375	0.9809375	0.980654296875	0.980859375	0.981044921875	0.980888671875	0.979951171875	0.979794921875	0.979404296875	0.97974609375	0.978330078125	0.973857421875	0.00220703125	0.001923828125	0.001962890625	0.00201171875	0.002021484375	0.00193359375	0.00095703125	0.0009375	0.001044921875	0.00091796875	0.000986328125	0.000986328125	0.00095703125	0.001005859375	0.00095703125	0.000927734375	0.00095703125	0.000947265625	0.0	0.0	0.0	0.0
0.98193359375	0.980849609375	0.98095703125	0.980849609375	0.98095703125	0.98111328125	0.980927734375	0.980888671875	0.98099609375	0.980771484375	0.9809765625	0.98060546875	0.980166015625	0.979697265625	0.97921875	0.976025390625	0.975166015625	0.97974609375	0.001943359375	0.00205078125	0.001982421875	0.002060546875	0.002001953125	0.002138671875	0.001044921875	0.0009765625	0.000986328125	0.000947265625	0.000986328125	0.000888671875	0.000849609375	0.0008984375	0.001044921875	0.000966796875	0.000927734375	0.000947265625	0.0	0.0	0.0	0.0	0.0
0.98193359375	0.980830078125	0.98099609375	0.980966796875	0.981123046875	0.98099609375	0.980869140625	0.981025390625	0.9809375	0.9809765625	0.98095703125	0.98080078125	0.979765625	0.97990234375	0.97771484375	0.979541015625	0.979677734375	0.971494140625	0.00208984375	0.00205078125	0.001962890625	0.001982421875	0.0022265625	0.00091796875	0.000966796875	0.001025390625	0.000947265625	0.00099609375	0.000966796875	0.0009765625	0.0009765625	0.001025390625	0.0010546875	0.000966796875	0.000927734375	0.0	0.0	0.0	0.0	0.0	0.0
0.98193359375	0.980849609375	0.980859375	0.98087890625	0.981005859375	0.98087890625	0.9809765625	0.9809375	0.980927734375	0.980966796875	0.980927734375	0.97966796875	0.979736328125	0.979755859375	0.97970703125	0.97865234375	0.97880859375	0.0021875	0.00212890625	0.00220703125	0.002041015625	0.002021484375	0.0009765625	0.000908203125	0.0009765625	0.001044921875	0.00099609375	0.0008984375	0.000888671875	0.0008984375	0.0009375	0.001015625	0.00103515625	0.000859375	0.0	0.0	0.0	0.0	0.0	0.0	0.0
0.98193359375	0.980849609375	0.980947265625	0.981064453125	0.981064453125	0.981064453125	0.981015625	0.980888671875	0.981162109375	0.98095703125	0.9808203125	0.979716796875	0.979951171875	0.979814453125	0.979775390625	0.97921875	0.979873046875	0.0021484375	0.00193359375	0.002216796875	0.002177734375	0.002216796875	0.0009765625	0.000986328125	0.0009375	0.0009375	0.000908203125	0.0009765625	0.00099609375	0.001005859375	0.001005859375	0.001083984375	0.0009375	0.0	0.0	0.0	0.0	0.0	0.0	0.0	0.0
0.98193359375	0.981005859375	0.981015625	0.980859375	0.981025390625	0.9809375	0.980947265625	0.980927734375	0.9809765625	0.98087890625	0.980927734375	0.97703125	0.979697265625	0.97787109375	0.979833984375	0.977724609375	0.0023046875	0.00212890625	0.002080078125	0.001962890625	0.00205078125	0.0011328125	0.00095703125	0.00099609375	0.00083984375	0.00099609375	0.00087890625	0.000869140625	0.00103515625	0.000986328125	0.00095703125	0.001103515625	0.0	0.0	0.0	0.0	0.0	0.0	0.0	0.0	0.0
0.98193359375	0.981044921875	0.98103515625	0.980830078125	0.98103515625	0.9809765625	0.98091796875	0.98095703125	0.981005859375	0.980966796875	0.9809765625	0.9799609375	0.9674609375	0.979306640625	0.97451171875	0.979384765625	0.0020703125	0.0019921875	0.002236328125	0.001962890625	0.00197265625	0.00091796875	0.0010546875	0.0009765625	0.001025390625	0.000986328125	0.0008984375	0.0009375	0.000908203125	0.0010546875	0.0010546875	0.0	0.0	0.0	0.0	0.0	0.0	0.0	0.0	0.0	0.0
0.98193359375	0.9809375	0.9809375	0.980986328125	0.980986328125	0.981025390625	0.980869140625	0.98103515625	0.980751953125	0.98099609375	0.975205078125	0.97970703125	0.979833984375	0.979208984375	0.97771484375	0.002001953125	0.00193359375	0.00201171875	0.00201171875	0.001953125	0.0009765625	0.0009375	0.000966796875	0.000849609375	0.000908203125	0.0009765625	0.00103515625	0.00095703125	0.001005859375	0.00099609375	0.0	0.0	0.0	0.0	0.0	0.0	0.0	0.0	0.0	0.0	0.0
0.98193359375	0.9809765625	0.981064453125	0.98103515625	0.98080078125	0.980966796875	0.98080078125	0.980908203125	0.981005859375	0.981005859375	0.9795703125	0.97962890625	0.979443359375	0.97931640625	0.964462890625	0.00220703125	0.002001953125	0.00197265625	0.002177734375	0.000986328125	0.0009765625	0.001015625	0.000947265625	0.00095703125	0.00095703125	0.000869140625	0.001015625	0.000927734375	0.001005859375	0.0	0.0	0.0	0.0	0.0	0.0	0.0	0.0	0.0	0.0	0.0	0.0
0.98193359375	0.98091796875	0.981015625	0.980947265625	0.9809375	0.981015625	0.98087890625	0.980673828125	0.981044921875	0.980947265625	0.979697265625	0.976015625	0.977060546875	0.974658203125	0.002041015625	0.00197265625	0.002001953125	0.0019140625	0.0022265625	0.001025390625	0.00091796875	0.00083984375	0.001123046875	0.00099609375	0.001005859375	0.000908203125	0.001123046875	0.000908203125	0.0	0.0	0.0	0.0	0.0	0.0	0.0	0.0	0.0	0.0	0.0	0.0	0.0
0.98193359375	0.9809765625	0.98103515625	0.980966796875	0.980908203125	0.98095703125	0.98083984375	0.980966796875	0.98095703125	0.97943359375	0.979599609375	0.979677734375	0.97802734375	0.968134765625	0.0118359375	0.0020703125	0.002177734375	0.002255859375	0.0009765625	0.00087890625	0.000859375	0.001025390625	0.001025390625	0.0009765625	0.00099609375	0.00095703125	0.001083984375	0.0	0.0	0.0	0.0	0.0	0.0	0.0	0.0	0.0	0.0	0.0	0.0	0.0	0.0
0.98193359375	0.980947265625	0.980908203125	0.980888671875	0.981142578125	0.9811328125	0.980986328125	0.980732421875	0.98109375	0.977802734375	0.97986328125	0.978232421875	0.978330078125	0.876884765625	0.864990234375	0.042626953125	0.002001953125	0.000927734375	0.00095703125	0.0010546875	0.0009375	0.00103515625	0.00095703125	0.0010546875	0.001005859375	0.000966796875	0.0	0.0	0.0	0.0	0.0	0.0	0.0	0.0	0.0	0.0	0.0	0.0	0.0	0.0	0.0
0.98193359375	0.980830078125	0.980849609375	0.98087890625	0.980947265625	0.9808984375	0.980732421875	0.9806640625	0.979140625	0.97974609375	0.965146484375	0.97	0.97861328125	0.950625	0.934521484375	0.0028125	0.00099609375	0.001044921875	0.000986328125	0.001015625	0.000966796875	0.00087890625	0.00107421875	0.00095703125	0.000966796875	0.0	0.0	0.0	0.0	0.0	0.0	0.0	0.0	0.0	0.0	0.0	0.0	0.0	0.0	0.0	0.0
0.98193359375	0.980908203125	0.9809375	0.980986328125	0.9809375	0.980947265625	0.980888671875	0.98072265625	0.97638671875	0.979765625	0.968857421875	0.96904296875	0.940986328125	0.947470703125	0.88373046875	0.00255859375	0.00107421875	0.001162109375	0.0009375	0.000927734375	0.000966796875	0.001025390625	0.0009765625	0.000986328125	0.0	0.0	0.0	0.0	0.0	0.0	0.0	0.0	0.0	0.0	0.0	0.0	0.0	0.0	0.0	0.0	0.0
0.98193359375	0.980947265625	0.9808984375	0.980927734375	0.9809375	0.981064453125	0.98099609375	0.9808984375	0.9753515625	0.978330078125	0.9762890625	0.97779296875	0.940185546875	0.947451171875	0.908447265625	0.001044921875	0.0009765625	0.0009765625	0.000966796875	0.00095703125	0.0009375	0.001044921875	0.00107421875	0.0	0.0	0.0	0.0	0.0	0.0	0.0	0.0	0.0	0.0	0.0	0.0	0.0	0.0	0.0	0.0	0.0	0.0
0.98193359375	0.98099609375	0.980966796875	0.9809375	0.980947265625	0.98091796875	0.98107421875	0.98091796875	0.97970703125	0.977705078125	0.973896484375	0.88818359375	0.90513671875	0.927490234375	0.867666015625	0.001005859375	0.00095703125	0.001025390625	0.00087890625	0.000986328125	0.0009375	0.00109375	0.0	0.0	0.0	0.0	0.0	0.0	0.0	0.0	0.0	0.0	0.0	0.0	0.0	0.0	0.0	0.0	0.0	0.0	0.0
0.98193359375	0.980947265625	0.980927734375	0.981025390625	0.9808203125	0.981044921875	0.98091796875	0.979482421875	0.979287109375	0.97169921875	0.9681640625	0.91974609375	0.9212890625	0.875	0.024833984375	0.00099609375	0.001015625	0.001025390625	0.00109375	0.00103515625	0.00099609375	0.0	0.0	0.0	0.0	0.0	0.0	0.0	0.0	0.0	0.0	0.0	0.0	0.0	0.0	0.0	0.0	0.0	0.0	0.0	0.0
0.98193359375	0.980947265625	0.980986328125	0.981005859375	0.98087890625	0.980810546875	0.980927734375	0.97708984375	0.970498046875	0.970166015625	0.77705078125	0.916865234375	0.897509765625	0.00103515625	0.000986328125	0.00099609375	0.001005859375	0.0009765625	0.00103515625	0.000908203125	0.0	9.765625e-6	0.0	0.0	0.0	0.0	0.0	0.0	0.0	0.0	0.0	0.0	0.0	0.0	0.0	0.0	0.0	0.0	0.0	0.0	0.0
0.98193359375	0.98087890625	0.980908203125	0.980986328125	0.98091796875	0.980986328125	0.981005859375	0.976259765625	0.976611328125	0.78029296875	0.7565234375	0.832314453125	0.894873046875	0.00119140625	0.0009375	0.000966796875	0.000986328125	0.000986328125	1.953125e-5	0.0	1.953125e-5	9.765625e-6	0.0	0.0	0.0	0.0	0.0	0.0	0.0	0.0	0.0	0.0	0.0	0.0	0.0	0.0	0.0	0.0	0.0	0.0	0.0
0.98193359375	0.98099609375	0.9808984375	0.9809375	0.980869140625	0.980966796875	0.97591796875	0.97943359375	0.968935546875	0.70796875	0.747763671875	0.824794921875	0.00109375	0.001015625	0.001015625	0.00095703125	0.0009765625	0.000986328125	9.765625e-6	0.0	0.0	9.765625e-6	0.0	0.0	0.0	0.0	0.0	0.0	0.0	0.0	0.0	0.0	0.0	0.0	0.0	0.0	0.0	0.0	0.0	0.0	0.0
0.98193359375	0.981044921875	0.98083984375	0.98091796875	0.98087890625	0.980830078125	0.979248046875	0.962509765625	0.976748046875	0.6434765625	0.69947265625	0.0010546875	0.00111328125	0.0009765625	0.001044921875	0.001015625	0.001005859375	9.765625e-6	9.765625e-6	0.0	1.953125e-5	0.0	0.0	0.0	4.8828125e-5	0.0	0.0	0.0	0.0	0.0	0.0	0.0	0.0	0.0	0.0	0.0	0.0	0.0	0.0	0.0	0.0
0.98193359375	0.981025390625	0.980986328125	0.980986328125	0.981044921875	0.98095703125	0.977158203125	0.972236328125	0.183046875	0.677001953125	0.409912109375	0.0012890625	0.00115234375	0.00091796875	0.000927734375	0.000908203125	0.0	0.0	1.953125e-5	9.765625e-6	1.953125e-5	0.0	2.9296875e-5	9.765625e-6	1.953125e-5	9.765625e-6	0.0	0.0	0.0	0.0	0.0	0.0	0.0	0.0	0.0	0.0	0.0	0.0	0.0	0.0	0.0
0.98193359375	0.980947265625	0.980927734375	0.980869140625	0.98068359375	0.979111328125	0.95958984375	0.83919921875	0.013125	0.091357421875	0.00125	0.001015625	0.001015625	0.00095703125	0.0009375	9.765625e-6	0.0	9.765625e-6	3.90625e-5	1.953125e-5	0.0	0.0	9.765625e-6	9.765625e-6	9.765625e-6	9.765625e-6	9.765625e-6	0.0	0.0	0.0	0.0	0.0	0.0	0.0	0.0	0.0	0.0	0.0	0.0	0.0	0.0
0.98193359375	0.980947265625	0.980966796875	0.980869140625	0.98091796875	0.979912109375	0.940244140625	0.02154296875	0.002978515625	0.001376953125	0.001123046875	0.00107421875	0.00107421875	4.8828125e-5	0.0	1.953125e-5	1.953125e-5	1.953125e-5	9.765625e-6	9.765625e-6	0.0	9.765625e-6	9.765625e-6	9.765625e-6	0.0	0.0	1.953125e-5	9.765625e-6	0.0	0.0	0.0	0.0	0.0	0.0	0.0	0.0	0.0	0.0	0.0	0.0	0.0
0.98193359375	0.980947265625	0.9809375	0.980908203125	0.9806640625	0.975283203125	0.96724609375	0.011826171875	0.003017578125	0.00134765625	0.001142578125	0.000888671875	0.0010546875	9.765625e-6	6.8359375e-5	9.765625e-6	2.9296875e-5	0.0	9.765625e-6	2.9296875e-5	9.765625e-6	9.765625e-6	0.0	1.953125e-5	0.0	0.0	0.0	9.765625e-6	0.0	0.0	0.0	0.0	0.0	0.0	0.0	0.0	0.0	0.0	0.0	0.0	0.0
0.98193359375	0.98103515625	0.980791015625	0.980947265625	0.9795703125	0.97599609375	0.030185546875	0.002802734375	0.00150390625	0.001142578125	0.00095703125	0.00099609375	2.9296875e-5	5.859375e-5	1.953125e-5	9.765625e-6	0.0	0.0	9.765625e-6	0.0	2.9296875e-5	0.0	9.765625e-6	0.0	0.0	9.765625e-6	9.765625e-6	9.765625e-6	3.90625e-5	0.0	0.0	0.0	0.0	0.0	0.0	0.0	0.0	0.0	0.0	0.0	0.0
0.98193359375	0.98095703125	0.981015625	0.980849609375	0.97962890625	0.966787109375	0.01447265625	0.001806640625	0.00140625	0.001015625	0.001318359375	5.859375e-5	9.765625e-6	1.953125e-5	6.8359375e-5	3.90625e-5	2.9296875e-5	1.953125e-5	0.0	0.0	0.0	9.765625e-6	0.0	1.953125e-5	0.0	3.90625e-5	1.953125e-5	9.765625e-6	0.0	9.765625e-6	9.765625e-6	0.0	0.0	0.0	0.0	0.0	0.0	0.0	0.0	0.0	0.0
0.98193359375	0.976298828125	0.98072265625	0.980966796875	0.972734375	0.02134765625	0.003056640625	0.001455078125	0.00115234375	2.9296875e-5	0.000244140625	3.90625e-5	9.765625e-6	6.8359375e-5	2.9296875e-5	4.8828125e-5	0.0	0.0	0.0	9.765625e-6	9.765625e-6	9.765625e-6	0.0	9.765625e-6	9.765625e-6	1.953125e-5	1.953125e-5	0.0	0.0	9.765625e-6	9.765625e-6	9.765625e-6	0.0	0.0	0.0	0.0	0.0	0.0	0.0	0.0	0.0
0.98193359375	0.980791015625	0.980927734375	0.9725	0.02072265625	0.003525390625	0.002119140625	0.001640625	0.00052734375	0.00015625	0.00017578125	9.765625e-6	7.8125e-5	1.953125e-5	5.859375e-5	3.90625e-5	3.90625e-5	1.953125e-5	0.0	1.953125e-5	1.953125e-5	9.765625e-6	0.0	2.9296875e-5	0.0	0.0	0.0	1.953125e-5	1.953125e-5	9.765625e-6	1.953125e-5	9.765625e-6	0.0	0.0	0.0	0.0	0.0	0.0	0.0	0.0	0.0
0.98193359375	0.9808984375	0.9809375	0.971982421875	0.0290625	0.001650390625	0.001962890625	0.001728515625	0.000263671875	0.000263671875	0.000166015625	4.8828125e-5	2.9296875e-5	4.8828125e-5	6.8359375e-5	4.8828125e-5	5.859375e-5	0.0	1.953125e-5	1.953125e-5	9.765625e-6	9.765625e-6	0.0	1.953125e-5	1.953125e-5	1.953125e-5	1.953125e-5	0.0	0.0	1.953125e-5	0.0	0.0	9.765625e-6	1.953125e-5	0.0	0.0	0.0	0.0	0.0	0.0	0.0
0.98193359375	0.9808984375	0.9810546875	0.964755859375	0.00583984375	0.002216796875	0.001767578125	0.000390625	0.0003125	0.000166015625	0.000166015625	0.000185546875	8.7890625e-5	6.8359375e-5	2.9296875e-5	6.8359375e-5	6.8359375e-5	6.8359375e-5	1.953125e-5	1.953125e-5	0.0	0.0	9.765625e-6	0.0	0.0	1.953125e-5	9.765625e-6	0.0	9.765625e-6	3.90625e-5	9.765625e-6	1.953125e-5	9.765625e-6	9.765625e-6	0.0	0.0	0.0	0.0	0.0	0.0	0.0
0.98193359375	0.980986328125	0.9792578125	0.02513671875	0.002275390625	0.00177734375	0.00056640625	0.00064453125	0.000244140625	0.00013671875	0.00025390625	0.0001953125	5.859375e-5	1.953125e-5	0.000107421875	3.90625e-5	1.953125e-5	8.7890625e-5	0.0	1.953125e-5	2.9296875e-5	9.765625e-6	0.0	9.765625e-6	0.0	9.765625e-6	0.0	0.0	1.953125e-5	9.765625e-6	9.765625e-6	0.0	1.953125e-5	1.953125e-5	0.0	9.765625e-6	0.0	0.0	0.0	0.0	0.0
0.98193359375	0.98052734375	0.0321875	0.0018359375	0.000576171875	0.000498046875	0.000634765625	0.00048828125	0.000400390625	0.0003125	0.00015625	0.00015625	0.000146484375	3.90625e-5	1.953125e-5	3.90625e-5	1.953125e-5	5.859375e-5	3.90625e-5	0.0	0.0	9.765625e-6	9.765625e-6	9.765625e-6	0.0	1.953125e-5	0.0	1.953125e-5	0.0	0.0	0.0	9.765625e-6	9.765625e-6	1.953125e-5	9.765625e-6	1.953125e-5	0.0	0.0	0.0	0.0	0.0
0.98193359375	0.977646484375	0.001806640625	0.000595703125	0.00064453125	0.000810546875	0.000498046875	0.00080078125	0.000498046875	0.000400390625	0.00015625	4.8828125e-5	0.000126953125	5.859375e-5	5.859375e-5	2.9296875e-5	4.8828125e-5	2.9296875e-5	2.9296875e-5	0.0	1.953125e-5	0.0	0.0	1.953125e-5	0.0	0.0	0.0	1.953125e-5	9.765625e-6	3.90625e-5	0.0	9.765625e-6	0.0	1.953125e-5	0.0	0.0	9.765625e-6	9.765625e-6	0.0	0.0	0.0
0.98193359375	0.973544921875	0.002119140625	0.00037109375	0.00068359375	0.00029296875	0.00056640625	0.000546875	0.00046875	0.000302734375	0.000146484375	0.000263671875	0.0001171875	0.0	7.8125e-5	5.859375e-5	4.8828125e-5	3.90625e-5	1.953125e-5	6.8359375e-5	2.9296875e-5	0.0	9.765625e-6	0.0	0.0	9.765625e-6	9.765625e-6	9.765625e-6	1.953125e-5	9.765625e-6	0.0	9.765625e-6	9.765625e-6	1.953125e-5	0.0	9.765625e-6	9.765625e-6	0.0	1.953125e-5	0.0	0.0
0.98193359375	0.002197265625	0.000390625	0.0004296875	0.000458984375	0.000517578125	0.000517578125	0.00033203125	0.000390625	0.000390625	0.00013671875	0.00015625	0.000185546875	0.000185546875	7.8125e-5	3.90625e-5	4.8828125e-5	4.8828125e-5	9.765625e-6	3.90625e-5	0.0	1.953125e-5	9.765625e-6	9.765625e-6	0.0	9.765625e-6	9.765625e-6	9.765625e-6	9.765625e-6	0.0	1.953125e-5	9.765625e-6	1.953125e-5	0.0	0.0	1.953125e-5	9.765625e-6	0.0	2.9296875e-5	9.765625e-6	0.0
0.98193359375	0.00048828125	0.000576171875	0.0002734375	0.00033203125	0.000546875	0.000927734375	0.00087890625	0.000615234375	0.00041015625	0.000400390625	0.00015625	0.0001171875	0.000126953125	3.90625e-5	4.8828125e-5	3.90625e-5	2.9296875e-5	5.859375e-5	8.7890625e-5	2.9296875e-5	2.9296875e-5	1.953125e-5	0.0	9.765625e-6	9.765625e-6	0.0	9.765625e-6	0.0	9.765625e-6	1.953125e-5	0.0	1.953125e-5	2.9296875e-5	0.0	0.0	9.765625e-6	4.8828125e-5	0.0	0.0	0.0
