0.98291015625	0.9816015625	0.981728515625	0.981640625	0.981552734375	0.98169921875	0.981669921875	0.981689453125	0.981552734375	0.98169921875	0.9817578125	0.9815625	0.98166015625	0.981630859375	0.981640625	0.97861328125	0.981494140625	0.9803515625	0.981572265625	0.979970703125	0.972861328125	0.001318359375	0.001298828125	0.001201171875	0.001220703125	0.00123046875	0.00130859375	0.001220703125	0.00130859375	0.001279296875	0.001298828125	0.001083984375	0.00130859375	0.0010546875	0.001103515625	0.001201171875	0.001162109375	0.001240234375	0.00119140625	0.001259765625	0.001103515625
0.98291015625	0.98150390625	0.98171875	0.98154296875	0.9816796875	0.981650390625	0.98171875	0.98173828125	0.98166015625	0.981611328125	0.981669921875	0.98171875	0.981474609375	0.981650390625	0.9814453125	0.9815234375	0.981630859375	0.98078125	0.981474609375	0.981513671875	0.00123046875	0.011083984375	0.001337890625	0.00103515625	0.001162109375	0.001103515625	0.00123046875	0.00138671875	0.001181640625	0.00125	0.00125	0.0012890625	0.001279296875	0.001123046875	0.001171875	0.0012890625	0.001142578125	0.001220703125	0.001162109375	0.001181640625	0.0
0.98291015625	0.981533203125	0.98177734375	0.981640625	0.98171875	0.981689453125	0.98173828125	0.98158203125	0.981572265625	0.98166015625	0.98171875	0.98173828125	0.981728515625	0.981474609375	0.9816796875	0.9791015625	0.979599609375	0.981748046875	0.9815234375	0.98076171875	0.001298828125	0.00123046875	0.00134765625	0.001298828125	0.001337890625	0.00134765625	0.001279296875	0.0011328125	0.001240234375	0.0009765625	0.001162109375	0.00126953125	0.001162109375	0.001279296875	0.001201171875	0.00109375	0.001162109375	0.001259765625	0.001298828125	0.0	0.0
0.98291015625	0.9817578125	0.98171875	0.981552734375	0.981728515625	0.981708984375	0.9816796875	0.9817578125	0.981650390625	0.98181640625	0.9817578125	0.98169921875	0.98173828125	0.981552734375	0.981689453125	0.981630859375	0.974599609375	0.975556640625	0.981748046875	0.0013671875	0.001298828125	0.001103515625	0.0012109375	0.001337890625	0.0013671875	0.001259765625	0.00125	0.001220703125	0.001123046875	0.0012109375	0.0012109375	0.00134765625	0.001201171875	0.001142578125	0.0012890625	0.00123046875	0.001279296875	0.001220703125	0.0	0.0	0.0
0.98291015625	0.981650390625	0.981689453125	0.981806640625	0.9815234375	0.98166015625	0.976796875	0.981728515625	0.98177734375	0.981494140625	0.98158203125	0.981689453125	0.98142578125	0.979697265625	0.98171875	0.980419921875	0.981455078125	0.981328125	0.97	0.011279296875	0.001279296875	0.00134765625	0.00123046875	0.00115234375	0.001181640625	0.001240234375	0.00119140625	0.001201171875	0.0011328125	0.001123046875	0.001376953125	0.001103515625	0.001328125	0.001220703125	0.0012109375	0.0011328125	0.001220703125	0.0	0.0	0.0	0.0
0.98291015625	0.98185546875	0.981630859375	0.981611328125	0.98150390625	0.981787109375	0.981669921875	0.981640625	0.981650390625	0.981689453125	0.98146484375	0.981845703125	0.98185546875	0.981650390625	0.98146484375	0.981513671875	0.98158203125	0.972138671875	0.0013671875	0.00115234375	0.0012109375	0.00126953125	0.001259765625	0.001357421875	0.001162109375	0.001279296875	0.001201171875	0.001318359375	0.001181640625	0.00111328125	0.00125	0.001259765625	0.001357421875	0.001220703125	0.00126953125	0.001240234375	0.0	0.0	0.0	0.0	0.0
0.98291015625	0.9816796875	0.981611328125	0.98169921875	0.981689453125	0.981630859375	0.98162109375	0.98171875	0.981845703125	0.981416015625	0.981708984375	0.981669921875	0.981865234375	0.98169921875	0.979521484375	0.965126953125	0.9816015625	0.98150390625	0.00125	0.001181640625	0.007236328125	0.001171875	0.0012109375	0.00138671875	0.001171875	0.001279296875	0.001171875	0.001162109375	0.001240234375	0.0012109375	0.001171875	0.001259765625	0.001318359375	0.001259765625	0.00125	0.0	0.0	0.0	0.0	0.0	0.0
0.98291015625	0.9816796875	0.981748046875	0.98181640625	0.981640625	0.981708984375	0.981689453125	0.981572265625	0.98162109375	0.981630859375	0.98189453125	0.981552734375	0.981689453125	0.981650390625	0.981591796875	0.98158203125	0.98134765625	0.00130859375	0.001328125	0.001357421875	0.001220703125	0.001220703125	0.001123046875	0.001123046875	0.00107421875	0.00111328125	0.001103515625	0.001337890625	0.001337890625	0.001171875	0.001142578125	0.001142578125	0.00126953125	0.00125	0.0	0.0	0.0	0.0	0.0	0.0	0.0
0.98291015625	0.981787109375	0.9816015625	0.98169921875	0.9817578125	0.981669921875	0.981650390625	0.981748046875	0.98150390625	0.981748046875	0.981689453125	0.98142578125	0.981708984375	0.98048828125	0.981279296875	0.981376953125	0.981767578125	0.010673828125	0.001337890625	0.00123046875	0.004130859375	0.001240234375	0.00119140625	0.001181640625	0.001240234375	0.0012109375	0.0012109375	0.001171875	0.0012109375	0.001103515625	0.001376953125	0.001201171875	0.00119140625	0.0	0.0	0.0	0.0	0.0	0.0	0.0	0.0
0.98291015625	0.981669921875	0.9815625	0.981748046875	0.98162109375	0.981669921875	0.981591796875	0.98158203125	0.981748046875	0.981708984375	0.98162109375	0.98142578125	0.97908203125	0.981689453125	0.980322265625	0.9771875	0.001220703125	0.001201171875	0.001162109375	0.001103515625	0.001298828125	0.001240234375	0.001279296875	0.001171875	0.0013671875	0.00119140625	0.00109375	0.001240234375	0.00123046875	0.001201171875	0.001201171875	0.001279296875	0.0	0.0	0.0	0.0	0.0	0.0	0.0	0.0	0.0
0.98291015625	0.981611328125	0.9816015625	0.981650390625	0.981865234375	0.981650390625	0.981640625	0.981630859375	0.98171875	0.981748046875	0.981376953125	0.981484375	0.981279296875	0.979208984375	0.981474609375	0.980908203125	0.0012890625	0.001259765625	0.001240234375	0.001259765625	0.001123046875	0.001201171875	0.001279296875	0.00123046875	0.001279296875	0.00130859375	0.001162109375	0.001181640625	0.001171875	0.001220703125	0.001220703125	0.0	0.0	0.0	0.0	0.0	0.0	0.0	0.0	0.0	0.0
0.98291015625	0.981728515625	0.981630859375	0.981728515625	0.9817578125	0.9816796875	0.981630859375	0.981767578125	0.9816796875	0.98142578125	0.979560546875	0.981455078125	0.981279296875	0.974521484375	0.981708984375	0.00107421875	0.001328125	0.001201171875	0.0012109375	0.00126953125	0.001181640625	0.001171875	0.001279296875	0.001357421875	0.001142578125	0.00123046875	0.001435546875	0.00109375	0.00115234375	0.0012890625	0.0	0.0	0.0	0.0	0.0	0.0	0.0	0.0	0.0	0.0	0.0
0.98291015625	0.981650390625	0.981748046875	0.981689453125	0.981708984375	0.9816015625	0.98177734375	0.98169921875	0.981552734375	0.981396484375	0.9817578125	0.98162109375	0.98060546875	0.97103515625	0.967490234375	0.00126953125	0.001240234375	0.00123046875	0.00111328125	0.0012109375	0.00115234375	0.001279296875	0.00115234375	0.0012890625	0.0012109375	0.00123046875	0.0010546875	0.00111328125	0.0011328125	0.0	0.0	0.0	0.0	0.0	0.0	0.0	0.0	0.0	0.0	0.0	0.0
0.98291015625	0.981767578125	0.981669921875	0.98162109375	0.981796875	0.981787109375	0.981650390625	0.981376953125	0.981708984375	0.981669921875	0.981494140625	0.98138671875	0.9815625	0.970498046875	0.001201171875	0.007529296875	0.00115234375	0.00119140625	0.001142578125	0.0012890625	0.001240234375	0.0011328125	0.00134765625	0.001220703125	0.001142578125	0.00123046875	0.001259765625	0.001298828125	0.0	0.0	0.0	0.0	0.0	0.0	0.0	0.0	0.0	0.0	0.0	0.0	0.0
0.98291015625	0.981748046875	0.9818359375	0.981787109375	0.98177734375	0.981630859375	0.981669921875	0.981611328125	0.981640625	0.9816796875	0.981533203125	0.976796875	0.977236328125	0.9681640625	0.01177734375	0.001181640625	0.001083984375	0.00126953125	0.001240234375	0.00126953125	0.001279296875	0.00119140625	0.001328125	0.001220703125	0.0010546875	0.00125	0.001279296875	0.0	0.0	0.0	0.0	0.0	0.0	0.0	0.0	0.0	0.0	0.0	0.0	0.0	0.0
0.98291015625	0.981669921875	0.97716796875	0.9816796875	0.98162109375	0.98177734375	0.981669921875	0.981640625	0.98171875	0.97927734375	0.98169921875	0.9719140625	0.98134765625	0.84857421875	0.859326171875	0.078662109375	0.00103515625	0.001259765625	0.001083984375	0.0011328125	0.001298828125	0.00140625	0.0012890625	0.00125	0.0012890625	0.001318359375	0.0	0.0	0.0	0.0	0.0	0.0	0.0	0.0	0.0	0.0	0.0	0.0	0.0	0.0	0.0
0.98291015625	0.9815625	0.981787109375	0.981591796875	0.981748046875	0.981572265625	0.9815234375	0.981611328125	0.9813671875	0.981318359375	0.980234375	0.975517578125	0.97791015625	0.954931640625	0.938662109375	0.0012890625	0.001201171875	0.00126953125	0.00126953125	0.001298828125	0.00125	0.001318359375	0.00109375	0.00111328125	0.001181640625	0.0	0.0	0.0	0.0	0.0	0.0	0.0	0.0	0.0	0.0	0.0	0.0	0.0	0.0	0.0	0.0
0.98291015625	0.981630859375	0.9816796875	0.98173828125	0.981748046875	0.981640625	0.98154296875	0.9816015625	0.979208984375	0.981728515625	0.965576171875	0.966455078125	0.91244140625	0.95369140625	0.875810546875	0.001357421875	0.001240234375	0.00134765625	0.0011328125	0.001181640625	0.00125	0.00126953125	0.001376953125	0.00126953125	0.0	0.0	0.0	0.0	0.0	0.0	0.0	0.0	0.0	0.0	0.0	0.0	0.0	0.0	0.0	0.0	0.0
0.98291015625	0.9815625	0.9816015625	0.9816796875	0.981474609375	0.9816015625	0.981689453125	0.981435546875	0.9812890625	0.96978515625	0.963515625	0.967958984375	0.946767578125	0.951416015625	0.92666015625	0.010166015625	0.0012109375	0.00125	0.0011328125	0.00109375	0.00125	0.00130859375	0.001240234375	0.0	0.0	0.0	0.0	0.0	0.0	0.0	0.0	0.0	0.0	0.0	0.0	0.0	0.0	0.0	0.0	0.0	0.0
0.98291015625	0.98177734375	0.98169921875	0.981796875	0.981572265625	0.981513671875	0.981494140625	0.981611328125	0.981552734375	0.978935546875	0.969482421875	0.907080078125	0.907236328125	0.899765625	0.91173828125	0.0012109375	0.00125	0.00125	0.0012109375	0.001259765625	0.001240234375	0.001201171875	0.0	0.0	0.0	0.0	0.0	0.0	0.0	0.0	0.0	0.0	0.0	0.0	0.0	0.0	0.0	0.0	0.0	0.0	0.0
0.98291015625	0.981708984375	0.981708984375	0.981708984375	0.98173828125	0.981748046875	0.981748046875	0.981376953125	0.98181640625	0.9772265625	0.957421875	0.8971875	0.898095703125	0.9216015625	0.0559375	0.001318359375	0.00130859375	0.0012890625	0.0012109375	0.001171875	0.001337890625	0.0	0.0	0.0	0.0	0.0	0.0	0.0	0.0	0.0	0.0	0.0	0.0	0.0	0.0	0.0	0.0	0.0	0.0	0.0	0.0
0.98291015625	0.98171875	0.981669921875	0.9815625	0.98162109375	0.98173828125	0.981728515625	0.981533203125	0.972294921875	0.977578125	0.850048828125	0.931298828125	0.91072265625	0.001162109375	0.0012109375	0.001103515625	0.001259765625	0.0013671875	0.0013671875	0.001220703125	0.0	0.0	0.0	0.0	0.0	0.0	0.0	0.0	0.0	0.0	0.0	0.0	0.0	0.0	0.0	0.0	0.0	0.0	0.0	0.0	0.0
0.98291015625	0.9817578125	0.981875	0.981630859375	0.98171875	0.981669921875	0.98166015625	0.9784765625	0.965205078125	0.7551171875	0.762197265625	0.827216796875	0.90150390625	0.00126953125	0.001123046875	0.001328125	0.001181640625	0.00125	1.953125e-5	9.765625e-6	0.0	9.765625e-6	9.765625e-6	0.0	0.0	0.0	0.0	0.0	0.0	0.0	0.0	0.0	0.0	0.0	0.0	0.0	0.0	0.0	0.0	0.0	0.0
0.98291015625	0.981748046875	0.981826171875	0.981689453125	0.981728515625	0.9816796875	0.98158203125	0.974208984375	0.973095703125	0.7162109375	0.82392578125	0.855556640625	0.001474609375	0.001162109375	0.001298828125	0.00125	0.001201171875	0.001171875	0.0	9.765625e-6	0.0	9.765625e-6	9.765625e-6	0.0	0.0	0.0	0.0	0.0	0.0	0.0	0.0	0.0	0.0	0.0	0.0	0.0	0.0	0.0	0.0	0.0	0.0
0.98291015625	0.981611328125	0.98171875	0.98158203125	0.98169921875	0.981650390625	0.981484375	0.975986328125	0.963310546875	0.6347265625	0.717099609375	0.00119140625	0.001318359375	0.001337890625	0.0012109375	0.00119140625	0.001279296875	1.953125e-5	9.765625e-6	0.0	9.765625e-6	2.9296875e-5	1.953125e-5	0.0	9.765625e-6	0.0	0.0	0.0	0.0	0.0	0.0	0.0	0.0	0.0	0.0	0.0	0.0	0.0	0.0	0.0	0.0
0.98291015625	0.9817578125	0.981708984375	0.9816796875	0.981494140625	0.981162109375	0.963291015625	0.980556640625	0.3443359375	0.725361328125	0.636064453125	0.001201171875	0.00125	0.00111328125	0.001279296875	0.001142578125	0.0	9.765625e-6	9.765625e-6	0.0	0.0	9.765625e-6	9.765625e-6	0.0	0.0	0.0	0.0	0.0	0.0	0.0	0.0	0.0	0.0	0.0	0.0	0.0	0.0	0.0	0.0	0.0	0.0
0.98291015625	0.981591796875	0.981708984375	0.981689453125	0.981708984375	0.981572265625	0.966201171875	0.749814453125	0.0352734375	0.2480859375	0.00146484375	0.00140625	0.001298828125	0.001240234375	0.00126953125	9.765625e-6	9.765625e-6	1.953125e-5	9.765625e-6	9.765625e-6	0.0	0.0	0.0	9.765625e-6	9.765625e-6	9.765625e-6	9.765625e-6	0.0	0.0	0.0	0.0	0.0	0.0	0.0	0.0	0.0	0.0	0.0	0.0	0.0	0.0
0.98291015625	0.981640625	0.98181640625	0.981591796875	0.98119140625	0.978427734375	0.96267578125	0.105029296875	0.002255859375	0.001689453125	0.0014453125	0.001494140625	0.001123046875	9.765625e-5	0.0	0.0	0.0	3.90625e-5	2.9296875e-5	3.90625e-5	1.953125e-5	9.765625e-6	9.765625e-6	0.0	0.0	3.90625e-5	0.0	9.765625e-6	0.0	0.0	0.0	0.0	0.0	0.0	0.0	0.0	0.0	0.0	0.0	0.0	0.0
0.98291015625	0.981640625	0.9817578125	0.981552734375	0.981708984375	0.97158203125	0.9464453125	0.011875	0.0017578125	0.001435546875	0.001396484375	0.00119140625	0.001318359375	1.953125e-5	4.8828125e-5	0.0	9.765625e-6	0.0	9.765625e-6	9.765625e-6	0.0	0.0	0.0	4.8828125e-5	9.765625e-6	9.765625e-6	9.765625e-6	0.0	9.765625e-6	0.0	0.0	0.0	0.0	0.0	0.0	0.0	0.0	0.0	0.0	0.0	0.0
0.98291015625	0.981708984375	0.98162109375	0.981572265625	0.978759765625	0.9674609375	0.030341796875	0.001845703125	0.00201171875	0.001533203125	0.001162109375	0.0013671875	1.953125e-5	1.953125e-5	4.8828125e-5	9.765625e-6	0.0	0.0	0.0	0.0	0.0	9.765625e-6	4.8828125e-5	0.0	9.765625e-6	3.90625e-5	9.765625e-6	0.0	0.0	9.765625e-6	0.0	0.0	0.0	0.0	0.0	0.0	0.0	0.0	0.0	0.0	0.0
0.98291015625	0.9816796875	0.98177734375	0.981708984375	0.981328125	0.968427734375	0.0059765625	0.001904296875	0.0016796875	0.001357421875	0.001435546875	8.7890625e-5	4.8828125e-5	1.953125e-5	4.8828125e-5	8.7890625e-5	9.765625e-6	1.953125e-5	9.765625e-6	9.765625e-6	0.0	1.953125e-5	9.765625e-6	9.765625e-6	9.765625e-6	1.953125e-5	0.0	9.765625e-6	0.0	1.953125e-5	0.0	0.0	0.0	0.0	0.0	0.0	0.0	0.0	0.0	0.0	0.0
0.98291015625	0.981875	0.98162109375	0.98162109375	0.971025390625	0.02154296875	0.00259765625	0.0018359375	0.001416015625	0.0001953125	0.00017578125	2.9296875e-5	4.8828125e-5	5.859375e-5	9.765625e-5	6.8359375e-5	0.0	1.953125e-5	0.0	1.953125e-5	9.765625e-6	0.0	9.765625e-6	0.0	9.765625e-6	0.0	0.0	9.765625e-6	0.0	0.0	9.765625e-6	0.0	0.0	0.0	0.0	0.0	0.0	0.0	0.0	0.0	0.0
0.98291015625	0.981611328125	0.981572265625	0.978974609375	0.031396484375	0.0048828125	0.002353515625	0.001845703125	0.00044921875	0.000234375	0.000234375	1.953125e-5	7.8125e-5	1.953125e-5	6.8359375e-5	4.8828125e-5	1.953125e-5	3.90625e-5	0.0	0.0	1.953125e-5	9.765625e-6	1.953125e-5	1.953125e-5	1.953125e-5	9.765625e-6	9.765625e-6	0.0	0.0	9.765625e-6	9.765625e-6	1.953125e-5	9.765625e-6	0.0	0.0	0.0	0.0	0.0	0.0	0.0	0.0
0.98291015625	0.98150390625	0.9815234375	0.9775	0.0171484375	0.002197265625	0.00208984375	0.0013671875	0.00029296875	0.000283203125	6.8359375e-5	7.8125e-5	3.90625e-5	1.953125e-5	1.953125e-5	2.9296875e-5	3.90625e-5	9.765625e-6	0.0	0.0	9.765625e-6	9.765625e-6	0.0	0.0	0.0	2.9296875e-5	1.953125e-5	9.765625e-6	0.0	9.765625e-6	9.765625e-6	9.765625e-6	2.9296875e-5	0.0	0.0	0.0	0.0	0.0	0.0	0.0	0.0
0.98291015625	0.981591796875	0.98146484375	0.9586328125	0.004892578125	0.002236328125	0.002041015625	0.000302734375	0.000458984375	0.0001171875	0.00013671875	7.8125e-5	6.8359375e-5	2.9296875e-5	1.953125e-5	1.953125e-5	9.765625e-5	1.953125e-5	0.0	0.0	9.765625e-6	1.953125e-5	0.0	1.953125e-5	0.0	0.0	1.953125e-5	0.0	9.765625e-6	0.0	0.0	1.953125e-5	9.765625e-6	0.0	0.0	0.0	0.0	0.0	0.0	0.0	0.0
0.98291015625	0.981650390625	0.980693359375	0.0036328125	0.002197265625	0.002333984375	0.000400390625	0.000625	0.000439453125	0.000107421875	0.000126953125	0.000107421875	8.7890625e-5	5.859375e-5	8.7890625e-5	8.7890625e-5	0.0	2.9296875e-5	0.0	1.953125e-5	0.0	0.0	0.0	0.0	0.0	1.953125e-5	9.765625e-6	9.765625e-6	0.0	9.765625e-6	9.765625e-6	0.0	9.765625e-6	3.90625e-5	9.765625e-6	9.765625e-6	0.0	0.0	0.0	0.0	0.0
0.98291015625	0.981845703125	0.029912109375	0.002177734375	0.000654296875	0.000625	0.0009375	0.000673828125	0.000224609375	0.00029296875	0.0001953125	7.8125e-5	7.8125e-5	1.953125e-5	3.90625e-5	7.8125e-5	4.8828125e-5	5.859375e-5	2.9296875e-5	3.90625e-5	0.0	0.0	0.0	0.0	1.953125e-5	9.765625e-6	0.0	9.765625e-6	0.0	2.9296875e-5	1.953125e-5	9.765625e-6	0.0	9.765625e-6	2.9296875e-5	9.765625e-6	9.765625e-6	0.0	0.0	0.0	0.0
0.98291015625	0.98138671875	0.002763671875	0.00048828125	0.0005078125	0.00056640625	0.000537109375	0.000517578125	0.0002734375	0.0004296875	0.000224609375	0.000146484375	0.00021484375	7.8125e-5	5.859375e-5	5.859375e-5	2.9296875e-5	6.8359375e-5	3.90625e-5	9.765625e-6	9.765625e-6	9.765625e-6	9.765625e-6	0.0	0.0	9.765625e-6	9.765625e-6	9.765625e-6	0.0	0.0	0.0	0.0	9.765625e-6	9.765625e-6	0.0	9.765625e-6	1.953125e-5	9.765625e-6	0.0	0.0	0.0
0.98291015625	0.948828125	0.002294921875	0.00033203125	0.000791015625	0.00064453125	0.000712890625	0.00048828125	0.000546875	0.000234375	0.00015625	8.7890625e-5	9.765625e-5	7.8125e-5	8.7890625e-5	3.90625e-5	9.765625e-5	3.90625e-5	2.9296875e-5	4.8828125e-5	0.0	0.0	0.0	0.0	9.765625e-6	0.0	1.953125e-5	9.765625e-6	2.9296875e-5	1.953125e-5	9.765625e-6	9.765625e-6	0.0	0.0	9.765625e-6	1.953125e-5	1.953125e-5	9.765625e-6	9.765625e-6	0.0	0.0
0.98291015625	0.00208984375	0.00046875	0.000390625	0.000732421875	0.000390625	0.000576171875	0.000556640625	0.00029296875	0.000341796875	0.000166015625	0.0001171875	0.000185546875	0.00015625	8.7890625e-5	8.7890625e-5	3.90625e-5	4.8828125e-5	3.90625e-5	1.953125e-5	9.765625e-6	9.765625e-6	0.0	0.0	0.0	0.0	1.953125e-5	0.0	9.765625e-6	9.765625e-6	9.765625e-6	0.0	9.765625e-6	9.765625e-6	1.953125e-5	2.9296875e-5	0.0	9.765625e-6	1.953125e-5	9.765625e-6	0.0
0.98291015625	0.000693359375	0.00052734375	0.0007421875	0.001005859375	0.00033203125	0.000634765625	0.000419921875	0.000546875	0.000244140625	0.000361328125	0.000185546875	0.00013671875	0.000166015625	4.8828125e-5	3.90625e-5	1.953125e-5	8.7890625e-5	9.765625e-6	2.9296875e-5	1.953125e-5	0.0	9.765625e-6	9.765625e-6	0.0	0.0	9.765625e-6	0.0	9.765625e-6	0.0	1.953125e-5	0.0	3.90625e-5	9.765625e-6	1.953125e-5	0.0	9.765625e-6	9.765625e-6	9.765625e-6	9.765625e-6	0.0
