0.985107421875	0.984130859375	0.984169921875	0.98400390625	0.984228515625	0.984189453125	0.98421875	0.98421875	0.984111328125	0.984169921875	0.984189453125	0.984130859375	0.983955078125	0.984169921875	0.98267578125	0.982314453125	0.982646484375	0.98072265625	0.970966796875	0.982529296875	0.982353515625	0.002470703125	0.002353515625	0.002470703125	0.00244140625	0.0022265625	0.002431640625	0.001123046875	0.00091796875	0.001064453125	0.000888671875	0.0008984375	0.0008984375	0.0009765625	0.000947265625	0.001044921875	0.001015625	0.001025390625	0.0011328125	0.000869140625	0.0009375
0.985107421875	0.984150390625	0.98396484375	0.984052734375	0.98412109375	0.984013671875	0.984130859375	0.9841796875	0.984130859375	0.98408203125	0.984189453125	0.98390625	0.98404296875	0.98408203125	0.982568359375	0.982587890625	0.982607421875	0.9720703125	0.982607421875	0.979111328125	0.002509765625	0.002568359375	0.002373046875	0.00248046875	0.002275390625	0.002578125	0.002548828125	0.00091796875	0.00091796875	0.000869140625	0.00091796875	0.001025390625	0.000947265625	0.001005859375	0.00091796875	0.00095703125	0.000947265625	0.000966796875	0.001015625	0.001005859375	0.0
0.985107421875	0.984130859375	0.984228515625	0.984208984375	0.984130859375	0.98421875	0.984150390625	0.984150390625	0.984013671875	0.98408203125	0.984169921875	0.9840625	0.9841796875	0.982607421875	0.982490234375	0.982158203125	0.982744140625	0.982470703125	0.982119140625	0.96099609375	0.002470703125	0.002392578125	0.002265625	0.0025	0.002294921875	0.002421875	0.000859375	0.0008984375	0.001103515625	0.000869140625	0.0008984375	0.00083984375	0.00083984375	0.001025390625	0.000859375	0.0009375	0.000927734375	0.00103515625	0.00099609375	0.0	0.0
0.985107421875	0.984111328125	0.984267578125	0.984248046875	0.9841796875	0.98419921875	0.983984375	0.984208984375	0.984208984375	0.98412109375	0.983896484375	0.983984375	0.9840625	0.980849609375	0.98060546875	0.982578125	0.981533203125	0.982470703125	0.98236328125	0.002607421875	0.00248046875	0.0025	0.002568359375	0.002490234375	0.002412109375	0.001064453125	0.00109375	0.000947265625	0.00107421875	0.001083984375	0.00091796875	0.000908203125	0.0009765625	0.00111328125	0.000947265625	0.000869140625	0.000947265625	0.001025390625	0.0	0.0	0.0
0.985107421875	0.984091796875	0.984189453125	0.984169921875	0.984052734375	0.9840625	0.98412109375	0.98408203125	0.984033203125	0.984169921875	0.983955078125	0.984228515625	0.98421875	0.980859375	0.982822265625	0.9816796875	0.98275390625	0.982197265625	0.975966796875	0.002333984375	0.00271484375	0.0025	0.00244140625	0.00265625	0.0025	0.000908203125	0.00099609375	0.000927734375	0.000908203125	0.00109375	0.000908203125	0.00103515625	0.00099609375	0.000908203125	0.0009765625	0.000966796875	0.000986328125	0.0	0.0	0.0	0.0
0.985107421875	0.9841796875	0.984140625	0.984111328125	0.984150390625	0.984296875	0.984111328125	0.9840625	0.98404296875	0.984052734375	0.9840625	0.984169921875	0.98255859375	0.98259765625	0.982578125	0.979541015625	0.982294921875	0.9808984375	0.002568359375	0.002568359375	0.00208984375	0.00578125	0.00251953125	0.00275390625	0.00107421875	0.001025390625	0.0009765625	0.000849609375	0.0009765625	0.000986328125	0.000986328125	0.00111328125	0.000986328125	0.001025390625	0.0009375	0.00087890625	0.0	0.0	0.0	0.0	0.0
0.985107421875	0.984140625	0.98408203125	0.9841015625	0.98412109375	0.984130859375	0.984169921875	0.9841796875	0.984111328125	0.984052734375	0.984052734375	0.983544921875	0.982685546875	0.97966796875	0.975517578125	0.982373046875	0.97255859375	0.9825390625	0.00228515625	0.0025390625	0.002529296875	0.0021875	0.002529296875	0.00095703125	0.001005859375	0.001015625	0.00099609375	0.001103515625	0.000947265625	0.00091796875	0.000869140625	0.001025390625	0.0010546875	0.000966796875	0.00091796875	0.0	0.0	0.0	0.0	0.0	0.0
0.985107421875	0.984189453125	0.983896484375	0.9841796875	0.98419921875	0.9840625	0.984208984375	0.9841015625	0.983935546875	0.984267578125	0.984189453125	0.982294921875	0.982451171875	0.981943359375	0.98203125	0.981416015625	0.97119140625	0.002431640625	0.00244140625	0.002333984375	0.002578125	0.0023046875	0.0010546875	0.000869140625	0.000947265625	0.001025390625	0.0009375	0.000966796875	0.000966796875	0.000849609375	0.00109375	0.0009765625	0.00091796875	0.000908203125	0.0	0.0	0.0	0.0	0.0	0.0	0.0
0.985107421875	0.9839453125	0.98412109375	0.98419921875	0.984130859375	0.9841796875	0.984072265625	0.984013671875	0.983994140625	0.984130859375	0.98392578125	0.982021484375	0.982509765625	0.975439453125	0.98123046875	0.981748046875	0.98279296875	0.002177734375	0.00236328125	0.002509765625	0.0025	0.002587890625	0.00109375	0.000966796875	0.00109375	0.0008984375	0.000986328125	0.00109375	0.0010546875	0.000859375	0.000966796875	0.001015625	0.0008984375	0.0	0.0	0.0	0.0	0.0	0.0	0.0	0.0
0.985107421875	0.98396484375	0.9841796875	0.9841796875	0.98408203125	0.984169921875	0.984169921875	0.98390625	0.984111328125	0.98419921875	0.984091796875	0.9826953125	0.97666015625	0.980849609375	0.97970703125	0.976337890625	0.0041796875	0.002333984375	0.00228515625	0.002587890625	0.0023046875	0.00115234375	0.001005859375	0.001005859375	0.001015625	0.001005859375	0.001083984375	0.00099609375	0.000966796875	0.000986328125	0.001064453125	0.00091796875	0.0	0.0	0.0	0.0	0.0	0.0	0.0	0.0	0.0
0.985107421875	0.984052734375	0.984091796875	0.9840625	0.984140625	0.9840625	0.984072265625	0.98412109375	0.984150390625	0.9840625	0.9841015625	0.98029296875	0.982294921875	0.971953125	0.982568359375	0.9803515625	0.002373046875	0.00244140625	0.00248046875	0.00248046875	0.002373046875	0.000947265625	0.00109375	0.001005859375	0.000947265625	0.000927734375	0.001015625	0.00103515625	0.000947265625	0.00109375	0.00087890625	0.0	0.0	0.0	0.0	0.0	0.0	0.0	0.0	0.0	0.0
0.985107421875	0.984140625	0.98421875	0.984189453125	0.984267578125	0.98396484375	0.9840234375	0.984169921875	0.98412109375	0.98337890625	0.982734375	0.98236328125	0.975263671875	0.971962890625	0.9825390625	0.00251953125	0.00255859375	0.002314453125	0.002275390625	0.0026171875	0.001083984375	0.0009375	0.001171875	0.00095703125	0.000888671875	0.001171875	0.0009375	0.00095703125	0.000966796875	0.001044921875	0.0	0.0	0.0	0.0	0.0	0.0	0.0	0.0	0.0	0.0	0.0
0.985107421875	0.9841015625	0.984091796875	0.9840234375	0.9840625	0.984140625	0.9840625	0.98396484375	0.983818359375	0.984091796875	0.982529296875	0.9826171875	0.97962890625	0.97076171875	0.93806640625	0.00220703125	0.00236328125	0.002373046875	0.00265625	0.00103515625	0.00099609375	0.001103515625	0.00087890625	0.001015625	0.001015625	0.00099609375	0.000947265625	0.00099609375	0.001005859375	0.0	0.0	0.0	0.0	0.0	0.0	0.0	0.0	0.0	0.0	0.0	0.0
0.985107421875	0.984169921875	0.984033203125	0.984091796875	0.984169921875	0.984052734375	0.9841015625	0.98408203125	0.984111328125	0.98404296875	0.982509765625	0.980556640625	0.980498046875	0.97849609375	0.002509765625	0.00236328125	0.002265625	0.002529296875	0.002236328125	0.00099609375	0.000966796875	0.00728515625	0.000927734375	0.000888671875	0.001083984375	0.00095703125	0.0011328125	0.0009765625	0.0	0.0	0.0	0.0	0.0	0.0	0.0	0.0	0.0	0.0	0.0	0.0	0.0
0.985107421875	0.984072265625	0.984091796875	0.98400390625	0.98421875	0.984189453125	0.984111328125	0.984052734375	0.984091796875	0.9826171875	0.98228515625	0.982060546875	0.969912109375	0.976708984375	0.0148046875	0.00248046875	0.002353515625	0.002568359375	0.000859375	0.00103515625	0.00099609375	0.000947265625	0.0009765625	0.000869140625	0.000888671875	0.00099609375	0.000888671875	0.0	0.0	0.0	0.0	0.0	0.0	0.0	0.0	0.0	0.0	0.0	0.0	0.0	0.0
0.985107421875	0.984130859375	0.9841015625	0.984091796875	0.984208984375	0.9839453125	0.98408203125	0.984111328125	0.98431640625	0.982744140625	0.982216796875	0.975888671875	0.97640625	0.951845703125	0.79189453125	0.054677734375	0.0026171875	0.001015625	0.001103515625	0.000791015625	0.001015625	0.001005859375	0.001025390625	0.0009375	0.000908203125	0.001025390625	0.0	0.0	0.0	0.0	0.0	0.0	0.0	0.0	0.0	0.0	0.0	0.0	0.0	0.0	0.0
0.985107421875	0.98408203125	0.984287109375	0.984140625	0.984033203125	0.984189453125	0.984189453125	0.9841015625	0.982578125	0.97771484375	0.980625	0.9691796875	0.975703125	0.91619140625	0.926396484375	0.00294921875	0.0009375	0.0009765625	0.000986328125	0.000966796875	0.00103515625	0.000908203125	0.000927734375	0.001005859375	0.000947265625	0.0	0.0	0.0	0.0	0.0	0.0	0.0	0.0	0.0	0.0	0.0	0.0	0.0	0.0	0.0	0.0
0.985107421875	0.98392578125	0.984140625	0.98404296875	0.98416015625	0.984189453125	0.984169921875	0.984130859375	0.982841796875	0.979482421875	0.977060546875	0.980205078125	0.945048828125	0.91404296875	0.89087890625	0.002998046875	0.001005859375	0.000927734375	0.00095703125	0.000927734375	0.00095703125	0.000849609375	0.00099609375	0.000908203125	0.0	0.0	0.0	0.0	0.0	0.0	0.0	0.0	0.0	0.0	0.0	0.0	0.0	0.0	0.0	0.0	0.0
0.985107421875	0.984169921875	0.984072265625	0.984111328125	0.984287109375	0.984140625	0.984072265625	0.9840625	0.980166015625	0.982158203125	0.966796875	0.979521484375	0.939033203125	0.910029296875	0.901044921875	0.000869140625	0.00107421875	0.001015625	0.000986328125	0.001005859375	0.001015625	0.0009765625	0.00083984375	0.0	0.0	0.0	0.0	0.0	0.0	0.0	0.0	0.0	0.0	0.0	0.0	0.0	0.0	0.0	0.0	0.0	0.0
0.985107421875	0.984228515625	0.984033203125	0.984033203125	0.984111328125	0.98412109375	0.98396484375	0.98408203125	0.98224609375	0.979462890625	0.9663671875	0.923662109375	0.903525390625	0.891220703125	0.884287109375	0.0010546875	0.001064453125	0.00091796875	0.001015625	0.000908203125	0.0009765625	0.00099609375	0.0	0.0	0.0	0.0	0.0	0.0	0.0	0.0	0.0	0.0	0.0	0.0	0.0	0.0	0.0	0.0	0.0	0.0	0.0
0.985107421875	0.984111328125	0.984072265625	0.984072265625	0.98404296875	0.984150390625	0.983310546875	0.982255859375	0.982392578125	0.969794921875	0.9701171875	0.824990234375	0.854140625	0.906552734375	0.001064453125	0.00095703125	0.001015625	0.0009765625	0.0009765625	0.000810546875	0.00107421875	0.0	0.0	0.0	0.0	0.0	0.0	0.0	0.0	0.0	0.0	0.0	0.0	0.0	0.0	0.0	0.0	0.0	0.0	0.0	0.0
0.985107421875	0.98416015625	0.9841796875	0.9842578125	0.98408203125	0.9842578125	0.984111328125	0.9805078125	0.974423828125	0.96654296875	0.796796875	0.9183203125	0.85501953125	0.031689453125	0.000908203125	0.00087890625	0.001015625	0.00103515625	0.000927734375	0.00109375	0.0	9.765625e-6	0.0	0.0	0.0	0.0	0.0	0.0	0.0	0.0	0.0	0.0	0.0	0.0	0.0	0.0	0.0	0.0	0.0	0.0	0.0
0.985107421875	0.984228515625	0.98416015625	0.98416015625	0.984169921875	0.9839453125	0.98390625	0.979873046875	0.97275390625	0.72951171875	0.726142578125	0.798349609375	0.85490234375	0.00095703125	0.00099609375	0.000947265625	0.00099609375	0.001064453125	0.0	0.0	0.0	1.953125e-5	2.9296875e-5	0.0	0.0	0.0	0.0	0.0	0.0	0.0	0.0	0.0	0.0	0.0	0.0	0.0	0.0	0.0	0.0	0.0	0.0
0.985107421875	0.984169921875	0.9840234375	0.9841015625	0.98412109375	0.98404296875	0.982265625	0.96814453125	0.976767578125	0.649541015625	0.803857421875	0.83478515625	0.001025390625	0.001083984375	0.001005859375	0.000986328125	0.001005859375	0.001064453125	1.953125e-5	1.953125e-5	0.0	0.0	2.9296875e-5	9.765625e-6	0.0	0.0	0.0	0.0	0.0	0.0	0.0	0.0	0.0	0.0	0.0	0.0	0.0	0.0	0.0	0.0	0.0
0.985107421875	0.9841015625	0.984111328125	0.984140625	0.984150390625	0.98400390625	0.982216796875	0.97615234375	0.97205078125	0.6451171875	0.672236328125	0.001025390625	0.001064453125	0.00103515625	0.0008984375	0.001103515625	0.00109375	2.9296875e-5	9.765625e-6	2.9296875e-5	0.0	0.0	1.953125e-5	0.0	0.0	0.0	0.0	0.0	0.0	0.0	0.0	0.0	0.0	0.0	0.0	0.0	0.0	0.0	0.0	0.0	0.0
0.985107421875	0.984013671875	0.984111328125	0.98408203125	0.983564453125	0.98416015625	0.9759375	0.970888671875	0.175	0.702646484375	0.532001953125	0.00103515625	0.001142578125	0.000947265625	0.00107421875	0.00095703125	0.0	1.953125e-5	0.0	1.953125e-5	9.765625e-6	9.765625e-6	2.9296875e-5	1.953125e-5	0.0	9.765625e-6	0.0	0.0	0.0	0.0	0.0	0.0	0.0	0.0	0.0	0.0	0.0	0.0	0.0	0.0	0.0
0.985107421875	0.984072265625	0.98412109375	0.9841015625	0.983701171875	0.98232421875	0.97369140625	0.7609765625	0.005146484375	0.002861328125	0.0012109375	0.0010546875	0.001201171875	0.00107421875	0.0009375	9.765625e-6	0.0	9.765625e-6	0.0	0.0	1.953125e-5	2.9296875e-5	9.765625e-6	9.765625e-6	2.9296875e-5	9.765625e-6	2.9296875e-5	0.0	0.0	0.0	0.0	0.0	0.0	0.0	0.0	0.0	0.0	0.0	0.0	0.0	0.0
0.985107421875	0.984091796875	0.9792578125	0.984130859375	0.983544921875	0.978330078125	0.955166015625	0.03087890625	0.00337890625	0.00125	0.00111328125	0.0010546875	0.001103515625	8.7890625e-5	0.0	0.0	1.953125e-5	1.953125e-5	1.953125e-5	9.765625e-6	5.859375e-5	1.953125e-5	1.953125e-5	9.765625e-6	0.0	0.0	1.953125e-5	9.765625e-6	0.0	0.0	0.0	0.0	0.0	0.0	0.0	0.0	0.0	0.0	0.0	0.0	0.0
0.985107421875	0.98419921875	0.984140625	0.984130859375	0.98349609375	0.977412109375	0.965654296875	0.0038671875	0.0030078125	0.00150390625	0.001298828125	0.000986328125	0.00103515625	5.859375e-5	4.8828125e-5	1.953125e-5	9.765625e-6	0.0	9.765625e-6	0.0	0.0	0.0	2.9296875e-5	3.90625e-5	9.765625e-6	9.765625e-6	4.8828125e-5	0.0	9.765625e-6	0.0	0.0	0.0	0.0	0.0	0.0	0.0	0.0	0.0	0.0	0.0	0.0
0.985107421875	0.984033203125	0.984072265625	0.984169921875	0.98216796875	0.969052734375	0.018798828125	0.006142578125	0.001376953125	0.0011328125	0.00125	0.00119140625	8.7890625e-5	1.953125e-5	4.8828125e-5	0.0	1.953125e-5	9.765625e-6	9.765625e-6	1.953125e-5	9.765625e-6	9.765625e-6	0.0	9.765625e-6	2.9296875e-5	2.9296875e-5	0.0	9.765625e-6	9.765625e-6	2.9296875e-5	0.0	0.0	0.0	0.0	0.0	0.0	0.0	0.0	0.0	0.0	0.0
0.985107421875	0.984150390625	0.984130859375	0.984111328125	0.982421875	0.965634765625	0.006279296875	0.001513671875	0.00158203125	0.00119140625	0.001171875	2.9296875e-5	5.859375e-5	9.765625e-5	3.90625e-5	4.8828125e-5	0.0	9.765625e-6	9.765625e-6	9.765625e-6	9.765625e-6	1.953125e-5	1.953125e-5	9.765625e-6	9.765625e-6	0.0	2.9296875e-5	9.765625e-6	9.765625e-6	1.953125e-5	0.0	0.0	0.0	0.0	0.0	0.0	0.0	0.0	0.0	0.0	0.0
0.985107421875	0.9841015625	0.984169921875	0.9836328125	0.9507421875	0.031376953125	0.0059375	0.001748046875	0.001396484375	0.00015625	0.00015625	5.859375e-5	2.9296875e-5	4.8828125e-5	5.859375e-5	1.953125e-5	0.0	9.765625e-6	1.953125e-5	0.0	1.953125e-5	0.0	9.765625e-6	0.0	9.765625e-6	0.0	0.0	1.953125e-5	1.953125e-5	0.0	9.765625e-6	1.953125e-5	0.0	0.0	0.0	0.0	0.0	0.0	0.0	0.0	0.0
0.985107421875	0.984130859375	0.983935546875	0.982666015625	0.02888671875	0.00634765625	0.002236328125	0.0015234375	0.00037109375	0.0001171875	0.00013671875	5.859375e-5	3.90625e-5	6.8359375e-5	2.9296875e-5	2.9296875e-5	5.859375e-5	9.765625e-6	2.9296875e-5	0.0	1.953125e-5	0.0	1.953125e-5	0.0	0.0	1.953125e-5	0.0	1.953125e-5	9.765625e-6	0.0	2.9296875e-5	1.953125e-5	0.0	0.0	0.0	0.0	0.0	0.0	0.0	0.0	0.0
0.985107421875	0.98408203125	0.9837109375	0.97701171875	0.008720703125	0.002607421875	0.001884765625	0.00189453125	0.000419921875	0.000205078125	8.7890625e-5	4.8828125e-5	0.0	1.953125e-5	3.90625e-5	1.953125e-5	0.0	0.0	9.765625e-6	9.765625e-6	9.765625e-6	9.765625e-6	9.765625e-6	0.0	0.0	9.765625e-6	2.9296875e-5	0.0	1.953125e-5	0.0	0.0	9.765625e-6	9.765625e-6	9.765625e-6	0.0	0.0	0.0	0.0	0.0	0.0	0.0
0.985107421875	0.984111328125	0.97478515625	0.950185546875	0.003349609375	0.0016796875	0.001435546875	0.0004296875	0.00017578125	0.00015625	9.765625e-5	0.00015625	4.8828125e-5	4.8828125e-5	9.765625e-6	9.765625e-6	4.8828125e-5	5.859375e-5	0.0	0.0	9.765625e-6	0.0	1.953125e-5	0.0	0.0	9.765625e-6	9.765625e-6	9.765625e-6	1.953125e-5	1.953125e-5	9.765625e-6	0.0	1.953125e-5	9.765625e-6	4.8828125e-5	0.0	0.0	0.0	0.0	0.0	0.0
0.985107421875	0.984267578125	0.982578125	0.0082421875	0.00208984375	0.0020703125	0.0005859375	0.000517578125	0.000302734375	9.765625e-5	0.000146484375	8.7890625e-5	6.8359375e-5	3.90625e-5	1.953125e-5	6.8359375e-5	4.8828125e-5	1.953125e-5	9.765625e-6	1.953125e-5	9.765625e-6	9.765625e-6	0.0	9.765625e-6	0.0	1.953125e-5	0.0	0.0	2.9296875e-5	0.0	9.765625e-6	9.765625e-6	9.765625e-6	0.0	9.765625e-6	9.765625e-6	0.0	0.0	0.0	0.0	0.0
0.985107421875	0.984111328125	0.030048828125	0.002255859375	0.000615234375	0.000478515625	0.001015625	0.000869140625	0.00017578125	0.00041015625	0.000146484375	9.765625e-5	0.00015625	4.8828125e-5	4.8828125e-5	3.90625e-5	5.859375e-5	0.00013671875	2.9296875e-5	0.0	9.765625e-6	9.765625e-6	0.0	0.0	0.0	0.0	1.953125e-5	4.8828125e-5	1.953125e-5	1.953125e-5	1.953125e-5	9.765625e-6	0.0	9.765625e-6	1.953125e-5	2.9296875e-5	1.953125e-5	0.0	0.0	0.0	0.0
0.985107421875	0.982578125	0.00228515625	0.00056640625	0.000517578125	0.000791015625	0.000986328125	0.000625	0.000341796875	0.000224609375	0.000166015625	0.00013671875	0.000205078125	5.859375e-5	8.7890625e-5	6.8359375e-5	8.7890625e-5	4.8828125e-5	3.90625e-5	0.0	9.765625e-6	0.0	9.765625e-6	0.0	0.0	0.0	9.765625e-6	1.953125e-5	0.0	9.765625e-6	0.0	9.765625e-6	9.765625e-6	2.9296875e-5	1.953125e-5	2.9296875e-5	9.765625e-6	0.0	0.0	0.0	0.0
0.985107421875	0.957109375	0.001787109375	0.0005078125	0.00091796875	0.00095703125	0.000478515625	0.000654296875	0.000283203125	0.00037109375	0.0001953125	0.000146484375	0.00017578125	5.859375e-5	3.90625e-5	3.90625e-5	6.8359375e-5	1.953125e-5	5.859375e-5	6.8359375e-5	1.953125e-5	1.953125e-5	0.0	1.953125e-5	1.953125e-5	0.0	1.953125e-5	9.765625e-6	2.9296875e-5	0.0	9.765625e-6	1.953125e-5	1.953125e-5	1.953125e-5	0.0	9.765625e-6	9.765625e-6	9.765625e-6	1.953125e-5	0.0	0.0
0.985107421875	0.001904296875	0.000576171875	0.00060546875	0.000771484375	0.00076171875	0.001083984375	0.000732421875	0.00037109375	0.00025390625	0.00015625	0.00017578125	0.000205078125	0.000126953125	7.8125e-5	2.9296875e-5	3.90625e-5	3.90625e-5	5.859375e-5	2.9296875e-5	9.765625e-6	9.765625e-6	0.0	9.765625e-6	0.0	0.0	9.765625e-6	1.953125e-5	0.0	9.765625e-6	9.765625e-6	1.953125e-5	1.953125e-5	0.0	1.953125e-5	3.90625e-5	9.765625e-6	9.765625e-6	1.953125e-5	2.9296875e-5	0.0
0.985107421875	0.000546875	0.000390625	0.000546875	0.000556640625	0.00046875	0.000625	0.00041015625	0.00044921875	0.000263671875	0.0003125	0.000224609375	0.000107421875	0.00013671875	0.00013671875	4.8828125e-5	4.8828125e-5	3.90625e-5	4.8828125e-5	5.859375e-5	7.8125e-5	9.765625e-6	9.765625e-6	0.0	9.765625e-6	9.765625e-6	0.0	1.953125e-5	0.0	0.0	2.9296875e-5	1.953125e-5	0.0	9.765625e-6	9.765625e-6	9.765625e-6	9.765625e-6	0.0	3.90625e-5	0.0	3.90625e-5
