1.0	1.0	1.0	1.0	1.0	1.0	1.0	1.0	1.0	1.0	1.0	1.0	1.0	1.0	1.0	1.0	1.3123983939488728	0.8370124697685242	0.6376147046685219	0.6472565531730652	0.6158997267484665	0.18642262648791075	0.1872943863272667	0.1834481181576848	0.18324423115700483	0.18161504063755274	0.18233626708388329	0.1849934970960021	0.18380252365022898	0.18211140483617783	0.18121868465095758	0.18076613172888756	0.1821704749017954	0.1837853891775012	0.18151022400707006	0.1812796602025628	0.18284120596945286	0.18031357880681753	0.1822162065654993	0.18274119775742292	0.18105006404221058
1.0	1.0	1.0	1.0	1.0	1.0	1.0	1.0	1.0	1.0	1.0	1.0	1.0	1.0	1.0	1.0	0.869619145989418	0.6328586116433144	0.6208768859505653	0.6077747046947479	0.1874544620513916	0.1854631993919611	0.18200469762086868	0.1833728663623333	0.18547939602285624	0.18416648637503386	0.18328807223588228	0.18326234817504883	0.1821047505363822	0.18070040736347437	0.18156073428690434	0.18197039887309074	0.18335570208728313	0.18230006285011768	0.18228958267718554	0.18153691571205854	0.180719462223351	0.18201803602278233	0.18127203825861216	0.18186942301690578	0.18041266407817602
1.0	1.0	1.0	1.0	1.0	1.0	1.0	1.0	1.0	1.0	1.0	1.0	1.0	1.0	1.0	1.0	0.8500917255878448	0.6208159103989601	0.6266542598605156	0.4138609580695629	0.18495060876011848	0.1872343784198165	0.18134921044111252	0.1834900239482522	0.18236484937369823	0.18343192152678967	0.1827821508049965	0.18239722773432732	0.18082996550947428	0.18192944582551718	0.18214475084096193	0.18203521519899368	0.18269638903439045	0.18073375336825848	0.1805117493495345	0.18153594806790352	0.18260684609413147	0.18231816496700048	0.18337763007730246	0.18258874397724867	0.18263923935592175
1.0	1.0	1.0	1.0	1.0	1.0	1.0	1.0	1.0	1.0	1.0	1.0	1.0	1.0	1.0	1.0070210354668754	0.721585750579834	0.6185674369335175	0.6103128418326378	0.18818234279751778	0.18586524203419685	0.1842703353613615	0.18306322488933802	0.18230100069195032	0.18378729466348886	0.18330520670861006	0.18066132999956608	0.1831289492547512	0.18106052931398153	0.18243249412626028	0.18292315676808357	0.18230006285011768	0.18139017838984728	0.18248584773391485	0.1827306877821684	0.18075755704194307	0.18210285995155573	0.18303750082850456	0.18040504213422537	0.18255825620144606	0.18206949904561043
1.0	1.0	1.0	1.0	1.0	1.0	1.0	1.0	1.0	1.0	1.0	1.0	1.0	1.0	1.0	0.9992684125900269	0.7293372675776482	0.6358159556984901	0.6230415180325508	0.18625492881983519	0.18703811336308718	0.18511160742491484	0.18285837024450302	0.18242488708347082	0.18357865884900093	0.18061751872301102	0.18295459728688002	0.18268401827663183	0.1833366472274065	0.18261923175305128	0.18139303661882877	0.18037742748856544	0.18347768299281597	0.18146544508635998	0.18251920863986015	0.18185227364301682	0.1813730439171195	0.18241725023835897	0.1821047654375434	0.18130443152040243	0.18151023890823126
1.0	1.0	1.0	1.0	1.0	1.0	1.0	1.0	1.0	1.0	1.0	1.0	1.0	1.0	1.9843902587890625	0.9826678186655045	0.6438952460885048	0.6059225723147392	0.1871172059327364	0.18610918894410133	0.1854565003886819	0.18266113754361868	0.18243725784122944	0.18245439231395721	0.18415506836026907	0.18166934698820114	0.18231436889618635	0.18042314425110817	0.1819780357182026	0.18429227825254202	0.18079282343387604	0.18181417882442474	0.1816226476803422	0.1835357854142785	0.18060225993394852	0.18272879719734192	0.18191799800843	0.1819418165832758	0.18492585234344006	0.18321183789521456	0.18287456687539816
1.0	1.0	1.0	1.0	1.0	1.0	1.0	1.0	1.0	1.0	1.0	1.0	1.0	1.0	1.012967626253764	0.7317229360342026	0.6384836360812187	0.634184829890728	0.18831670936197042	0.18453329242765903	0.1830622423440218	0.18488585203886032	0.1833728663623333	0.18272976484149694	0.18064513336867094	0.1824839422479272	0.1815416645258665	0.18381111323833466	0.182887920178473	0.1808547368273139	0.18307367525994778	0.1800172757357359	0.1830689562484622	0.1822609854862094	0.1828850470483303	0.18207234237343073	0.18247346207499504	0.18050031643360853	0.18121677916496992	0.18041742779314518	0.18212475813925266
1.0	1.0	1.0	1.0	1.0	1.0	1.0	1.0	1.0	1.0	1.0	1.0	1.0	1.0	0.9830336719751358	0.72457355260849	0.64541195333004	0.18947905581444502	0.1882947813719511	0.183797774836421	0.1831651385873556	0.18212380539625883	0.18235816527158022	0.18073373846709728	0.18313658609986305	0.1825411068275571	0.18114437069743872	0.1809576479718089	0.1800058577209711	0.18353005405515432	0.18300890363752842	0.18269259296357632	0.1803154842928052	0.1817855816334486	0.1825658930465579	0.18226004764437675	0.18157026171684265	0.18071087263524532	0.18348622787743807	0.18341666273772717	0.18197897356003523
1.0	1.0	1.0	1.0	1.0	1.0	1.0	1.0	1.0	1.0	1.0	1.0	1.0	1.0	0.7976375073194504	0.645236648619175	0.6321954429149628	0.18745350930839777	0.18651124648749828	0.18490393925458193	0.18275642674416304	0.1826259009540081	0.18235722742974758	0.18175984267145395	0.1823124336078763	0.1812977772206068	0.18023640662431717	0.18143972102552652	0.18154357001185417	0.18230577930808067	0.18192466720938683	0.18044315185397863	0.18142258655279875	0.18211616855114698	0.18198565766215324	0.18210570327937603	0.18216953705996275	0.18263925425708294	0.18150355480611324	0.180429813452065	0.18172268569469452
1.0	1.0	1.0	1.0	1.0	1.0	1.0	1.0	1.0	1.0	1.0	1.0	1.0	1.0	0.8089179843664169	0.6468143910169601	0.18933042790740728	0.18524500634521246	0.1850744802504778	0.18437993060797453	0.18184084072709084	0.18373487889766693	0.18156071938574314	0.18387971073389053	0.18134350888431072	0.18193230405449867	0.18235532194375992	0.18246963620185852	0.18123011756688356	0.18336619716137648	0.18275737948715687	0.18092811293900013	0.1805508118122816	0.18123488128185272	0.18159215990453959	0.18351577781140804	0.1814330518245697	0.18163693882524967	0.18372631911188364	0.18210378289222717	0.18138066586107016
1.0	1.0	1.0	1.0	1.0	1.0	1.0	1.0	1.0	1.0	1.0	1.0	1.0	1.0399238616228104	0.8420277088880539	0.670884519815445	0.1911558983847499	0.18738681729882956	0.18339285906404257	0.18172268569469452	0.18424273561686277	0.1810691338032484	0.1835148399695754	0.18365108221769333	0.18128918763250113	0.18295173905789852	0.1812434708699584	0.18286314886063337	0.18168270029127598	0.182773576118052	0.1820418694987893	0.18227527663111687	0.18306513037532568	0.18153690081089735	0.18210951425135136	0.18224575649946928	0.1821256959810853	0.18036597967147827	0.18276881240308285	0.18103956896811724	0.18386446684598923
1.0	1.0	1.0	1.0	1.0	1.0	1.0	1.0	1.0	1.0	1.0	1.0	1.0	1.066849688688914	0.725099466741085	0.18852154910564423	0.18732390645891428	0.18536220863461494	0.18267447594553232	0.18466289527714252	0.18265448324382305	0.18244678527116776	0.1819666028022766	0.18414935190230608	0.1815111767500639	0.18132064305245876	0.18233815766870975	0.18109673354774714	0.18318133521825075	0.1815807269886136	0.18052889872342348	0.18270785175263882	0.18238010816276073	0.181827487424016	0.18021260295063257	0.18287742510437965	0.1839664103463292	0.1826525628566742	0.18319659400731325	0.1833852520212531	0.18119677156209946
1.0	1.0	1.0	1.0	1.0	1.0	1.0	1.0	1.0	1.0	1.0	1.0	1.2011890709400177	1.09422771135966	0.44444019719958305	0.18790126871317625	0.18434655480086803	0.1830870434641838	0.18257539067417383	0.1843151142820716	0.18372442852705717	0.181948515586555	0.18254776112735271	0.18245917093008757	0.18174747191369534	0.18209806643426418	0.1832794677466154	0.18239532224833965	0.18283266108483076	0.18192658759653568	0.18122155778110027	0.18212093226611614	0.18097956106066704	0.18135587964206934	0.1814663978293538	0.1818760922178626	0.18462954927235842	0.1819208711385727	0.1819666028022766	0.1806651409715414	0.1820475710555911
1.0	1.0	1.0	1.0	1.0	1.0	1.0	1.0	1.0	1.0	1.0	1.0	1.0	1.3904879093170166	0.18693423457443714	0.18827474396675825	0.1858033137395978	0.18335666973143816	0.18216285295784473	0.1851049531251192	0.18475054763257504	0.18270022980868816	0.1818093853071332	0.18224478885531425	0.18291459698230028	0.1837549014016986	0.1821771441027522	0.1832251762971282	0.1810233872383833	0.1804660176858306	0.18330617435276508	0.1817074418067932	0.18050128407776356	0.18089856300503016	0.18180843256413937	0.18029642943292856	0.1830508392304182	0.18198375217616558	0.181459728628397	0.18363391794264317	0.18250301200896502
1.0	1.0	1.0	1.0	1.0	1.0	1.0	1.0	1.0	1.0	1.0	1.0	1.1268537282943725	1.474756121635437	0.19047275185585022	0.18503443524241447	0.18301080912351608	0.18387210369110107	0.18167887441813946	0.18366915453225374	0.1832518531009555	0.18303654808551073	0.18224766198545694	0.180797572247684	0.18022687919437885	0.18136159610003233	0.18211427796632051	0.1821199944242835	0.1820352002978325	0.18245153408497572	0.18092142883688211	0.18225909490138292	0.18313657119870186	0.18348622787743807	0.18299173936247826	0.18262208998203278	0.18275071028620005	0.18309657089412212	0.18170267809182405	0.1826592618599534	0.18155690841376781
1.0	1.0	1.0	1.0	1.0	1.0	1.0	1.0	1.0	1.0	1.0	1.0	1.2056707739830017	0.1943456819280982	0.1892618155106902	0.18624160531908274	0.18540984578430653	0.18375966511666775	0.18085378408432007	0.18188369926065207	0.18088333401829004	0.18123011756688356	0.18213998712599277	0.18120534624904394	0.18233817256987095	0.18265545088797808	0.1816198043525219	0.18000298459082842	0.1816436229273677	0.18342237919569016	0.1818760922178626	0.18246965110301971	0.18273260816931725	0.1807823283597827	0.18133873026818037	0.18323662411421537	0.183333788998425	0.18046506494283676	0.1798791280016303	0.18123203795403242	0.18040218390524387
1.0	1.0	1.0	1.0	1.0	1.0	1.0	1.0	1.0	1.0	1.0	1.175829291343689	1.1510488271713257	0.19349202420562506	0.18689613975584507	0.18593197874724865	0.18267447594553232	0.1823305506259203	0.18347480986267328	0.1818093853071332	0.1817227005958557	0.18225052021443844	0.18205901887267828	0.18386924546211958	0.18211235757917166	0.18186275381594896	0.18217238038778305	0.18241056613624096	0.18261542078107595	0.18323754705488682	0.18168459087610245	0.1823429362848401	0.18112150486558676	0.18369009997695684	0.18405217211693525	0.18143495731055737	0.1797943338751793	0.18247439991682768	0.1823581801727414	0.18169030733406544	0.1816350482404232
1.0	1.0	1.0	1.0	1.0	1.0	1.0	1.0	1.0	1.0	1.0	1.3189024527867634	0.19632073305547237	0.19068997725844383	0.18674465361982584	0.18488868046551943	0.1823219759389758	0.18357197474688292	0.18042886070907116	0.1806651409715414	0.18159122206270695	0.18087664991617203	0.18388164602220058	0.18024117033928633	0.1823553368449211	0.18033168092370033	0.182315306738019	0.18245535995811224	0.18080330360680819	0.1813606582581997	0.1815083185210824	0.1825411068275571	0.18252395745366812	0.182490611448884	0.18069753423333168	0.1811405597254634	0.18205806612968445	0.18111769389361143	0.18236199114471674	0.1824839422479272	0.18174364604055882
1.0	1.0	1.0	1.0	1.0	1.0	1.0	1.0	1.0	1.0	1.0	1.2461890280246735	0.19817286543548107	0.18801086395978928	0.18392164632678032	0.18386924546211958	0.18355482537299395	0.18370346818119287	0.18409693613648415	0.18056700844317675	0.18313657119870186	0.18284979555755854	0.18021735176444054	0.18258780613541603	0.18145212158560753	0.18292220402508974	0.1814416265115142	0.1817674646154046	0.18198279943317175	0.1809509638696909	0.18172649666666985	0.182490611448884	0.18278596177697182	0.18375775963068008	0.18249154929071665	0.18111199233680964	0.18345575500279665	0.1821743007749319	0.18092333432286978	0.18271450605243444	0.18154549039900303
1.0	1.0	1.0	1.0	1.0	1.0	1.0	1.0	1.0	1.0	1.0	0.19717629626393318	0.19680567923933268	0.18743159621953964	0.18435895536094904	0.18340049590915442	0.1833518911153078	0.18330617435276508	0.1824029441922903	0.18306414783000946	0.18275927007198334	0.18078995030373335	0.18145497981458902	0.183147051371634	0.1821619151160121	0.181640749797225	0.18194562755525112	0.18206190690398216	0.1808699807152152	0.18236769270151854	0.1825353754684329	0.1827097423374653	0.1813939893618226	0.18274596147239208	0.18235343135893345	0.18167314305901527	0.18118819687515497	0.18218763917684555	0.1833547344431281	0.1824182029813528	0.18378921505063772
1.0	1.0	1.0	1.0	1.0	1.0	1.0	1.0	1.0	1.0	1.0	0.19990495219826698	0.19182945787906647	0.18740206118673086	0.18442182149738073	0.1831499096006155	0.18278789706528187	0.1824277602136135	0.18359674606472254	0.18260017689317465	0.18233912531286478	0.18332616705447435	0.18088236637413502	0.18294983357191086	0.18153691571205854	0.1818608334288001	0.18087857030332088	0.18231052812188864	0.18195324949920177	0.18217238038778305	0.1816140729933977	0.18369678407907486	0.18184655718505383	0.1808366347104311	0.1828850470483303	0.18226003274321556	0.18091763276606798	0.18322044238448143	0.1822133483365178	0.18070896714925766	0.18245153408497572
1.0	1.0	1.0	1.0	1.0	1.0	1.0	1.0	1.0	1.0	0.2169609572738409	0.19066331535577774	0.18625397607684135	0.18477814737707376	0.1836891770362854	0.18382923025637865	0.18422460369765759	0.18253061175346375	0.1826049257069826	0.18190372176468372	0.18075660429894924	0.18259444553405046	0.18359485547989607	0.18123870715498924	0.18236581701785326	0.18329377379268408	0.18294314946979284	0.1816226625815034	0.1815349953249097	0.18071754183620214	0.18288695253431797	0.18334525171667337	0.18211048189550638	0.18173984996974468	0.1819418165832758	0.18246393464505672	0.1831318223848939	0.18162074219435453	0.18395214900374413	0.1837005950510502	0.18238865304738283
1.0	1.0	1.0	1.0	1.0	1.0	1.0	1.0	1.0	0.23612256906926632	0.21867970563471317	0.18973057996481657	0.18683135323226452	0.18506684340536594	0.18362628109753132	0.18203994911164045	0.1822219379246235	0.183652987703681	0.18323376588523388	0.18196088634431362	0.18163314275443554	0.18194945342838764	0.18286599218845367	0.182677349075675	0.18080424144864082	0.18131776992231607	0.17937417421489954	0.181454012170434	0.18290791288018227	0.18199707567691803	0.18207427766174078	0.18112247250974178	0.18137493450194597	0.1811920078471303	0.1836500996723771	0.18464002944529057	0.18145879078656435	0.18473246041685343	0.18147594016045332	0.18282215110957623	0.18173318076878786
1.0	1.0	1.0	1.0	1.0	1.0	1.0	1.0	1.0	0.23679141700267792	0.20867304597049952	0.1909453421831131	0.18467907700687647	0.18438561726361513	0.18184750992804766	0.18305846117436886	0.1839721417054534	0.18287458177655935	0.18354054912924767	0.18152548279613256	0.18251824099570513	0.1829145820811391	0.1811920078471303	0.18484105821698904	0.18043267168104649	0.18167315796017647	0.18257634341716766	0.18197994120419025	0.18004681076854467	0.182128569111228	0.18137969821691513	0.18392830062657595	0.18439801782369614	0.18194943852722645	0.1824210463091731	0.18328711949288845	0.1830899016931653	0.18228291347622871	0.18459809385240078	0.18215810414403677	0.18471148516982794
1.0	1.0	1.0	1.0	1.0	1.0	1.0	1.0	1.0	0.2287063729017973	0.2017065891996026	0.18943712022155523	0.18722958490252495	0.18179225083440542	0.18240200635045767	0.1823724564164877	0.18237723503261805	0.18429323099553585	0.18192943092435598	0.1828821888193488	0.18187799770385027	0.18176843225955963	0.18144449964165688	0.18044029362499714	0.18222859222441912	0.1813844619318843	0.18070229794830084	0.18133301381021738	0.18318135011941195	0.18238679226487875	0.18315753154456615	0.1824505813419819	0.18238009326159954	0.18298508506268263	0.18236769270151854	0.18126822728663683	0.18107007164508104	0.18046220671385527	0.18148260936141014	0.182117136195302	0.1814873581752181
1.0	1.0	1.0	1.0	1.0	1.0	1.0	1.0	0.3152327947318554	0.21495448052883148	0.20066333562135696	0.1891074711456895	0.1859567053616047	0.18383491691201925	0.1832280196249485	0.18201327230781317	0.18272692151367664	0.18319946713745594	0.183707264252007	0.18118057493120432	0.18032215349376202	0.181749377399683	0.18224193062633276	0.1834928970783949	0.1826192168518901	0.18189608491957188	0.1824391484260559	0.18238579481840134	0.18245917093008757	0.18002205435186625	0.18080139812082052	0.18242965079843998	0.18257064186036587	0.18198089394718409	0.18203805852681398	0.1814120914787054	0.18206948414444923	0.18157215230166912	0.18107674084603786	0.18105195462703705	0.18168744910508394
1.0	1.0	1.0	1.0	1.0	1.0	1.0	1.0	0.2613322604447603	0.20267171785235405	0.1960320519283414	0.18600149918347597	0.18411218002438545	0.18670560605823994	0.18372631911188364	0.18315564095973969	0.18175317347049713	0.18015542346984148	0.18238295149058104	0.18138255644589663	0.18322708178311586	0.18136350158602	0.18338431417942047	0.1839387807995081	0.1823457796126604	0.18275642674416304	0.18334142584353685	0.18178939260542393	0.18201995640993118	0.1821676315739751	0.1803459720686078	0.18210856150835752	0.18299558013677597	0.18063084222376347	0.1836472563445568	0.18169124517589808	0.18075374606996775	0.18132348638027906	0.18212950695306063	0.1809119014069438	0.18270307313650846
1.0	1.0	1.0	1.0	1.0	1.0	1.0	0.3543219342827797	0.2507014647126198	0.2127384003251791	0.19245543982833624	0.18748492002487183	0.18521261308342218	0.18734966032207012	0.18116153497248888	0.18266019970178604	0.18149116914719343	0.182128569111228	0.18073850218206644	0.18015351798385382	0.18061751872301102	0.18133873026818037	0.18116342555731535	0.18197135161608458	0.18203426245599985	0.1815864434465766	0.18144353199750185	0.18135111592710018	0.1838844744488597	0.18272308073937893	0.18088903557509184	0.1803640741854906	0.1827107099816203	0.18203043658286333	0.18278786726295948	0.18192754033952951	0.18167887441813946	0.18058511056005955	0.1810109866783023	0.18152451515197754	0.18218763917684555
1.0	1.0	1.0	1.0	1.0	1.0	1.0	0.340518593788147	0.25462304428219795	0.21262216567993164	0.19212102703750134	0.18688851781189442	0.18545940332114697	0.18636544700711966	0.18343193642795086	0.18073183298110962	0.18149880599230528	0.18192752543836832	0.18076803721487522	0.18202756345272064	0.18170172534883022	0.18186751753091812	0.18134063575416803	0.18164741899818182	0.18170172534883022	0.18368538096547127	0.18158549070358276	0.18274785205721855	0.18331759236752987	0.18213714379817247	0.18308227974921465	0.18270593136548996	0.18053175695240498	0.1807613680139184	0.18326615914702415	0.1819513440132141	0.18188847787678242	0.18046697042882442	0.1828431412577629	0.1812520306557417	0.18267639633268118
1.0	1.0	1.0	1.0	1.0	1.0	1.210610032081604	0.3126870356500149	0.23116254433989525	0.20782224647700787	0.19153507519513369	0.1889188578352332	0.18518118746578693	0.18584903050214052	0.18446182180196047	0.18157978914678097	0.18151498772203922	0.18240962829440832	0.1827040109783411	0.18194945342838764	0.18243819568306208	0.18191228155046701	0.18220478855073452	0.18309657089412212	0.18163122236728668	0.18151689320802689	0.18027451634407043	0.1822400400415063	0.1798095777630806	0.1820294838398695	0.18182367645204067	0.18373203556984663	0.18325186800211668	0.18289171624928713	0.18191799800843	0.18210378289222717	0.1813549418002367	0.18287933059036732	0.18125679437071085	0.18144639022648335	0.18104623816907406
1.0	1.0	1.0	1.0	1.0	1.0	1.0	0.28958682902157307	0.2267761155962944	0.20581386424601078	0.20723345130681992	0.18699521012604237	0.18720198515802622	0.1870838450267911	0.18408169224858284	0.18517925217747688	0.1825268156826496	0.182670664973557	0.18359201215207577	0.18045267928391695	0.18236199114471674	0.1815654980018735	0.18439326900988817	0.18065180256962776	0.18541367165744305	0.18057653587311506	0.1814120914787054	0.18288695253431797	0.18174270819872618	0.18024402856826782	0.18139495700597763	0.18175699934363365	0.1816683942452073	0.18080233596265316	0.18211235757917166	0.1827430883422494	0.179399898275733	0.18270497862249613	0.18179318867623806	0.18266113754361868	0.1833671499043703
1.0	1.0	1.0	1.0	1.0	1.0	0.951676994562149	0.27952395752072334	0.22289464063942432	0.2061339858919382	0.20115114003419876	0.1873639365658164	0.18641689512878656	0.18608152959495783	0.18490962591022253	0.18463523592799902	0.1818217858672142	0.18181414902210236	0.18072135280817747	0.18301366735249758	0.18375015258789062	0.18095286935567856	0.1833214182406664	0.18227241840213537	0.18195612262934446	0.1837768442928791	0.18020782433450222	0.18252872116863728	0.18183892033994198	0.1811920078471303	0.18188276141881943	0.18394545000046492	0.18422369565814734	0.18172365333884954	0.18204661831259727	0.18302225694060326	0.18242485728114843	0.18213238008320332	0.1803612159565091	0.18219335563480854	0.1817674795165658
1.0	1.0	1.0	1.0	1.0	1.0	0.6719744876027107	0.2625784706324339	0.24608254432678223	0.20930852554738522	0.20207148976624012	0.18762786127626896	0.18770309817045927	0.1869266126304865	0.18609488289803267	0.18646742030978203	0.18577093537896872	0.18292314186692238	0.18306605331599712	0.18230292107909918	0.18309750873595476	0.18233150336891413	0.18177222833037376	0.18379875738173723	0.18409314006567	0.18247060384601355	0.184014062397182	0.1810691189020872	0.18203137442469597	0.18014208506792784	0.18176938500255346	0.1812072517350316	0.18401501514017582	0.18456379510462284	0.183261395432055	0.18249726574867964	0.18105004914104939	0.18201613053679466	0.18209522310644388	0.17948278691619635	0.1812253687530756
1.0	1.0	1.0	1.0	1.0	1.0	0.5799012258648872	0.2605281453579664	0.24897513911128044	0.20582529716193676	0.20120163541287184	0.18833673186600208	0.18410362023860216	0.18640641495585442	0.183430016040802	0.18549463991075754	0.18605101201683283	0.18413123488426208	0.18325947504490614	0.18242296669632196	0.1813158644363284	0.18325375858694315	0.18359769880771637	0.1835596039891243	0.18263923935592175	0.1825201464816928	0.18158931657671928	0.18346815556287766	0.18311753123998642	0.18378729466348886	0.18058892153203487	0.18373013008385897	0.1825411068275571	0.1814692560583353	0.18159217480570078	0.18225148785859346	0.1821981193497777	0.18474383372813463	0.18021736666560173	0.1820380436256528	0.1821676166728139
1.0	1.0	1.0	1.0	1.0	1.0	0.5232244208455086	0.25369117222726345	0.24540035799145699	0.20387026853859425	0.20176851749420166	0.19643982592970133	0.18629589676856995	0.1852373844012618	0.18670084234327078	0.18522977735847235	0.1867799051105976	0.1835148250684142	0.18175317347049713	0.180888082832098	0.1831918451935053	0.18146260175853968	0.1815349953249097	0.1828488577157259	0.1819084705784917	0.1819389583542943	0.18258302751928568	0.18275642674416304	0.18356721103191376	0.18309083953499794	0.18368154019117355	0.18134827259927988	0.18237342406064272	0.18064036965370178	0.1831804122775793	0.18235913291573524	0.18107959907501936	0.18205519299954176	0.1822610003873706	0.18166077230125666	0.18413982447236776
1.0	1.0	1.0	1.0	1.0	1.0	0.44231748580932617	0.32862452045083046	0.2445791158825159	0.20480395667254925	0.2039198111742735	0.1977307926863432	0.18571089766919613	0.18614536337554455	0.1860386561602354	0.18494390975683928	0.1850982690230012	0.18477243091911077	0.18367582373321056	0.18263064976781607	0.18360817898064852	0.18274405598640442	0.1824363199993968	0.18357581552118063	0.18068800680339336	0.1834090705960989	0.1816645683720708	0.18383877258747816	0.18291553482413292	0.18180843256413937	0.18169411830604076	0.18109387531876564	0.18399405479431152	0.18146544508635998	0.18298224173486233	0.18315370567142963	0.18220385070890188	0.18211141973733902	0.1830260381102562	0.18118343316018581	0.18174745701253414
1.0	1.0	1.0	1.0	1.0	1.0	1.0	0.32787375897169113	0.2441427819430828	0.23235728405416012	0.19859969429671764	0.1999478256329894	0.1983367372304201	0.18547271192073822	0.18472669925540686	0.18387780524790287	0.18635307624936104	0.1852107373997569	0.18680847249925137	0.1809300184249878	0.18377303332090378	0.18184749502688646	0.18238865304738283	0.1800925573334098	0.18381968792527914	0.1817341186106205	0.18051365483552217	0.18111578840762377	0.18080138321965933	0.18256398756057024	0.18196469731628895	0.18317660130560398	0.18313658609986305	0.1815931275486946	0.1821437980979681	0.18337667733430862	0.1832404201850295	0.1813244540244341	0.1842493899166584	0.18282407149672508	0.18415508326143026
1.0	1.0	1.0	1.0	1.0	1.0	1.0	0.3255604989826679	0.23992782458662987	0.23072047159075737	0.20201623067259789	0.1957042934373021	0.2002517506480217	0.1850897092372179	0.18461808655411005	0.18504399247467518	0.18490201886743307	0.1854145945981145	0.18719434831291437	0.1815893016755581	0.1821676315739751	0.18190848547965288	0.18092047609388828	0.18191039096564054	0.18249157909303904	0.18187704496085644	0.18388256896287203	0.18191324919462204	0.18245439231395721	0.18138638231903315	0.18159215990453959	0.18260875158011913	0.18140162620693445	0.18056986667215824	0.1826382866129279	0.18052889872342348	0.182677349075675	0.18244583252817392	0.18234388902783394	0.18026879988610744	0.18223527632653713
1.0	1.0	1.0	1.0	1.0	1.0	1.0	0.3262350410223007	0.24283938482403755	0.2330375872552395	0.20050899125635624	0.19986588973551989	0.19888646993786097	0.187947953119874	0.18293648026883602	0.18542031105607748	0.1855956157669425	0.18547272682189941	0.18497727066278458	0.18484674487262964	0.18145020119845867	0.1813063370063901	0.18249156419187784	0.1794094257056713	0.18342812545597553	0.18322992511093616	0.1813368247821927	0.1807794701308012	0.18185321148484945	0.1832223031669855	0.18333474174141884	0.18145783804357052	0.18302511516958475	0.18284503184258938	0.18240772280842066	0.18421415332704782	0.1837253961712122	0.18265162501484156	0.18248872086405754	0.18548704776912928	0.18192180898040533
1.0	1.0	1.0	1.0	1.0	1.0	1.0	0.3104919157922268	0.24214390479028225	0.22970103658735752	0.20309283025562763	0.19650080148130655	0.19540705252438784	0.1976831555366516	0.18676370847970247	0.18688564468175173	0.183796807192266	0.18384352140128613	0.18597101140767336	0.18594338186085224	0.18178939260542393	0.18392926827073097	0.18291267659515142	0.1813063370063901	0.18583573680371046	0.1810081284493208	0.18016018718481064	0.18199135921895504	0.18151022400707006	0.1815711995586753	0.18129872996360064	0.1814721142873168	0.18177414871752262	0.1813425412401557	0.182014225050807	0.18182081822305918	0.18266115244477987	0.1823248192667961	0.18204185459762812	0.1818246291950345	0.18067752663046122
1.0	1.0	1.0	1.0	1.0	1.0	1.0	0.31631889194250107	0.31779754906892776	0.22689425572752953	0.22774410247802734	0.1976078888401389	0.19671516865491867	0.1969028441235423	0.18677895236760378	0.18430560175329447	0.18480577692389488	0.1841674391180277	0.18416650127619505	0.18574521131813526	0.1849353350698948	0.18386160861700773	0.18417794909328222	0.18171982746571302	0.18190465960651636	0.18293744791299105	0.1823457945138216	0.18197423964738846	0.18372444342821836	0.1822705278173089	0.18040980584919453	0.18310894165188074	0.18369965720921755	0.1810357579961419	0.18159215990453959	0.18060511816293	0.18192944582551718	0.18424178287386894	0.18134827259927988	0.1811586618423462	0.18109387531876564
