1.0	2.0	1.0	2.0	1.0	2.0	1.0	1.0	1.0	2.0	1.0	1.0	1.0	2.0	1.0	2.0	1.0	1.0	1.0	2.0	3.953e-321	0.33306049183011055	0.33001552522182465	0.330556683242321	0.330743420869112	0.32975637912750244	0.32954296469688416	0.32914281263947487	0.3307015001773834	0.3299926593899727	0.33205820620059967	0.3304537869989872	0.32716110721230507	0.32830820977687836	0.32787375897169113	0.33162756636738777	0.32892558723688126	0.3327060714364052	0.32671522349119186	0.33209631592035294	0.23280010748885652
1.0	1.0	1.0	1.0	1.0	1.0	2.0	1.0	1.0	1.0	2.0	1.0	2.0	1.0	1.0	1.0	1.0	1.0	1.0	1.0	0.20575866475701332	0.3305947929620743	0.3295315317809582	0.32713061943650246	0.33079296350479126	0.33100637793540955	0.32669616863131523	0.328689306974411	0.3303280249238014	0.3272525705397129	0.32927238568663597	0.3325612545013428	0.3286054655909538	0.33000028133392334	0.4535292461514473	0.32994692772626877	0.3282243683934212	0.3306252807378769	0.3300803117454052	0.3276108019053936	0.21121162748805453
1.0	2.0	1.0	2.0	1.0	2.0	1.0	2.0	1.0	2.0	1.0	1.0	1.0	2.0	1.0	1.0	1.0	2.0	1.0	1.0	0.20566339045763016	0.33155134692788124	0.3307700976729393	0.3287312276661396	0.3281672038137913	0.3291008919477463	0.3311854936182499	0.32918092235922813	0.33198198676109314	0.3308425061404705	0.3280261978507042	0.3281443379819393	0.32918092235922813	0.329062782227993	0.3294667452573776	0.3283691853284836	0.3271915949881077	0.3276412896811962	0.32903991639614105	0.4571039378643036	0.23842262595337094
1.0	1.0	2.0	1.0	1.0	1.0	2.0	1.0	2.0	1.0	1.0	1.0	2.0	1.0	2.0	1.0	2.0	1.0	2.0	0.33381887525320053	0.20782802253961563	0.3318905234336853	0.32910851389169693	0.3299240618944168	0.33088061586022377	0.3301641531288624	0.3276984542608261	0.3305947929620743	0.3263493701815605	0.331326499581337	0.3318790905177593	0.33008793368935585	0.3306976892054081	0.32938290387392044	0.3278851918876171	0.3291351906955242	0.3292457088828087	0.3299088180065155	0.32870836183428764	0.3281252831220627	0.2582866252706755
1.0	1.0	1.0	1.0	1.0	2.0	1.0	1.0	1.0	1.0	1.0	2.0	1.0	2.0	1.0	1.0	1.0	2.0	1.0	0.45915042981505394	0.3329690285027027	0.3286588191986084	0.32716110721230507	0.32919616624712944	0.33023275062441826	0.33139509707689285	0.3312159813940525	0.32886842265725136	0.33001552522182465	0.32975637912750244	0.33129601180553436	0.33131125569343567	0.32981354370713234	0.3315627798438072	0.32829296588897705	0.32962680608034134	0.3292876295745373	0.3311435729265213	0.32889891043305397	0.3284034840762615	0.22038295937708452
1.0	1.0	1.0	1.0	2.0	1.0	2.0	1.0	2.0	1.0	1.0	1.0	2.0	1.0	2.0	1.0	2.0	1.0	0.4616008847951889	0.33297283947467804	0.3315284810960293	0.3301374763250351	0.3290170505642891	0.32875409349799156	0.3321496695280075	0.32998884841799736	0.33133412152528763	0.3281824477016926	0.3277708627283573	0.3279118686914444	0.33071674406528473	0.33000028133392334	0.326623760163784	0.3307243660092354	0.33043473213911057	0.32905516028404236	0.3275498263537884	0.3260711692273617	0.3308425061404705	0.3283425085246563	0.22045887787135932
1.0	1.0	1.0	2.0	1.0	2.0	1.0	1.0	1.0	2.0	2.0	1.0	1.0	2.0	1.0	1.0	1.0	1.0	0.3360406719148159	0.4586588144302368	0.3294934220612049	0.3302822932600975	0.3281672038137913	0.3283844292163849	0.3292304649949074	0.32925714179873466	0.3284111060202122	0.32865500822663307	0.3301527202129364	0.32744311913847923	0.33017177507281303	0.3283005878329277	0.32757650315761566	0.32968397065997124	0.33004220202565193	0.32902467250823975	0.3310139998793602	0.3286702521145344	0.33077771961688995	0.33280134573578835	0.22015453341924757
1.0	1.0	2.0	1.0	2.0	1.0	2.0	1.0	1.0	1.0	1.0	1.0	1.0	1.0	1.0	1.0	1.0	0.33362070471048355	0.33288518711924553	0.3329385407269001	0.33076247572898865	0.33009936660528183	0.32977162301540375	0.3289865627884865	0.3274393081665039	0.33066339045763016	0.3295925073325634	0.3305871710181236	0.32800714299082756	0.3309454023838043	0.32886461168527603	0.3296954035758972	0.32872360572218895	0.33017177507281303	0.3293181173503399	0.3290208615362644	0.3281100392341614	0.3297792449593544	0.33050332963466644	0.33133412152528763	0.22374285525696605
1.0	1.0	1.0	2.0	1.0	2.0	1.0	2.0	1.0	2.0	1.0	1.0	1.0	1.0	1.0	1.0	1.0	0.6123356401920319	0.33331963792443275	0.45582345128059387	0.33187146857380867	0.3288722336292267	0.3295200988650322	0.3298630863428116	0.3296077512204647	0.3305986039340496	0.3291199468076229	0.3286473862826824	0.3277365639805794	0.32913900166749954	0.3295925073325634	0.330392811447382	0.33092253655195236	0.33103305473923683	0.329074215143919	0.3309454023838043	0.3304232992231846	0.33077771961688995	0.3288493677973747	0.3260292485356331	0.20430287346243858
1.0	1.0	1.0	1.0	2.0	1.0	2.0	1.0	2.0	1.0	2.0	1.0	2.0	1.0	2.0	1.0	1.0	0.33541567251086235	0.33032040297985077	0.3303089700639248	0.45625028014183044	0.3298402205109596	0.33007650077342987	0.32994692772626877	0.3311969265341759	0.3286588191986084	0.32872360572218895	0.32813671603798866	0.33165424317121506	0.33183716982603073	0.32991643995046616	0.3307700976729393	0.3284987583756447	0.32965729385614395	0.3294629342854023	0.3286054655909538	0.3289293982088566	0.3291885443031788	0.32928381860256195	0.33066339045763016	0.20682573691010475
1.0	1.0	1.0	1.0	1.0	1.0	1.0	2.0	1.0	2.0	1.0	2.0	1.0	1.0	1.0	1.0	1.2087502777576447	0.46110545843839645	0.33007268980145454	0.45543092116713524	0.3319629319012165	0.33025942742824554	0.3286283314228058	0.33081964030861855	0.3280452527105808	0.3268371745944023	0.32923808693885803	0.32768702134490013	0.3302136957645416	0.32907040417194366	0.5799469277262688	0.32747360691428185	0.3288188800215721	0.3290056176483631	0.3285406790673733	0.32636842504143715	0.3284454047679901	0.3298821412026882	0.32847970351576805	0.3312007375061512	0.20517177507281303
2.0	1.0	2.0	1.0	1.0	1.0	2.0	1.0	1.0	1.0	1.0	1.0	2.0	1.0	2.0	1.0	1.2113417387008667	0.33112451806664467	0.4562883898615837	0.33136842027306557	0.3301641531288624	0.3307281769812107	0.33099113404750824	0.3286740630865097	0.33413518592715263	0.3286321423947811	0.3285444900393486	0.33114738389849663	0.3293447941541672	0.32731354609131813	0.32939814776182175	0.3275269605219364	0.3298516534268856	0.3294667452573776	0.3286168985068798	0.32727543637156487	0.32721446081995964	0.3287045508623123	0.32895226404070854	0.3293752819299698	0.20616262778639793
1.0	1.0	1.0	2.0	1.0	2.0	1.0	2.0	1.0	1.0	1.0	2.0	1.0	2.0	1.0	2.0	0.3304995186626911	0.3327251262962818	0.3270925097167492	0.3282015025615692	0.3291313797235489	0.329996470361948	0.3310749754309654	0.32939814776182175	0.3298364095389843	0.32695531472563744	0.3297068364918232	0.32882269099354744	0.3319362550973892	0.32924189791083336	0.3302975371479988	0.33060241490602493	0.32831964269280434	0.3299621716141701	0.3311702497303486	0.329249519854784	0.32869692891836166	0.3278547041118145	0.3298821412026882	0.330381378531456	0.2052098847925663
1.0	1.0	1.0	1.0	2.0	1.0	1.0	1.0	1.0	1.0	1.0	1.0	1.0	1.0	2.0	1.0	0.3341771066188812	0.3285864107310772	0.4548402205109596	0.3298364095389843	0.3295772634446621	0.33149799332022667	0.32995836064219475	0.328514002263546	0.3289713189005852	0.32831964269280434	0.3295886963605881	0.3290932700037956	0.33001552522182465	0.3297525681555271	0.3311588168144226	0.3291199468076229	0.3299774155020714	0.330754853785038	0.33001552522182465	0.32882269099354744	0.33146750554442406	0.3282853439450264	0.3274850398302078	0.33090348169207573	0.2001260481774807
1.0	2.0	1.0	2.0	1.0	1.0	1.0	1.0	1.0	2.0	1.0	1.0	1.0	1.0	1.0	0.5460622658332189	0.3343295454978943	0.4552098847925663	0.33120835945010185	0.4552403725683689	0.32862452045083046	0.3317190296947956	0.3291771113872528	0.3292228430509567	0.32730211317539215	0.32977162301540375	0.33050714060664177	0.32685622945427895	0.3287998251616955	0.3298630863428116	0.3320353403687477	0.3291504345834255	0.33408183231949806	0.3287312276661396	0.32914281263947487	0.32885317876935005	0.3271191865205765	0.3308120183646679	0.3289446420967579	0.3288455568253994	0.20450104400515556
1.0	1.0	2.0	1.0	1.0	1.0	2.0	1.0	1.0	1.0	1.0	1.0	2.0	1.0	2.0	1.0	0.4566618651151657	0.32894083112478256	0.4544896110892296	0.332610797137022	0.33134936541318893	0.3286588191986084	0.33000409230589867	0.32661232724785805	0.33105210959911346	0.3257739134132862	0.33096445724368095	0.3308005854487419	0.33046140894293785	0.32902467250823975	0.3295886963605881	0.33059098199009895	0.32833869755268097	0.33066339045763016	0.32912756875157356	0.3282739110291004	0.33080820739269257	0.329809732735157	0.32972589135169983	0.33208488300442696	0.20323199033737183
1.0	1.0	1.0	1.0	1.0	1.0	1.0	1.0	1.0	1.0	1.0	1.0	1.0	1.0	1.0	2.0	1.0	0.45614738389849663	0.3292075991630554	0.32912375777959824	0.3298059217631817	0.33083488419651985	0.33106354251503944	0.3316161334514618	0.33251171186566353	0.3308996707201004	0.32927238568663597	0.32985927537083626	0.3296611048281193	0.32982878759503365	0.32916567847132683	0.3295200988650322	0.3295239098370075	0.32908183708786964	0.3292876295745373	0.3308539390563965	0.32623885199427605	0.3306138478219509	0.3288341239094734	0.3304690308868885	0.20382650196552277
1.0	1.0	1.0	1.0	1.0	1.0	2.0	1.0	2.0	1.0	2.0	1.0	1.0	1.0	2.0	1.0	1.0	1.0	0.33073579892516136	0.32718397304415703	0.3280452527105808	0.32991643995046616	0.3299621716141701	0.3279118686914444	0.32807574048638344	0.3300269581377506	0.3279880881309509	0.33053381741046906	0.3295810744166374	0.32961156219244003	0.3288341239094734	0.32907040417194366	0.32862452045083046	0.32895226404070854	0.3295048549771309	0.32881125807762146	0.33110927417874336	0.33178381621837616	0.3296649158000946	0.3288493677973747	0.20486308634281158
1.0	1.0	1.0	2.0	1.0	1.0	1.0	2.0	1.0	2.0	1.0	2.0	1.0	2.0	1.0	1.0	1.0	2.0	1.0	0.33089204877614975	0.3297906778752804	0.33174189552664757	0.32684098556637764	0.3284149169921875	0.32974113523960114	0.32758793607354164	0.3290170505642891	0.3311893045902252	0.3282434232532978	0.328700739890337	0.3302403725683689	0.3310711644589901	0.32809098437428474	0.329074215143919	0.3293219283223152	0.32972589135169983	0.32770607620477676	0.3282281793653965	0.3294057697057724	0.3304271101951599	0.20081964507699013
1.0	1.0	1.0	1.0	1.0	1.0	2.0	1.0	2.0	1.0	1.0	1.0	1.0	1.0	2.0	1.0	1.0	1.0	2.0	1.0	0.33023275062441826	0.33024418354034424	0.3291008919477463	0.3296763487160206	0.32905516028404236	0.33013366535305977	0.3323173522949219	0.3298249766230583	0.3282129354774952	0.3289484530687332	0.32783564925193787	0.3267761990427971	0.33043473213911057	0.3305719271302223	0.32880744710564613	0.3299697935581207	0.3294743672013283	0.3302136957645416	0.3313607983291149	0.3301984518766403	0.2053547017276287
1.0	2.0	1.0	2.0	1.0	1.0	1.0	2.0	1.0	1.0	1.0	1.0	1.0	2.0	1.0	2.0	1.0	1.0	1.0	1.0	1.0	0.32853686809539795	0.327382143586874	0.45445912331342697	0.33179524913430214	0.3289027214050293	0.32824723422527313	0.3308120183646679	0.32676857709884644	0.3301222324371338	0.3298821412026882	0.32963061705231667	0.32881125807762146	0.33057573810219765	0.330183207988739	0.32939814776182175	0.3282167464494705	0.330392811447382	0.328140527009964	0.33007268980145454	0.20251933857798576
1.0	1.0	1.0	1.0	1.0	1.0	1.0	1.0	2.0	1.0	2.0	1.0	2.0	1.0	2.0	1.0	2.0	1.0	2.0	0.0	1.0	0.6941086426377296	0.32958488538861275	0.3269934244453907	0.3304232992231846	0.33118168264627457	0.3299697935581207	0.3301793970167637	0.32988976314663887	0.32919997721910477	0.32992787286639214	0.33062146976590157	0.3283577524125576	0.33026323840022087	0.32702772319316864	0.33144082874059677	0.32954296469688416	0.32716110721230507	0.3295658305287361	0.32988976314663887	0.2026412896811962
1.0	2.0	1.0	1.0	1.0	1.0	1.0	1.0	1.0	2.0	1.0	1.0	1.0	2.0	1.0	2.0	1.0	2.0	1.0	3.5657e-320	1.0	0.745907373726368	0.668133057653904	0.3289865627884865	0.3288417458534241	0.3276717774569988	0.3305947929620743	0.33139509707689285	0.32691720500588417	0.32894083112478256	0.3305947929620743	0.3315780237317085	0.3260559253394604	0.33004220202565193	0.32862070947885513	0.33264128491282463	0.32682574167847633	0.32863976433873177	0.32786232605576515	0.3313874751329422	0.20320912450551987
2.0	1.0	2.0	1.0	1.0	1.0	1.0	1.0	1.0	1.0	2.0	1.0	1.0	1.0	1.0	1.0	2.0	1.0	1.0	2.2954361e-316	1.0	0.8591770827770233	0.6849013343453407	0.6618449538946152	0.32844921573996544	0.33148274943232536	0.3276222348213196	0.32594921812415123	0.32713061943650246	0.33094921335577965	0.3312617130577564	0.32747741788625717	0.32899799570441246	0.328689306974411	0.32750028371810913	0.32800714299082756	0.33028991520404816	0.33122360333800316	0.33179524913430214	0.32745836302638054	0.20472970232367516
1.0	1.0	1.0	2.0	1.0	1.0	1.0	1.0	1.0	2.0	1.0	1.0	1.0	1.0	1.0	2.0	1.0	2.0	1.0	1.156061234405e-310	1.0	0.8784148693084717	0.7261817827820778	0.672043114900589	0.6664867177605629	0.45557573810219765	0.3290589712560177	0.3303966224193573	0.32813671603798866	0.32887985557317734	0.32737071067094803	0.3291733004152775	0.32829296588897705	0.3272944912314415	0.3297487571835518	0.3286473862826824	0.33065957948565483	0.32967253774404526	0.32815195992588997	0.32826247811317444	0.20538900047540665
1.0	1.0	1.0	1.0	1.0	2.0	2.0	1.0	1.0	1.0	1.0	1.0	2.0	1.0	2.0	1.0	2.0	1.0	1.0	0.0	1.0	0.8353966176509857	0.7392915263772011	0.6778739020228386	0.6750614047050476	0.6727595776319504	0.32983259856700897	0.3293333612382412	0.33056430518627167	0.3265475407242775	0.3322906754910946	0.32901323959231377	0.3324659802019596	0.33038900047540665	0.3291351906955242	0.3298478424549103	0.3304232992231846	0.32771750912070274	0.32738595455884933	0.30664640693018935	0.20369692891836166
1.0	1.0	1.0	1.0	1.0	1.0	1.0	1.0	1.0	1.0	1.0	2.0	1.0	1.0	1.0	2.0	1.0	2.0	2.0	0.0	1.0	0.8393142968416214	0.7255415394902229	0.6912732794880867	0.6694897636771202	0.6540324613451958	0.6592382490634918	0.3310139998793602	0.33099113404750824	0.3295467756688595	0.3264941871166229	0.3306252807378769	0.32826247811317444	0.32844921573996544	0.3302708603441715	0.3299050070345402	0.3289713189005852	0.3302708603441715	0.3287464715540409	0.205194640904665	0.2074088156223297
2.0	1.0	2.0	1.0	2.0	1.0	1.0	1.0	2.0	1.0	2.0	1.0	1.0	1.0	2.0	1.0	2.0	1.0	1.0	2.37e-322	2.0	0.8313417434692383	0.7623936384916306	0.703986681997776	0.6609684303402901	0.6647031828761101	0.6609379127621651	0.6581559032201767	0.3308882378041744	0.33025942742824554	0.3295963183045387	0.3287998251616955	0.3306824453175068	0.3260902240872383	0.33280515670776367	0.32860927656292915	0.3263760469853878	0.3275955580174923	0.32863976433873177	0.20594921335577965	0.20626552402973175
1.0	1.0	1.0	2.0	1.0	2.0	1.0	1.0	1.0	1.0	1.0	1.0	1.0	1.0	1.0	1.0	1.0	1.0	1.0	3.233e-320	1.0	0.8309606462717056	0.7427518889307976	0.7218525186181068	0.6780720427632332	0.674261100590229	0.6509684398770332	0.6559607833623886	0.6492458507418633	0.3290894590318203	0.32889509946107864	0.3293371722102165	0.32971445843577385	0.3315170481801033	0.3291313797235489	0.3283729963004589	0.3293600380420685	0.45524799451231956	0.3306252807378769	0.20456964150071144	0.20323199033737183
1.0	1.0	2.0	1.0	2.0	1.0	2.0	1.0	2.0	1.0	2.0	1.0	1.0	1.0	2.0	1.0	1.0	1.0	2.0	4.6797487e-316	1.0	0.7942686080932617	0.7361055538058281	0.7433540225028992	0.8027214631438255	0.9346726760268211	0.6681482717394829	0.6528586819767952	0.6504120379686356	0.6577824279665947	0.3315704017877579	0.33144082874059677	0.4547792449593544	0.32971445843577385	0.3307586647570133	0.33114738389849663	0.3292457088828087	0.33050714060664177	0.32764510065317154	0.25855757019170944	0.20317863672971725
1.0	2.0	1.0	2.0	1.0	2.0	1.0	1.0	1.0	2.0	1.0	1.0	1.0	1.0	1.0	2.0	1.0	2.0	1.0	1.00351357e-315	1.0	0.8057472556829453	0.7843143492937088	0.7089257016777992	0.6797336563467979	0.6586437076330185	0.6629043743014336	0.6679882407188416	0.6642534881830215	0.6574394404888153	0.6553053259849548	0.3299050070345402	0.32947055622935295	0.32875409349799156	0.33253076672554016	0.3294781781733036	0.3292800076305866	0.3271382413804531	0.5784949474036694	0.2696490438712008	0.20412756875157356
1.0	1.0	1.0	1.0	2.0	1.0	2.0	1.0	2.0	1.0	1.0	1.0	2.0	1.0	1.0	1.0	2.0	1.0	2.0	3.2253e-320	1.0	0.8231862634420395	0.7799393534660339	0.7346878722310066	0.6762275621294975	0.6479653641581535	0.6674089431762695	0.6585903540253639	0.6542991697788239	0.6499089598655701	0.6716391518712044	0.6551223695278168	0.3280719295144081	0.32957345247268677	0.3304652199149132	0.32711537554860115	0.3298668973147869	0.33013366535305977	0.3301374763250351	0.26265422704717867	0.20265653356909752
1.0	2.0	1.0	2.0	1.0	2.0	1.0	2.0	1.0	1.0	1.0	2.0	1.0	1.0	1.0	1.0	1.0	2.0	1.0	0.0	1.0	0.9789025783538818	0.7639790028333664	0.7509531006217003	0.7446878626942635	0.6491696015000343	0.6749623194336891	0.6399165615439415	0.6543144136667252	0.6451909765601158	0.6507930755615234	0.6648555919528008	0.6659226641058922	0.3305261954665184	0.3279004357755184	0.33028610423207283	0.3286588191986084	0.32817863672971725	0.3307281769812107	0.21563705264818284	0.20202772319316864
1.0	1.0	1.0	1.0	1.0	1.0	2.0	1.0	2.0	1.0	1.0	1.0	2.0	1.0	1.0	1.0	2.0	1.0	2.0	0.0	1.0	0.9832470864057541	0.7346954941749573	0.7474165186285973	0.6994516253471375	0.6691086664795876	0.6644364148378372	0.6561208441853523	0.6416010111570358	0.6640858054161072	0.6715400367975235	0.6646650731563568	0.6514866724610329	0.6298097744584084	0.33341872319579124	0.3301984518766403	0.33197055384516716	0.33286232128739357	0.3299354948103428	0.22994916230661602	0.20465348288416862
1.0	1.0	1.0	1.0	1.0	1.0	1.0	1.0	1.0	1.0	1.0	1.0	1.0	1.0	1.0	2.0	1.0	2.0	1.0	0.0	1.0	0.9727897793054581	0.9498782157897949	0.7256558686494827	0.6875232830643654	0.6811970695853233	0.655412033200264	0.6554348692297935	0.6567915752530098	0.6587123349308968	0.6680797040462494	0.6703129336237907	0.6450156420469284	0.6568068191409111	0.6710064709186554	0.4537464715540409	0.3309111036360264	0.3315437249839306	0.33176857233047485	0.20432955026626587	0.20495454967021942
2.0	1.0	1.0	1.0	1.0	2.0	1.0	1.0	1.0	1.0	2.0	1.0	1.0	1.0	1.0	1.0	2.0	1.0	2.0	0.0	1.0	0.9408843219280243	0.9171648323535919	0.911692276597023	0.7095202133059502	0.6893068179488182	0.6691315025091171	0.6553053259849548	0.6451528668403625	0.6482473462820053	0.6511589884757996	0.6521802991628647	0.6689333319664001	0.6567687392234802	0.6615933999419212	0.6427367106080055	0.4552518054842949	0.3301412872970104	0.3309149146080017	0.20450104400515556	0.20328153297305107
1.0	1.0	1.0	1.0	1.0	1.0	1.0	2.0	1.0	2.0	1.0	2.0	1.0	2.0	1.0	2.0	1.0	2.0	1.0	1.15604409505746e-310	1.0	0.9515397995710373	0.9228508025407791	0.8950154632329941	0.9126678854227066	0.6881787702441216	0.6877595633268356	0.6733388155698776	0.6455644220113754	0.6585370302200317	0.653285451233387	0.7738190516829491	0.6672946140170097	0.6474699079990387	0.6603434011340141	0.6569288000464439	0.6589562371373177	0.32928381860256195	0.3319934196770191	0.2029690332710743	0.20447055622935295
2.0	1.0	1.0	1.0	2.0	1.0	2.0	1.0	1.0	1.0	1.0	1.0	2.0	1.0	1.0	1.0	2.0	1.0	1.0	4.6800807e-316	1.0	0.9120123982429504	0.8894209563732147	0.880869135260582	0.8806557208299637	0.701197050511837	0.6690858006477356	0.6742077469825745	0.6653510481119156	0.6582778543233871	0.6658236086368561	0.6438342705368996	0.652889110147953	0.6715629324316978	0.6573403850197792	0.6635446473956108	0.667363241314888	0.6592382192611694	0.32919616624712944	0.2665488878987087	0.2035864107310772
1.0	1.0	1.0	1.0	1.0	1.0	1.0	1.0	1.0	2.0	1.0	2.0	1.0	2.0	1.0	1.0	1.0	1.0	1.0	3.953e-321	1.0	0.9258690923452377	0.900884360074997	0.8903051018714905	0.9014636278152466	0.9035215526819229	0.6899318173527718	0.6717077493667603	0.6688876301050186	0.661753460764885	0.6546421870589256	0.656684897840023	0.6639714762568474	0.6408768966794014	0.6542991995811462	0.6542153581976891	0.6549242287874222	0.6787961572408676	0.631974495947361	0.28534397509417353	0.20339586213231087
1.0	1.0	2.0	1.0	2.0	1.0	2.0	1.0	1.0	1.0	2.0	1.0	2.0	1.0	2.0	1.0	2.0	1.0	2.0	2.75224e-318	1.0	0.8824697434902191	0.8811435252428055	0.8872258365154266	0.8966922909021378	1.1604880094528198	0.892820343375206	0.6888876110315323	0.6694745197892189	0.6650766283273697	0.6653510481119156	0.6459150314331055	0.6641010493040085	0.669802263379097	0.6591619998216629	0.6693373247981071	0.6462123170495033	0.6546726748347282	0.6481406688690186	0.5866479152198582	0.20531659200787544
1.0	2.0	1.0	1.0	1.0	2.0	1.0	1.0	1.0	1.0	1.0	1.0	1.0	1.0	1.0	2.0	1.0	2.0	1.0	3.953e-321	1.0	0.8783843815326691	0.879725843667984	0.8875459581613541	0.8832319378852844	0.9085215479135513	0.8853355944156647	0.6868906617164612	0.6903052926063538	0.6710598841309547	0.6618373021483421	0.6654348596930504	0.6607855036854744	0.6505187451839447	0.6559379175305367	0.6457778960466385	0.6570202335715294	0.6482930779457092	0.6553967893123627	0.5552482634029033	0.5428129360079765
