0.0	0.0	0.0	0.0	0.0	0.0	0.0	0.0	0.0	0.0	0.0	0.0	0.0	0.0	1.0	1.0	1.0	1.0	1.0	1.0	1.0	0.33847588300704956	0.3378051519393921	0.3401870094239712	0.21169234812259674	0.20891796052455902	0.2106938734650612	0.2121191769838333	0.21212298795580864	0.21128076314926147	0.21117405593395233	0.21367786452174187	0.21245073154568672	0.21061765402555466	0.21084250137209892	0.212290670722723	0.21048427000641823	0.46058716624975204	0.3376222252845764	0.33862069994211197	0.3384644500911236
0.0	0.0	0.0	0.0	0.0	0.0	0.0	0.0	0.0	0.0	0.0	0.0	0.0	0.0	1.0	1.0	1.0	1.0	1.0	1.0	0.3381100296974182	0.33860545605421066	0.3365284763276577	0.3347639963030815	0.2117152139544487	0.21225256100296974	0.21220682933926582	0.2137540839612484	0.21145225688815117	0.2137274071574211	0.20935241132974625	0.21290423721075058	0.21114737913012505	0.21324341371655464	0.20977924019098282	0.2116580493748188	0.20968396589159966	0.33465728908777237	0.46317100524902344	0.3381252735853195	0.34003838151693344
0.0	0.0	0.0	0.0	0.0	0.0	0.0	0.0	0.0	0.0	0.0	0.0	0.0	1.1324663936826e-310	1.0	1.0	1.0	1.0	3.0	1.0	0.3403661251068115	0.33524036779999733	0.33606353774666786	0.21199341490864754	0.21288518235087395	0.21022893488407135	0.2130071334540844	0.21519844233989716	0.21159707382321358	0.2106671966612339	0.21068625152111053	0.21166948229074478	0.21327390149235725	0.21182573214173317	0.21307573094964027	0.21117405593395233	0.21194006130099297	0.4608691781759262	0.33701246976852417	0.4594057649374008	0.3371496647596359
0.0	0.0	0.0	0.0	0.0	0.0	0.0	0.0	0.0	0.0	0.0	0.0	0.0	1.072520866e-315	1.0	1.0	1.0	1.0	1.0	0.34584249183535576	0.34033944830298424	0.33949341252446175	0.338796004652977	0.21384935826063156	0.21202771365642548	0.21235164627432823	0.21129600703716278	0.2124316766858101	0.2112845741212368	0.21091872081160545	0.21170759201049805	0.21251551806926727	0.21245835348963737	0.20985545963048935	0.21149417757987976	0.21092253178358078	0.21353685855865479	0.33469920977950096	0.3404309116303921	0.336158812046051	0.33801475539803505
0.0	0.0	0.0	0.0	0.0	0.0	0.0	0.0	0.0	0.0	0.0	0.0	0.0	1.976e-321	1.0	1.0	1.0	1.0	1.0	0.34065956994891167	0.3410063683986664	0.3356633856892586	0.3363112509250641	0.2114141471683979	0.21233640238642693	0.21214966475963593	0.21216490864753723	0.2074202485382557	0.21155134215950966	0.21171140298247337	0.2121306098997593	0.21011079475283623	0.21250027418136597	0.2096611000597477	0.21046902611851692	0.21286993846297264	0.3374583534896374	0.46042710542678833	0.33661993965506554	0.46059097722172737	0.3380681090056896
0.0	0.0	0.0	0.0	0.0	0.0	0.0	0.0	0.0	0.0	0.0	0.0	0.0	2.75224e-318	1.0	1.0	1.0	1.0	0.34367404878139496	0.3387426510453224	0.3394324369728565	0.3359072878956795	0.337477408349514	0.21291948109865189	0.2126489020884037	0.21314813941717148	0.21114737913012505	0.21338441967964172	0.21304143220186234	0.21051856875419617	0.2073783278465271	0.2101793922483921	0.21198198199272156	0.2111550010740757	0.21176094561815262	0.20985927060246468	0.4613417387008667	0.3345200940966606	0.3367114029824734	0.33797283470630646	0.33530134335160255
0.0	0.0	0.0	0.0	0.0	0.0	0.0	0.0	0.0	0.0	0.0	0.0	0.0	1.976e-321	1.0	1.0	1.0	1.0	0.34269462898373604	0.3409835025668144	0.3405528627336025	0.33661993965506554	0.337279237806797	0.21232496947050095	0.2116161286830902	0.21284707263112068	0.21106353774666786	0.21426094323396683	0.21091490983963013	0.21118167787790298	0.21196292713284492	0.21285850554704666	0.2113722264766693	0.21371978521347046	0.2121610976755619	0.2104957029223442	0.3379499688744545	0.46351780369877815	0.336170244961977	0.3369476832449436	0.3377213105559349
0.0	0.0	0.0	0.0	0.0	0.0	0.0	0.0	0.0	0.0	0.0	0.0	0.0	1.976e-321	3.0	1.0	1.0	0.34373121336102486	0.3423706963658333	0.3418981358408928	0.33439814299345016	0.33961155265569687	0.3378813713788986	0.21246978640556335	0.21121597662568092	0.2091008871793747	0.21100256219506264	0.21125789731740952	0.21408944949507713	0.21189051866531372	0.21115881204605103	0.21142176911234856	0.21264128014445305	0.21227923780679703	0.21170378103852272	0.21232115849852562	0.33573198318481445	0.3378203958272934	0.4616313725709915	0.338784571737051	0.33561384305357933
0.0	0.0	0.0	0.0	0.0	0.0	0.0	0.0	0.0	0.0	0.0	0.0	0.0	0.0	1.0	1.0	1.0	0.3469972163438797	0.33996978402137756	0.34101399034261703	0.33868929743766785	0.33695530518889427	0.3363722264766693	0.21359402313828468	0.20987451449036598	0.213411096483469	0.21307573094964027	0.21317481622099876	0.21205057948827744	0.21557572856545448	0.2128928042948246	0.20877695456147194	0.2078508883714676	0.21181048825383186	0.21047664806246758	0.21314051747322083	0.3388264924287796	0.3388989008963108	0.3366885371506214	0.46319006010890007	0.33676856756210327
0.0	0.0	0.0	0.0	0.0	0.0	0.0	0.0	0.0	0.0	0.0	0.0	0.0	0.0	1.0	1.0	0.719969779253006	0.3627049710069384	0.33866262063384056	0.3392418883740902	0.33791567012667656	0.33936383947730064	0.33836155384778976	0.21246597543358803	0.21054524555802345	0.21182192116975784	0.2111245132982731	0.213982742279768	0.21221445128321648	0.21119311079382896	0.21321673691272736	0.2127937190234661	0.20979448407888412	0.2121458537876606	0.21285850554704666	0.2119743600487709	0.33629219606518745	0.33810240775346756	0.4619857929646969	0.337290670722723	0.2138264924287796
0.0	0.0	0.0	0.0	0.0	0.0	0.0	0.0	0.0	0.0	0.0	0.0	0.0	0.0	1.0	1.0	1.0	0.34384935349226	0.33975255861878395	0.33521369099617004	0.3358234465122223	0.33694006130099297	0.33719920739531517	0.2147754244506359	0.21128076314926147	0.21294615790247917	0.21132268384099007	0.21020225808024406	0.21133792772889137	0.21357877925038338	0.2100917398929596	0.21278990805149078	0.2123745121061802	0.21186384186148643	0.211543720215559	0.21199722588062286	0.33697817102074623	0.3353813737630844	0.3377899080514908	0.33645225688815117	0.21288518235087395
0.0	0.0	0.0	0.0	0.0	0.0	0.0	0.0	0.0	0.0	0.0	0.0	0.0	1.0	1.0	1.0	1.0	0.34019463136792183	0.34060240536928177	0.3365703970193863	0.3382510356605053	0.33886460214853287	0.3374202437698841	0.21158945187926292	0.2123897559940815	0.2100345753133297	0.20996597781777382	0.21068625152111053	0.2122601829469204	0.2107243612408638	0.21271749958395958	0.21130743995308876	0.21182192116975784	0.21147893369197845	0.21547283232212067	0.2134530171751976	0.337850883603096	0.3369476832449436	0.3360292389988899	0.3363264948129654	0.21179143339395523
0.0	0.0	0.0	0.0	0.0	0.0	0.0	0.0	0.0	0.0	0.0	0.0	0.0	1.0	1.0	1.0	0.3402594178915024	0.33768701180815697	0.3358844220638275	0.33778609707951546	0.3382396027445793	0.33730972558259964	0.3364446349442005	0.20986308157444	0.2126908227801323	0.21034326404333115	0.2096611000597477	0.21156277507543564	0.21370454132556915	0.2102213129401207	0.2138836570084095	0.20924189314246178	0.20931430160999298	0.2146153636276722	0.21070149540901184	0.21114737913012505	0.33783945068717003	0.4631481394171715	0.33665042743086815	0.46046140417456627	0.21197054907679558
0.0	0.0	0.0	0.0	0.0	0.0	0.0	0.0	0.0	0.0	0.0	0.0	0.0	1.0	1.0	1.0	0.3411969169974327	0.3372182622551918	0.3354652151465416	0.33673045784235	0.33616262301802635	0.33695149421691895	0.3347373194992542	0.21256887167692184	0.2119591161608696	0.21044616028666496	0.21429524198174477	0.21463441848754883	0.2131100296974182	0.21102923899888992	0.21064433082938194	0.21110545843839645	0.2124049998819828	0.21281277388334274	0.21188289672136307	0.21361307799816132	0.21259935945272446	0.33594920858740807	0.3362845741212368	0.33740881085395813	0.21015652641654015
0.0	0.0	0.0	0.0	0.0	0.0	0.0	0.0	0.0	0.0	0.0	0.0	0.0	1.0	1.0	0.4159271001815796	0.3359415866434574	0.3380071334540844	0.33858640119433403	0.33961155265569687	0.3380757309496403	0.3354690261185169	0.3369019515812397	0.21024798974394798	0.21300332248210907	0.2117457017302513	0.21089966595172882	0.21261079236865044	0.21370073035359383	0.20981353893876076	0.2103661298751831	0.2109263427555561	0.21252314001321793	0.21113594621419907	0.21185621991753578	0.21024036779999733	0.21287374943494797	0.4609149098396301	0.33558716624975204	0.4612731412053108	0.21133411675691605
0.0	0.0	0.0	0.0	0.0	0.0	0.0	0.0	0.0	0.0	0.0	0.0	0.0	1.0	1.0	1.0	0.3363379277288914	0.33809859678149223	0.3351527154445648	0.3375612497329712	0.3387007303535938	0.33977923542261124	0.3387693278491497	0.3367266468703747	0.2108691781759262	0.21348731592297554	0.2096915878355503	0.2129347249865532	0.2093905210494995	0.21230972558259964	0.20963823422789574	0.215103168040514	0.2131367065012455	0.21072817221283913	0.21161231771111488	0.21156277507543564	0.21283182874321938	0.33685240894556046	0.33591872081160545	0.3389560654759407	0.46062146499753
0.0	0.0	0.0	0.0	0.0	0.0	0.0	0.0	0.0	0.0	0.0	0.0	0.0	1.0	1.0	1.0	1.0	0.335808202624321	0.33795759081840515	0.3379652127623558	0.5874469205737114	0.33748503029346466	0.3372335061430931	0.21029753237962723	0.21325484663248062	0.21068625152111053	0.21389127895236015	0.21169234812259674	0.21316338330507278	0.20898274704813957	0.20870835706591606	0.2126908227801323	0.21291185915470123	0.21419615671038628	0.21060241013765335	0.21472588181495667	0.21379981562495232	0.46352923661470413	0.3366161286830902	0.46322816982865334	0.33879219368100166
0.0	0.0	0.0	0.0	0.0	0.0	0.0	0.0	0.0	0.0	0.0	0.0	0.0	1.0	1.0	1.0	1.0	1.0	0.3365589641034603	0.3368142992258072	0.33781658485531807	0.3347449414432049	0.335785336792469	0.212103933095932	0.21064433082938194	0.21072055026888847	0.21091490983963013	0.21014509350061417	0.21272512152791023	0.20940576493740082	0.2127937190234661	0.2107662819325924	0.21075103804469109	0.21301856637001038	0.21165042743086815	0.21253838390111923	0.21079295873641968	0.33590347692370415	0.3361969217658043	0.3367990553379059	0.2133234441280365
0.0	0.0	0.0	0.0	0.0	0.0	0.0	0.0	0.0	0.0	0.0	0.0	0.0	1.0	1.0	1.0	1.0	1.0	1.0	0.3368600308895111	0.33603304997086525	0.3343638442456722	0.3377670422196388	0.2126489020884037	0.20875027775764465	0.21154753118753433	0.21237832307815552	0.21359021216630936	0.2087121680378914	0.21129219606518745	0.21227161586284637	0.21250027418136597	0.21280134096741676	0.21085774526000023	0.21002314239740372	0.21004219725728035	0.3373287804424763	0.33503076434135437	0.33555667847394943	0.3332434184849262	0.21299570053815842
0.0	0.0	0.0	0.0	0.0	0.0	0.0	0.0	0.0	0.0	0.0	0.0	0.0	1.0	1.0	1.0	1.0	1.0	1.0	1.0	0.337862316519022	0.336368415504694	0.33684859797358513	0.21170759201049805	0.2131786271929741	0.21449341252446175	0.2100345753133297	0.2101069837808609	0.20956582576036453	0.2127632312476635	0.21272893249988556	0.21226399391889572	0.21017177030444145	0.213609267026186	0.20981353893876076	0.21250789612531662	0.3357357941567898	0.33692481741309166	0.3364675007760525	0.34078533202409744	0.211917195469141
0.0	0.0	0.0	0.0	0.0	0.0	0.0	0.0	0.0	0.0	0.0	0.0	0.0	1.0	1.0	1.0	1.0	1.0	1.0	1.0	1.0	0.3367876224219799	0.3355528675019741	0.21494310721755028	0.21009555086493492	0.21072817221283913	0.21383411437273026	0.2109415866434574	0.21323960274457932	0.21114356815814972	0.21311765164136887	0.209302868694067	0.2099354900419712	0.21150561049580574	0.2119324393570423	0.21189432963728905	0.3369857929646969	0.46285469457507133	0.33647893369197845	0.33564814180135727	0.21363213285803795
0.0	0.0	0.0	0.0	0.0	0.0	0.0	0.0	0.0	0.0	0.0	0.0	0.0	1.0	1.0	1.0	1.0	1.0	1.0	1.0	1.0	0.6171421036124229	0.33772893249988556	0.21112070232629776	0.2097639963030815	0.21160850673913956	0.21503457054495811	0.20949341729283333	0.21047664806246758	0.20968777686357498	0.21377313882112503	0.2108691781759262	0.21229829266667366	0.2118600308895111	0.21144463494420052	0.21123503148555756	0.21406658366322517	0.33835774287581444	0.33650942146778107	0.33546140417456627	0.2118028663098812
0.0	0.0	0.0	0.0	0.0	0.0	0.0	0.0	0.0	0.0	0.0	0.0	0.0	1.0	1.0	1.0	1.0	1.0	1.0	1.0	1.0	0.634985163807869	0.6199622228741646	0.33708106726408005	0.21252695098519325	0.21370073035359383	0.20907039940357208	0.21045378223061562	0.20894844830036163	0.2135673463344574	0.2117152139544487	0.21161993965506554	0.2123173475265503	0.2158653624355793	0.21192481741309166	0.2114560678601265	0.21357115730643272	0.3346191793680191	0.3377937190234661	0.336928628385067	0.21081963554024696
1.390671161567e-309	0.0	0.0	0.0	0.0	0.0	0.0	0.0	0.0	0.0	0.0	0.0	0.0	1.0	1.0	1.0	1.0	1.0	1.0	1.0	1.499756097793579	0.7292991578578949	0.6220506653189659	0.6178585663437843	0.21199341490864754	0.211543720215559	0.21109021455049515	0.21158182993531227	0.21041186153888702	0.20872360095381737	0.21019844710826874	0.21176475659012794	0.21216490864753723	0.2121610976755619	0.21192100644111633	0.21048427000641823	0.2106367088854313	0.336356982588768	0.3381633833050728	0.33629219606518745	0.46223731711506844
0.0	0.0	0.0	0.0	0.0	0.0	0.0	0.0	0.0	0.0	0.0	0.0	0.0	1.0	1.0	1.0	1.0	1.0	1.0	1.0	1.0	0.7107778340578079	0.6134073510766029	0.7457854226231575	0.4814637005329132	0.21304143220186234	0.2090284787118435	0.2142838090658188	0.21123122051358223	0.2129652127623558	0.21263746917247772	0.21284707263112068	0.21143320202827454	0.21131887286901474	0.21164661645889282	0.21184859797358513	0.21117405593395233	0.33610545843839645	0.33728304877877235	0.3368714638054371	0.33743929862976074
0.0	0.0	0.0	0.0	0.0	0.0	0.0	0.0	0.0	0.0	0.0	0.0	0.0	1.0	1.0	1.0	1.0	1.0	1.0	1.0	1.0	0.7444439604878426	0.6586360856890678	0.49237076193094254	0.49277472496032715	0.4917382001876831	0.21241643279790878	0.21340347453951836	0.21097969636321068	0.21061384305357933	0.20970683172345161	0.21001552045345306	0.20949341729283333	0.2130071334540844	0.2141008824110031	0.21303381025791168	0.21301856637001038	0.33813289552927017	0.46357496827840805	0.3357929587364197	0.21093396469950676
0.0	0.0	0.0	0.0	0.0	0.0	0.0	0.0	0.0	0.0	0.0	0.0	0.0	1.0	1.0	1.0	1.0	1.0	1.0	1.0	2.0	0.7248098328709602	0.6501300260424614	0.5034454464912415	0.48491647094488144	0.4803737625479698	0.4849850684404373	0.2112426534295082	0.2094743624329567	0.21176856756210327	0.21281658485531807	0.20984402671456337	0.20944387465715408	0.21159326285123825	0.21289661526679993	0.21129600703716278	0.4610711596906185	0.33542710542678833	0.3372639939188957	0.21103686094284058	0.21114737913012505
0.0	0.0	0.0	0.0	0.0	0.0	0.0	0.0	0.0	0.0	0.0	0.0	0.0	1.0	1.0	1.0	1.0	1.0	1.0	1.0	1.0	0.7374241501092911	0.6672565340995789	0.49697447568178177	0.49218783527612686	0.48910091817379	0.4887503385543823	0.49714209884405136	0.21277466416358948	0.21054905652999878	0.21001170948147774	0.2118600308895111	0.21022893488407135	0.21155515313148499	0.21074341610074043	0.2113150618970394	0.3371763415634632	0.3362540863454342	0.33667710423469543	0.2105376236140728	0.2085978388786316
0.0	0.0	0.0	0.0	0.0	0.0	0.0	0.0	0.0	0.0	0.0	0.0	0.0	1.0	1.0	1.0	1.0	1.0	1.0	1.0	1.0	0.72609031945467	0.6747412830591202	0.49918483942747116	0.5035064816474915	0.4800536409020424	0.4893220141530037	0.48145604878664017	0.4655795395374298	0.2138836570084095	0.21026704460382462	0.2116275615990162	0.21241262182593346	0.20923808217048645	0.21235545724630356	0.21297283470630646	0.3375193290412426	0.46199722588062286	0.33640652522444725	0.2107548490166664	0.2109263427555561
0.0	0.0	0.0	0.0	0.0	0.0	0.0	0.0	0.0	0.0	0.0	0.0	4.6803e-320	1.0	1.0	1.0	1.0	1.0	1.0	1.0	1.0	0.7290628775954247	0.6676376312971115	0.5216163098812103	0.49839209765195847	0.48996222764253616	0.48600640892982483	0.4887884482741356	0.49452774226665497	0.48895613104104996	0.21037375181913376	0.21090347692370415	0.21338441967964172	0.21528228372335434	0.21232496947050095	0.21026704460382462	0.46248884126544	0.33895987644791603	0.3396763391792774	0.3385368585586548	0.21166948229074478
0.0	0.0	0.0	0.0	0.0	0.0	0.0	0.0	0.0	0.0	0.0	0.0	1.06368452e-315	1.0	1.0	1.0	1.0	1.0	1.0	1.0	1.0	0.7166619747877121	0.7073250934481621	0.5314181298017502	0.5022793188691139	0.4970811530947685	0.4850917458534241	0.49272140115499496	0.48673052340745926	0.4779881238937378	0.48032043874263763	0.2136397548019886	0.2096611000597477	0.21042710542678833	0.21030515432357788	0.21096445247530937	0.33820149302482605	0.46069006249308586	0.33534326404333115	0.3376946337521076	0.21435621753335
0.0	0.0	0.0	0.0	0.0	0.0	0.0	0.0	0.0	0.0	0.0	0.0	1.1324835330301e-310	1.0	1.0	1.0	1.0	1.0	1.0	1.0	1.0	0.7236741632223129	0.7199622765183449	0.5342763289809227	0.5036512389779091	0.48155516386032104	0.4942915514111519	0.4889180213212967	0.5001528263092041	0.46855974942445755	0.49198969453573227	0.47045761346817017	0.21297283470630646	0.2110559158027172	0.21129600703716278	0.21199722588062286	0.3380947858095169	0.33865880966186523	0.46111689135432243	0.3339446373283863	0.4616008847951889
0.0	0.0	0.0	0.0	0.0	0.0	0.0	0.0	0.0	0.0	0.0	0.0	0.0	1.0	1.0	1.0	1.0	1.0	1.0	1.0	1.0	0.9164636135101318	0.7064866796135902	0.5362733080983162	0.5328662991523743	0.4871802181005478	0.4917305186390877	0.485167995095253	0.480312816798687	0.4763036146759987	0.4802670553326607	0.4893753379583359	0.4782624840736389	0.20883793011307716	0.21060241013765335	0.21056430041790009	0.33784326165914536	0.3366694822907448	0.33712679892778397	0.3365894518792629	0.3351489044725895
0.0	0.0	0.0	0.0	0.0	0.0	0.0	0.0	0.0	0.0	0.0	0.0	0.0	1.0	1.0	1.0	1.0	1.0	1.0	1.0	1.0	0.8912807106971741	0.6739561930298805	0.5576299950480461	0.5232397839426994	0.4802289456129074	0.4843600392341614	0.4705338031053543	0.4834987595677376	0.48346830159425735	0.4619438722729683	0.48416952043771744	0.4911131411790848	0.4675002694129944	0.2114560678601265	0.20935241132974625	0.3349316790699959	0.33889127895236015	0.3371001221239567	0.3360101841390133	0.21086536720395088
0.0	0.0	0.0	0.0	0.0	0.0	0.0	0.0	0.0	0.0	0.0	0.0	2.37e-322	1.0	1.0	1.0	1.0	1.0	1.0	1.9960975646972656	1.5	0.8987654596567154	0.886295959353447	0.5499623194336891	0.5193906724452972	0.514101043343544	0.4822258949279785	0.4792381227016449	0.4917381703853607	0.47711916267871857	0.48053382337093353	0.4840628132224083	0.4855262264609337	0.47713443636894226	0.48096833378076553	0.20982878282666206	0.33605972677469254	0.3368333540856838	0.337664145976305	0.20975256338715553	0.21582725271582603
0.0	0.0	0.0	0.0	0.0	0.0	0.0	0.0	0.0	0.0	0.0	0.0	1.652e-320	1.0	1.0	1.0	1.0	1.0	1.0	1.0	1.0	0.8829880356788635	0.8787349909543991	0.7198173403739929	0.5169211328029633	0.5263799950480461	0.5052899867296219	0.49037381261587143	0.4677746891975403	0.470693863928318	0.48561006784439087	0.47611309587955475	0.47561004757881165	0.4887884482741356	0.4857320189476013	0.4822716861963272	0.33808716386556625	0.3351641483604908	0.33529753237962723	0.2107396051287651	0.21659325808286667
0.0	0.0	0.0	0.0	0.0	0.0	0.0	0.0	0.0	0.0	0.0	0.0	1.07249873e-315	1.0	1.0	1.0	1.0	1.0	1.0	1.0	1.0	0.8750764578580856	0.868872195482254	0.737545982003212	0.7324392795562744	0.5268525555729866	0.49381133913993835	0.5030491352081299	0.4879881739616394	0.4783767834305763	0.4869820177555084	0.48569393903017044	0.4811740964651108	0.46508411318063736	0.47887223958969116	0.4881863445043564	0.6106557995080948	0.4600040875375271	0.33719539642333984	0.21130743995308876	0.21206582337617874
0.0	0.0	0.0	0.0	0.0	0.0	0.0	0.0	0.0	0.0	0.0	0.0	1.080715874e-315	1.0	1.0	1.0	1.0	2.0	1.0	1.0	1.0	0.87150938808918	0.8317380845546722	0.7274697721004486	0.7343295216560364	0.5325385257601738	0.48236308991909027	0.5108159556984901	0.48179909586906433	0.4888264983892441	0.47715727239847183	0.46146371960639954	0.47291184961795807	0.47706586867570877	0.47612833976745605	0.48151708394289017	0.6140018925070763	0.605998732149601	0.3341428078711033	0.33713823184370995	0.21229829266667366
0.0	0.0	0.0	0.0	0.0	0.0	0.0	0.0	0.0	0.0	0.0	0.0	1.6443e-320	1.0	1.0	1.0	1.0	1.0	1.0	1.0	1.0	0.8698935359716415	0.8490246534347534	0.7255642861127853	0.726295992732048	0.7248173356056213	0.5226833522319794	0.5045887976884842	0.5009608119726181	0.47583114355802536	0.48241644352674484	0.47921522706747055	0.4840627834200859	0.4930567666888237	0.48294244706630707	0.46644847095012665	0.5965018197894096	0.7291161417961121	0.5964637398719788	0.3398325890302658	0.21123503148555756
0.0	0.0	0.0	0.0	0.0	0.0	0.0	0.0	0.0	0.0	0.0	0.0	1.072498416e-315	1.0	1.0	1.0	1.0	1.0	1.0	1.0	1.0	0.8417075872421265	0.8434149026870728	0.7175155133008957	0.7397715896368027	0.7172411233186722	0.7115399092435837	0.5002594739198685	0.5046726390719414	0.5040552020072937	0.4842381179332733	0.49322444945573807	0.4746420606970787	0.4895278066396713	0.48468778282403946	0.4739256277680397	0.600221298635006	0.6083920821547508	0.7226679474115372	0.6050765365362167	0.4646420404314995
0.0	0.0	0.0	0.0	0.0	0.0	0.0	0.0	0.0	0.0	0.0	0.0	0.0	1.0	1.0	1.0	1.0	1.0	1.0	1.0	1.0	0.8300155252218246	0.8422868549823761	0.6979271173477173	0.721616119146347	0.733018547296524	0.7216923385858536	0.5010521858930588	0.5046955347061157	0.49839968979358673	0.49847593903541565	0.4791923612356186	0.47437529265880585	0.48829302191734314	0.49077780544757843	0.4753432795405388	0.605480469763279	0.608110100030899	0.6161589026451111	0.6063798889517784	0.6200155764818192
