0.985107421875	0.984130859375	0.984169921875	0.98400390625	0.984228515625	0.984189453125	0.98421875	0.98421875	0.984111328125	0.984169921875	0.984189453125	0.984130859375	0.983955078125	0.984169921875	0.98275390625	0.982470703125	0.9828125	0.980849609375	0.97107421875	0.98267578125	0.982470703125	0.5009375	0.497490234375	0.497021484375	0.500791015625	0.5044921875	0.500634765625	0.5018359375	0.4989453125	0.49685546875	0.49921875	0.499501953125	0.499921875	0.5008203125	0.50078125	0.499306640625	0.499697265625	0.49666015625	0.500751953125	0.502890625	0.5015625
0.985107421875	0.984150390625	0.98396484375	0.984052734375	0.98412109375	0.984013671875	0.984130859375	0.9841796875	0.984130859375	0.98408203125	0.984189453125	0.98390625	0.98404296875	0.98408203125	0.98267578125	0.982685546875	0.982744140625	0.9721484375	0.982666015625	0.97927734375	0.50107421875	0.501796875	0.50044921875	0.4995703125	0.49970703125	0.499423828125	0.497353515625	0.499072265625	0.498916015625	0.50208984375	0.5025390625	0.499091796875	0.499814453125	0.501484375	0.49841796875	0.496982421875	0.501650390625	0.4996484375	0.503271484375	0.501767578125	0.497314453125
0.985107421875	0.984130859375	0.984228515625	0.984208984375	0.984130859375	0.98421875	0.984150390625	0.984150390625	0.984013671875	0.98408203125	0.984169921875	0.9840625	0.9841796875	0.982734375	0.9826171875	0.982255859375	0.98287109375	0.982578125	0.982265625	0.96107421875	0.501025390625	0.501865234375	0.499189453125	0.5011328125	0.498662109375	0.498779296875	0.498916015625	0.4999609375	0.49765625	0.49787109375	0.500478515625	0.498974609375	0.50033203125	0.502177734375	0.49890625	0.4997265625	0.5000390625	0.49826171875	0.49921875	0.50345703125	0.500634765625
0.985107421875	0.984111328125	0.984267578125	0.984248046875	0.9841796875	0.98419921875	0.983984375	0.984208984375	0.984208984375	0.98412109375	0.983896484375	0.983984375	0.9840625	0.9808984375	0.980693359375	0.98267578125	0.98171875	0.9825390625	0.982451171875	0.500771484375	0.498388671875	0.499990234375	0.49900390625	0.499287109375	0.50103515625	0.499482421875	0.50228515625	0.49708984375	0.498994140625	0.50064453125	0.499658203125	0.50126953125	0.497880859375	0.500302734375	0.500849609375	0.50076171875	0.5015625	0.50126953125	0.50208984375	0.4996875	0.4994921875
0.985107421875	0.984091796875	0.984189453125	0.984169921875	0.984052734375	0.9840625	0.98412109375	0.98408203125	0.984033203125	0.984169921875	0.983955078125	0.984228515625	0.98421875	0.980947265625	0.982890625	0.981806640625	0.982822265625	0.98224609375	0.97607421875	0.50189453125	0.499150390625	0.5002734375	0.498173828125	0.49640625	0.499169921875	0.50041015625	0.500654296875	0.500693359375	0.501328125	0.50091796875	0.5032421875	0.5001953125	0.501494140625	0.502548828125	0.498564453125	0.500751953125	0.4999609375	0.49912109375	0.50080078125	0.501982421875	0.5001171875
0.985107421875	0.9841796875	0.984140625	0.984111328125	0.984150390625	0.984296875	0.984111328125	0.9840625	0.98404296875	0.984052734375	0.9840625	0.984169921875	0.98267578125	0.982734375	0.982705078125	0.979580078125	0.9824609375	0.98107421875	0.499521484375	0.501669921875	0.49908203125	0.5003125	0.49880859375	0.500498046875	0.49974609375	0.499306640625	0.49650390625	0.499423828125	0.502099609375	0.500888671875	0.499560546875	0.50056640625	0.5008203125	0.501494140625	0.49974609375	0.502197265625	0.502158203125	0.5000390625	0.49779296875	0.501123046875	0.49904296875
0.985107421875	0.984140625	0.98408203125	0.9841015625	0.98412109375	0.984130859375	0.984169921875	0.9841796875	0.984111328125	0.984052734375	0.984052734375	0.983544921875	0.982763671875	0.9798046875	0.975693359375	0.982451171875	0.972705078125	0.982685546875	0.500546875	0.5030859375	0.502412109375	0.5006640625	0.49658203125	0.497919921875	0.49896484375	0.49923828125	0.500390625	0.500478515625	0.50017578125	0.49705078125	0.498369140625	0.502841796875	0.50181640625	0.49935546875	0.49998046875	0.502119140625	0.500634765625	0.503232421875	0.498798828125	0.49955078125	0.5000390625
0.985107421875	0.984189453125	0.983896484375	0.9841796875	0.98419921875	0.9840625	0.984208984375	0.9841015625	0.983935546875	0.984267578125	0.984189453125	0.982353515625	0.982548828125	0.982119140625	0.982119140625	0.98154296875	0.9712890625	0.500244140625	0.501181640625	0.5018359375	0.498955078125	0.50076171875	0.49875	0.50140625	0.50216796875	0.50173828125	0.499599609375	0.4969921875	0.49966796875	0.499404296875	0.50064453125	0.50048828125	0.499697265625	0.50150390625	0.50189453125	0.496806640625	0.499111328125	0.498056640625	0.501640625	0.4994140625	0.498291015625
0.985107421875	0.9839453125	0.98412109375	0.98419921875	0.984130859375	0.9841796875	0.984072265625	0.984013671875	0.983994140625	0.984130859375	0.98392578125	0.982177734375	0.9826953125	0.975517578125	0.981337890625	0.981875	0.982919921875	0.500810546875	0.50109375	0.50384765625	0.496044921875	0.50125	0.503076171875	0.500576171875	0.498916015625	0.497646484375	0.4989453125	0.49990234375	0.49859375	0.496650390625	0.501513671875	0.49853515625	0.501484375	0.499462890625	0.498427734375	0.50029296875	0.500576171875	0.499501953125	0.500146484375	0.49765625	0.500087890625
0.985107421875	0.98396484375	0.9841796875	0.9841796875	0.98408203125	0.984169921875	0.984169921875	0.98390625	0.984111328125	0.98419921875	0.984091796875	0.982841796875	0.976845703125	0.980947265625	0.979833984375	0.976474609375	0.49916015625	0.499638671875	0.498212890625	0.500087890625	0.49806640625	0.50033203125	0.49587890625	0.499775390625	0.498505859375	0.501494140625	0.50033203125	0.500126953125	0.502890625	0.4977734375	0.500029296875	0.50115234375	0.49908203125	0.50044921875	0.50021484375	0.49669921875	0.49984375	0.50115234375	0.502509765625	0.50041015625	0.500771484375
0.985107421875	0.984052734375	0.984091796875	0.9840625	0.984140625	0.9840625	0.984072265625	0.98412109375	0.984150390625	0.9840625	0.9841015625	0.980341796875	0.98248046875	0.97205078125	0.98267578125	0.980458984375	0.500986328125	0.501396484375	0.49923828125	0.497685546875	0.499990234375	0.502099609375	0.500234375	0.500087890625	0.50001953125	0.5008984375	0.5021875	0.49908203125	0.5007421875	0.50212890625	0.500654296875	0.498095703125	0.499013671875	0.498408203125	0.50033203125	0.50109375	0.4989453125	0.4998046875	0.500498046875	0.499453125	0.496787109375
0.985107421875	0.984140625	0.98421875	0.984189453125	0.984267578125	0.98396484375	0.9840234375	0.984169921875	0.98412109375	0.98337890625	0.982802734375	0.982431640625	0.975419921875	0.972119140625	0.982646484375	0.501240234375	0.5000390625	0.50419921875	0.50068359375	0.499462890625	0.499970703125	0.5013671875	0.4998828125	0.4996484375	0.497919921875	0.498818359375	0.503232421875	0.49955078125	0.49787109375	0.4994140625	0.50001953125	0.5015625	0.502900390625	0.5024609375	0.4964453125	0.499931640625	0.50232421875	0.498203125	0.500458984375	0.499697265625	0.50224609375
0.985107421875	0.9841015625	0.984091796875	0.9840234375	0.9840625	0.984140625	0.9840625	0.98396484375	0.983818359375	0.984091796875	0.9826171875	0.9827734375	0.979765625	0.97080078125	0.938173828125	0.498564453125	0.49619140625	0.500478515625	0.498486328125	0.500224609375	0.501064453125	0.4948828125	0.501298828125	0.501279296875	0.49919921875	0.499013671875	0.499619140625	0.501845703125	0.49978515625	0.501650390625	0.5004296875	0.5008203125	0.499404296875	0.503203125	0.495849609375	0.498173828125	0.498818359375	0.497509765625	0.50263671875	0.50095703125	0.499248046875
0.985107421875	0.984169921875	0.984033203125	0.984091796875	0.984169921875	0.984052734375	0.9841015625	0.98408203125	0.984111328125	0.98404296875	0.982705078125	0.980712890625	0.980615234375	0.97857421875	0.49951171875	0.498798828125	0.50205078125	0.49892578125	0.500751953125	0.4991796875	0.498193359375	0.50091796875	0.50107421875	0.49990234375	0.497734375	0.500556640625	0.499775390625	0.49984375	0.500009765625	0.50115234375	0.5016796875	0.5012109375	0.499541015625	0.50015625	0.50001953125	0.5008984375	0.499140625	0.50205078125	0.49794921875	0.50171875	0.499775390625
0.985107421875	0.984072265625	0.984091796875	0.98400390625	0.98421875	0.984189453125	0.984111328125	0.984052734375	0.984091796875	0.98271484375	0.982421875	0.98224609375	0.97	0.9767578125	0.5012109375	0.50236328125	0.498310546875	0.501826171875	0.497666015625	0.5019140625	0.5005859375	0.498603515625	0.49701171875	0.499697265625	0.499833984375	0.500029296875	0.501015625	0.500263671875	0.502802734375	0.50166015625	0.499111328125	0.49794921875	0.5012109375	0.50138671875	0.498984375	0.4981640625	0.501513671875	0.499921875	0.503212890625	0.4979296875	0.50201171875
0.985107421875	0.984130859375	0.9841015625	0.984091796875	0.984208984375	0.9839453125	0.98408203125	0.984111328125	0.98431640625	0.9828125	0.98234375	0.9759375	0.976572265625	0.95234375	0.844296875	0.511376953125	0.50005859375	0.499892578125	0.4965234375	0.501708984375	0.49845703125	0.499794921875	0.50068359375	0.499365234375	0.5016796875	0.500185546875	0.50041015625	0.499423828125	0.498642578125	0.49798828125	0.501611328125	0.499990234375	0.49927734375	0.5002734375	0.50056640625	0.49896484375	0.503115234375	0.500234375	0.500703125	0.497451171875	0.501611328125
0.985107421875	0.98408203125	0.984287109375	0.984140625	0.984033203125	0.984189453125	0.984189453125	0.9841015625	0.98271484375	0.9777734375	0.980810546875	0.969267578125	0.97580078125	0.932080078125	0.9272265625	0.5005859375	0.50087890625	0.50130859375	0.50263671875	0.49859375	0.502412109375	0.4976953125	0.499541015625	0.499794921875	0.504189453125	0.500546875	0.500615234375	0.501494140625	0.49912109375	0.499306640625	0.5021875	0.5011328125	0.499052734375	0.49681640625	0.498876953125	0.50162109375	0.498544921875	0.50146484375	0.500693359375	0.500283203125	0.50056640625
0.985107421875	0.98392578125	0.984140625	0.98404296875	0.98416015625	0.984189453125	0.984169921875	0.984130859375	0.98291015625	0.979599609375	0.977119140625	0.9802734375	0.945810546875	0.930341796875	0.892958984375	0.54962890625	0.496806640625	0.502177734375	0.497548828125	0.4989453125	0.50130859375	0.499462890625	0.499013671875	0.498212890625	0.501015625	0.501103515625	0.499912109375	0.5003125	0.5025390625	0.497119140625	0.49962890625	0.4970703125	0.500068359375	0.50029296875	0.49990234375	0.503759765625	0.49896484375	0.50240234375	0.501611328125	0.50123046875	0.4992578125
0.985107421875	0.984169921875	0.984072265625	0.984111328125	0.984287109375	0.984140625	0.984072265625	0.9840625	0.980263671875	0.982265625	0.966845703125	0.979736328125	0.93990234375	0.930517578125	0.90275390625	0.621357421875	0.4999609375	0.500361328125	0.499453125	0.500576171875	0.498125	0.5010546875	0.500849609375	0.498388671875	0.50248046875	0.500400390625	0.504755859375	0.497666015625	0.49931640625	0.499208984375	0.50087890625	0.5008203125	0.50150390625	0.499208984375	0.497607421875	0.501875	0.499814453125	0.4996484375	0.4998828125	0.49791015625	0.49759765625
0.985107421875	0.984228515625	0.984033203125	0.984033203125	0.984111328125	0.98412109375	0.98396484375	0.98408203125	0.982314453125	0.97955078125	0.96642578125	0.9243359375	0.923828125	0.909658203125	0.88671875	0.641162109375	0.500185546875	0.50109375	0.501943359375	0.500498046875	0.503076171875	0.499736328125	0.502333984375	0.49994140625	0.50240234375	0.5007421875	0.500712890625	0.501650390625	0.49806640625	0.498310546875	0.5015625	0.49998046875	0.49748046875	0.501640625	0.501162109375	0.4992578125	0.500966796875	0.501474609375	0.500029296875	0.501552734375	0.500703125
0.985107421875	0.984111328125	0.984072265625	0.984072265625	0.98404296875	0.984150390625	0.9833203125	0.98232421875	0.9825	0.96990234375	0.97017578125	0.873125	0.89259765625	0.907900390625	0.775244140625	0.7323828125	0.51935546875	0.500869140625	0.500390625	0.5003515625	0.498583984375	0.50072265625	0.50001953125	0.500009765625	0.500048828125	0.49626953125	0.501474609375	0.501123046875	0.497734375	0.500712890625	0.498623046875	0.50083984375	0.50068359375	0.50146484375	0.50025390625	0.4999609375	0.499833984375	0.5006640625	0.498486328125	0.4983203125	0.500693359375
0.985107421875	0.98416015625	0.9841796875	0.9842578125	0.98408203125	0.9842578125	0.984111328125	0.980634765625	0.97451171875	0.966650390625	0.818037109375	0.91921875	0.876845703125	0.798857421875	0.761201171875	0.623134765625	0.505712890625	0.502626953125	0.500361328125	0.5003515625	0.49845703125	0.4994140625	0.49962890625	0.4986328125	0.50048828125	0.50083984375	0.499990234375	0.49751953125	0.501142578125	0.499423828125	0.503154296875	0.5021484375	0.49685546875	0.50044921875	0.4993359375	0.501123046875	0.50251953125	0.5003125	0.501279296875	0.500791015625	0.499541015625
0.985107421875	0.984228515625	0.98416015625	0.98416015625	0.984169921875	0.9839453125	0.98390625	0.979970703125	0.972890625	0.754365234375	0.783515625	0.822587890625	0.876611328125	0.77681640625	0.715576171875	0.6223828125	0.50892578125	0.50037109375	0.50107421875	0.4996875	0.502314453125	0.498984375	0.4998828125	0.49931640625	0.50458984375	0.499482421875	0.49947265625	0.501025390625	0.4994921875	0.4983203125	0.50025390625	0.4980078125	0.502265625	0.49787109375	0.49716796875	0.5030859375	0.49857421875	0.5015234375	0.500341796875	0.499921875	0.5009375
0.985107421875	0.984169921875	0.9840234375	0.9841015625	0.98412109375	0.984052734375	0.982373046875	0.96822265625	0.976865234375	0.699990234375	0.8062890625	0.8388671875	0.759228515625	0.725986328125	0.659267578125	0.560283203125	0.507548828125	0.50021484375	0.499072265625	0.501806640625	0.500380859375	0.5021875	0.49884765625	0.501845703125	0.500673828125	0.499892578125	0.500576171875	0.499326171875	0.497373046875	0.5007421875	0.499267578125	0.500234375	0.499365234375	0.4977734375	0.49951171875	0.500576171875	0.49966796875	0.497236328125	0.49892578125	0.50041015625	0.49740234375
0.985107421875	0.9841015625	0.984111328125	0.984140625	0.984150390625	0.98400390625	0.98228515625	0.9762109375	0.9721484375	0.703798828125	0.715224609375	0.69806640625	0.7015625	0.69150390625	0.6431640625	0.53875	0.524267578125	0.498544921875	0.501513671875	0.5019921875	0.50142578125	0.501025390625	0.495654296875	0.50076171875	0.4991015625	0.499833984375	0.4989453125	0.49876953125	0.499228515625	0.497109375	0.498154296875	0.501318359375	0.499755859375	0.502294921875	0.499326171875	0.498779296875	0.500048828125	0.501337890625	0.5001171875	0.497421875	0.499501953125
0.985107421875	0.984013671875	0.984111328125	0.98408203125	0.983564453125	0.98416015625	0.97609375	0.970947265625	0.5021875	0.708935546875	0.69146484375	0.681845703125	0.6197265625	0.652607421875	0.58525390625	0.540751953125	0.50111328125	0.497626953125	0.49884765625	0.500478515625	0.50197265625	0.498486328125	0.501884765625	0.5001171875	0.501484375	0.498271484375	0.500771484375	0.499384765625	0.496240234375	0.501259765625	0.500751953125	0.5019921875	0.498662109375	0.5016796875	0.49904296875	0.49666015625	0.49982421875	0.498583984375	0.4975390625	0.502236328125	0.50080078125
0.985107421875	0.984072265625	0.98412109375	0.9841015625	0.983701171875	0.982421875	0.973818359375	0.7609765625	0.503076171875	0.610849609375	0.5624609375	0.616845703125	0.587666015625	0.584326171875	0.519501953125	0.50177734375	0.498251953125	0.49982421875	0.499443359375	0.50234375	0.50126953125	0.500244140625	0.500126953125	0.50384765625	0.50083984375	0.50064453125	0.500107421875	0.4996875	0.498544921875	0.501767578125	0.498994140625	0.50294921875	0.49931640625	0.49927734375	0.501552734375	0.49796875	0.49994140625	0.4999609375	0.500361328125	0.49947265625	0.50033203125
0.985107421875	0.984091796875	0.9792578125	0.984130859375	0.9835546875	0.97849609375	0.9551953125	0.502470703125	0.500830078125	0.498876953125	0.515634765625	0.5584765625	0.57072265625	0.500947265625	0.503876953125	0.50072265625	0.5021484375	0.499599609375	0.503701171875	0.500517578125	0.5009375	0.500517578125	0.49634765625	0.49994140625	0.500244140625	0.498759765625	0.50107421875	0.49912109375	0.500107421875	0.501826171875	0.50123046875	0.49994140625	0.500537109375	0.50046875	0.499189453125	0.498388671875	0.501240234375	0.5012890625	0.498134765625	0.500556640625	0.500947265625
0.985107421875	0.98419921875	0.984140625	0.984130859375	0.98349609375	0.9775	0.965693359375	0.497177734375	0.500263671875	0.502041015625	0.5096484375	0.5277734375	0.56337890625	0.501474609375	0.50224609375	0.5014453125	0.498876953125	0.50228515625	0.5003125	0.498251953125	0.498984375	0.499560546875	0.499287109375	0.501796875	0.497216796875	0.502236328125	0.496962890625	0.503154296875	0.498251953125	0.499521484375	0.502353515625	0.497939453125	0.49755859375	0.501279296875	0.500146484375	0.49775390625	0.5033203125	0.500771484375	0.50103515625	0.499677734375	0.501708984375
0.985107421875	0.984033203125	0.984072265625	0.984169921875	0.982265625	0.96912109375	0.49888671875	0.5005078125	0.500712890625	0.498330078125	0.50345703125	0.523798828125	0.5029296875	0.5010546875	0.501240234375	0.49970703125	0.502294921875	0.4992578125	0.499150390625	0.497939453125	0.501904296875	0.5006640625	0.500205078125	0.499287109375	0.50177734375	0.500419921875	0.499921875	0.502919921875	0.49873046875	0.496748046875	0.498779296875	0.500390625	0.498642578125	0.500380859375	0.50119140625	0.499013671875	0.497265625	0.4989453125	0.500302734375	0.4996484375	0.49990234375
0.985107421875	0.984150390625	0.984130859375	0.984111328125	0.982470703125	0.965654296875	0.501845703125	0.50064453125	0.49884765625	0.499609375	0.49830078125	0.499775390625	0.502529296875	0.499853515625	0.49865234375	0.498115234375	0.50248046875	0.50052734375	0.501513671875	0.498935546875	0.500693359375	0.49837890625	0.499287109375	0.499638671875	0.49884765625	0.50302734375	0.50017578125	0.49755859375	0.499375	0.496982421875	0.5011328125	0.499541015625	0.501162109375	0.499990234375	0.497099609375	0.4996484375	0.499609375	0.49875	0.502646484375	0.499013671875	0.50107421875
0.985107421875	0.9841015625	0.984169921875	0.9836328125	0.950830078125	0.5015625	0.499208984375	0.499482421875	0.500205078125	0.50021484375	0.5024609375	0.49994140625	0.498388671875	0.5019921875	0.498271484375	0.501494140625	0.49833984375	0.50224609375	0.50083984375	0.503125	0.499267578125	0.501357421875	0.500625	0.500595703125	0.49783203125	0.4992578125	0.502548828125	0.498203125	0.5012109375	0.500390625	0.502041015625	0.502138671875	0.4980859375	0.49880859375	0.498876953125	0.501142578125	0.496025390625	0.498017578125	0.4978125	0.5019140625	0.502919921875
0.985107421875	0.984130859375	0.983935546875	0.98275390625	0.498828125	0.500732421875	0.4973828125	0.50037109375	0.503779296875	0.4987890625	0.499521484375	0.4996875	0.50177734375	0.50126953125	0.4999609375	0.499677734375	0.499013671875	0.500888671875	0.497705078125	0.501201171875	0.499013671875	0.499462890625	0.4984765625	0.5010546875	0.499365234375	0.50224609375	0.499365234375	0.49931640625	0.5023828125	0.502978515625	0.4999609375	0.49806640625	0.49953125	0.500380859375	0.500712890625	0.496328125	0.49970703125	0.501572265625	0.50111328125	0.496611328125	0.50181640625
0.985107421875	0.98408203125	0.9837109375	0.977109375	0.500087890625	0.500927734375	0.499521484375	0.499013671875	0.500791015625	0.498369140625	0.4999609375	0.500537109375	0.5005078125	0.499296875	0.50025390625	0.500712890625	0.500966796875	0.500361328125	0.499287109375	0.49958984375	0.49859375	0.499130859375	0.499775390625	0.5005078125	0.499228515625	0.50013671875	0.49943359375	0.502412109375	0.496708984375	0.4994140625	0.4985546875	0.500751953125	0.49828125	0.4976953125	0.49736328125	0.4994921875	0.499853515625	0.501826171875	0.49814453125	0.49841796875	0.49814453125
0.985107421875	0.984111328125	0.97478515625	0.95021484375	0.500732421875	0.500283203125	0.50068359375	0.50033203125	0.49947265625	0.4982421875	0.501533203125	0.49970703125	0.500048828125	0.501259765625	0.499208984375	0.50142578125	0.5013671875	0.496904296875	0.502705078125	0.496669921875	0.501171875	0.500771484375	0.500283203125	0.49767578125	0.498505859375	0.497822265625	0.501201171875	0.497333984375	0.497158203125	0.496708984375	0.49955078125	0.498896484375	0.499462890625	0.49880859375	0.49939453125	0.502998046875	0.503662109375	0.501845703125	0.501572265625	0.50166015625	0.4998828125
0.985107421875	0.984267578125	0.98275390625	0.500517578125	0.503251953125	0.49919921875	0.500302734375	0.49923828125	0.50017578125	0.50029296875	0.498701171875	0.499853515625	0.50375	0.4977734375	0.50013671875	0.500205078125	0.49701171875	0.500517578125	0.50001953125	0.499912109375	0.500947265625	0.5	0.501015625	0.49845703125	0.501943359375	0.504140625	0.501220703125	0.4978125	0.50162109375	0.49814453125	0.500400390625	0.50138671875	0.497744140625	0.497265625	0.4995703125	0.499150390625	0.498115234375	0.50029296875	0.5029296875	0.5001171875	0.5021484375
0.985107421875	0.984111328125	0.499990234375	0.498271484375	0.4994921875	0.502119140625	0.497109375	0.49994140625	0.500234375	0.50208984375	0.501748046875	0.497578125	0.5005078125	0.503583984375	0.50068359375	0.499716796875	0.501533203125	0.497490234375	0.501416015625	0.498935546875	0.50154296875	0.503271484375	0.498896484375	0.5023046875	0.502705078125	0.50345703125	0.500673828125	0.49908203125	0.49970703125	0.50138671875	0.50015625	0.502041015625	0.5008984375	0.498037109375	0.499208984375	0.501904296875	0.498388671875	0.501044921875	0.501298828125	0.498759765625	0.501416015625
0.985107421875	0.982763671875	0.49822265625	0.494091796875	0.50091796875	0.49970703125	0.500107421875	0.4997265625	0.49923828125	0.498330078125	0.4976171875	0.497333984375	0.5001171875	0.49796875	0.4994921875	0.502392578125	0.502783203125	0.50033203125	0.49935546875	0.5019140625	0.500947265625	0.497255859375	0.4987109375	0.498173828125	0.500849609375	0.500556640625	0.501015625	0.499013671875	0.502294921875	0.501162109375	0.500634765625	0.499296875	0.49966796875	0.49990234375	0.497509765625	0.499638671875	0.500419921875	0.50291015625	0.50248046875	0.5017578125	0.49998046875
0.985107421875	0.95720703125	0.4982421875	0.499365234375	0.49759765625	0.498935546875	0.499326171875	0.498876953125	0.498876953125	0.498974609375	0.501982421875	0.497783203125	0.499814453125	0.49888671875	0.50046875	0.50134765625	0.50140625	0.49919921875	0.5003125	0.499921875	0.498671875	0.497724609375	0.49998046875	0.49978515625	0.499658203125	0.499755859375	0.499111328125	0.49990234375	0.499814453125	0.49779296875	0.49822265625	0.5009765625	0.501357421875	0.500126953125	0.499970703125	0.499794921875	0.4980859375	0.50185546875	0.5033203125	0.50091796875	0.50033203125
0.985107421875	0.499521484375	0.49900390625	0.5009375	0.501435546875	0.503984375	0.50154296875	0.49806640625	0.501767578125	0.50033203125	0.500986328125	0.502177734375	0.500283203125	0.4979296875	0.499755859375	0.501044921875	0.5008984375	0.500341796875	0.50130859375	0.49990234375	0.501044921875	0.4984375	0.500341796875	0.498603515625	0.499365234375	0.502255859375	0.50134765625	0.501875	0.49826171875	0.499560546875	0.50068359375	0.49892578125	0.500263671875	0.500576171875	0.500244140625	0.50078125	0.5003515625	0.500322265625	0.5034765625	0.498876953125	0.49861328125
0.985107421875	0.497412109375	0.4992578125	0.5008984375	0.49982421875	0.498583984375	0.500390625	0.500751953125	0.50140625	0.499013671875	0.4996875	0.500703125	0.501728515625	0.497783203125	0.4996875	0.49888671875	0.5012890625	0.502158203125	0.5027734375	0.503876953125	0.49939453125	0.499208984375	0.5000390625	0.502802734375	0.499560546875	0.500517578125	0.4982421875	0.50078125	0.500517578125	0.502607421875	0.500732421875	0.499736328125	0.497470703125	0.49982421875	0.501357421875	0.50015625	0.4996484375	0.49849609375	0.498720703125	0.499833984375	0.50154296875
