0.98193359375	0.9808984375	0.980947265625	0.98103515625	0.980908203125	0.980830078125	0.980908203125	0.9809375	0.981025390625	0.980927734375	0.980947265625	0.9808984375	0.98064453125	0.980771484375	0.980107421875	0.97984375	0.9795703125	0.97978515625	0.979140625	0.979931640625	0.97984375	0.49880859375	0.499306640625	0.50052734375	0.5005078125	0.497822265625	0.49642578125	0.500380859375	0.500224609375	0.500380859375	0.499140625	0.501259765625	0.500556640625	0.5002734375	0.501806640625	0.501201171875	0.500908203125	0.49939453125	0.499150390625	0.4994140625	0.50302734375
0.98193359375	0.980908203125	0.980810546875	0.981005859375	0.980908203125	0.9809375	0.9810546875	0.980986328125	0.981044921875	0.98103515625	0.980576171875	0.98095703125	0.98095703125	0.981025390625	0.97974609375	0.97982421875	0.978203125	0.979111328125	0.97947265625	0.98015625	0.498037109375	0.498359375	0.50005859375	0.49958984375	0.499521484375	0.500029296875	0.502548828125	0.501357421875	0.501865234375	0.499697265625	0.50060546875	0.49990234375	0.498125	0.501328125	0.49806640625	0.501640625	0.50123046875	0.500810546875	0.50009765625	0.5019140625	0.499814453125
0.98193359375	0.9809375	0.981015625	0.98091796875	0.98091796875	0.98095703125	0.98111328125	0.981005859375	0.980859375	0.980869140625	0.980927734375	0.98080078125	0.980927734375	0.97947265625	0.980185546875	0.977705078125	0.979970703125	0.98005859375	0.978203125	0.965322265625	0.502041015625	0.499521484375	0.499892578125	0.500419921875	0.503798828125	0.49970703125	0.501708984375	0.50041015625	0.499140625	0.498740234375	0.5004296875	0.497177734375	0.500390625	0.49908203125	0.498447265625	0.500517578125	0.50166015625	0.50048828125	0.496572265625	0.50232421875	0.50068359375
0.98193359375	0.9809375	0.981025390625	0.98091796875	0.9810546875	0.98107421875	0.9808203125	0.98087890625	0.98087890625	0.981044921875	0.98099609375	0.98103515625	0.981015625	0.979736328125	0.977373046875	0.977158203125	0.97748046875	0.979560546875	0.977939453125	0.49603515625	0.498876953125	0.499619140625	0.500146484375	0.49998046875	0.49947265625	0.499931640625	0.499541015625	0.50275390625	0.49984375	0.50259765625	0.501005859375	0.497197265625	0.500712890625	0.499853515625	0.501103515625	0.501748046875	0.5008203125	0.500146484375	0.498857421875	0.500478515625	0.499990234375
0.98193359375	0.981025390625	0.981005859375	0.98111328125	0.98083984375	0.981025390625	0.98099609375	0.980849609375	0.9809375	0.980654296875	0.980859375	0.981044921875	0.980888671875	0.98001953125	0.979892578125	0.979521484375	0.979775390625	0.978486328125	0.973994140625	0.499599609375	0.50162109375	0.50025390625	0.49947265625	0.50080078125	0.50033203125	0.502490234375	0.49966796875	0.504404296875	0.50173828125	0.500166015625	0.5005078125	0.50263671875	0.49955078125	0.499921875	0.50451171875	0.5028515625	0.4984765625	0.49751953125	0.5032421875	0.500302734375	0.500791015625
0.98193359375	0.980849609375	0.98095703125	0.980849609375	0.98095703125	0.98111328125	0.980927734375	0.980888671875	0.98099609375	0.980771484375	0.9809765625	0.98060546875	0.980283203125	0.9798046875	0.979287109375	0.9761328125	0.9752734375	0.979794921875	0.50146484375	0.49998046875	0.5012890625	0.49921875	0.4968359375	0.501572265625	0.499013671875	0.49931640625	0.501259765625	0.49955078125	0.502001953125	0.502548828125	0.50103515625	0.4988671875	0.502880859375	0.499443359375	0.5016796875	0.49966796875	0.50267578125	0.49947265625	0.50234375	0.49978515625	0.499248046875
0.98193359375	0.980830078125	0.98099609375	0.980966796875	0.981123046875	0.98099609375	0.980869140625	0.981025390625	0.9809375	0.9809765625	0.98095703125	0.98080078125	0.97982421875	0.979990234375	0.9778125	0.9796484375	0.97978515625	0.97166015625	0.50126953125	0.498271484375	0.502255859375	0.500849609375	0.501142578125	0.50169921875	0.500732421875	0.500380859375	0.499345703125	0.49947265625	0.49953125	0.49859375	0.500849609375	0.501396484375	0.497783203125	0.50275390625	0.498232421875	0.502275390625	0.50126953125	0.501044921875	0.501083984375	0.49873046875	0.50005859375
0.98193359375	0.980849609375	0.980859375	0.98087890625	0.981005859375	0.98087890625	0.9809765625	0.9809375	0.980927734375	0.980966796875	0.980927734375	0.97982421875	0.97984375	0.979892578125	0.979853515625	0.9787890625	0.978935546875	0.502998046875	0.500693359375	0.49962890625	0.495986328125	0.500888671875	0.499091796875	0.499619140625	0.500244140625	0.500302734375	0.4975	0.500986328125	0.49875	0.4987890625	0.499228515625	0.49640625	0.497841796875	0.50109375	0.50064453125	0.49861328125	0.50142578125	0.498505859375	0.499912109375	0.500498046875	0.498662109375
0.98193359375	0.980849609375	0.980947265625	0.981064453125	0.981064453125	0.981064453125	0.981015625	0.980888671875	0.981162109375	0.98095703125	0.9808203125	0.97984375	0.980078125	0.979931640625	0.979853515625	0.97931640625	0.98001953125	0.50001953125	0.501689453125	0.5019921875	0.503291015625	0.502001953125	0.497861328125	0.501025390625	0.499599609375	0.500615234375	0.502646484375	0.500927734375	0.501708984375	0.498759765625	0.49876953125	0.4995703125	0.500009765625	0.50072265625	0.500986328125	0.499345703125	0.5005078125	0.4980078125	0.5024609375	0.50052734375	0.5
0.98193359375	0.981005859375	0.981015625	0.980859375	0.981025390625	0.9809375	0.980947265625	0.980927734375	0.9809765625	0.98087890625	0.980927734375	0.97716796875	0.979736328125	0.97802734375	0.979970703125	0.977802734375	0.50064453125	0.50119140625	0.500341796875	0.5012890625	0.5025390625	0.501865234375	0.50142578125	0.501533203125	0.502607421875	0.50130859375	0.499443359375	0.500595703125	0.50173828125	0.501376953125	0.500673828125	0.500859375	0.499677734375	0.500244140625	0.50041015625	0.5004296875	0.5019921875	0.500224609375	0.501787109375	0.499912109375	0.502099609375
0.98193359375	0.981044921875	0.98103515625	0.980830078125	0.98103515625	0.9809765625	0.98091796875	0.98095703125	0.981005859375	0.980966796875	0.9809765625	0.9800390625	0.96755859375	0.97943359375	0.974609375	0.979453125	0.498525390625	0.50189453125	0.50171875	0.49880859375	0.5004296875	0.498046875	0.500126953125	0.498125	0.501923828125	0.50009765625	0.499013671875	0.498955078125	0.498642578125	0.498876953125	0.498857421875	0.501328125	0.501748046875	0.5018359375	0.50146484375	0.501220703125	0.50150390625	0.4998046875	0.4979296875	0.496025390625	0.502724609375
0.98193359375	0.9809375	0.9809375	0.980986328125	0.980986328125	0.981025390625	0.980869140625	0.98103515625	0.980751953125	0.98099609375	0.975380859375	0.979794921875	0.979931640625	0.979287109375	0.97783203125	0.4993359375	0.497021484375	0.498056640625	0.50396484375	0.499462890625	0.499921875	0.499736328125	0.500009765625	0.501103515625	0.499208984375	0.50076171875	0.498388671875	0.500849609375	0.500390625	0.50015625	0.49865234375	0.500068359375	0.49794921875	0.49619140625	0.499775390625	0.501767578125	0.498642578125	0.498115234375	0.501689453125	0.499580078125	0.50056640625
0.98193359375	0.9809765625	0.981064453125	0.98103515625	0.98080078125	0.980966796875	0.98080078125	0.980908203125	0.981005859375	0.981005859375	0.979677734375	0.97974609375	0.979580078125	0.979365234375	0.964501953125	0.50068359375	0.5016015625	0.5007421875	0.4996875	0.498974609375	0.5030078125	0.49771484375	0.498876953125	0.50044921875	0.498525390625	0.498515625	0.496650390625	0.500400390625	0.501826171875	0.50154296875	0.499814453125	0.502236328125	0.49548828125	0.497529296875	0.498212890625	0.50029296875	0.50033203125	0.49970703125	0.5026953125	0.50203125	0.498115234375
0.98193359375	0.98091796875	0.981015625	0.980947265625	0.9809375	0.981015625	0.98087890625	0.980673828125	0.981044921875	0.980947265625	0.97982421875	0.97607421875	0.977119140625	0.974716796875	0.499765625	0.498984375	0.49845703125	0.5014453125	0.50125	0.49921875	0.501533203125	0.50138671875	0.4977734375	0.4991796875	0.5021484375	0.49927734375	0.499775390625	0.503291015625	0.499453125	0.497548828125	0.500556640625	0.500078125	0.497705078125	0.499140625	0.499130859375	0.497041015625	0.49837890625	0.499697265625	0.500947265625	0.500712890625	0.49962890625
0.98193359375	0.9809765625	0.98103515625	0.980966796875	0.980908203125	0.98095703125	0.98083984375	0.980966796875	0.98095703125	0.9794921875	0.9796875	0.979814453125	0.978095703125	0.968203125	0.501181640625	0.49857421875	0.499970703125	0.500615234375	0.500322265625	0.50126953125	0.4987890625	0.499716796875	0.5009765625	0.496962890625	0.5015625	0.4987109375	0.499736328125	0.498232421875	0.498662109375	0.4975	0.4984765625	0.49783203125	0.499287109375	0.501884765625	0.499951171875	0.500458984375	0.5003125	0.50048828125	0.501123046875	0.50177734375	0.502080078125
0.98193359375	0.980947265625	0.980908203125	0.980888671875	0.981142578125	0.9811328125	0.980986328125	0.980732421875	0.98109375	0.97787109375	0.97998046875	0.97833984375	0.9783984375	0.91625	0.866357421875	0.505947265625	0.49869140625	0.49923828125	0.500576171875	0.5013671875	0.499208984375	0.501103515625	0.499853515625	0.502255859375	0.502216796875	0.500048828125	0.50021484375	0.499970703125	0.49970703125	0.497978515625	0.500537109375	0.498564453125	0.497548828125	0.500390625	0.49857421875	0.502333984375	0.502490234375	0.50107421875	0.500556640625	0.499189453125	0.49876953125
0.98193359375	0.980830078125	0.980849609375	0.98087890625	0.980947265625	0.9808984375	0.980732421875	0.980673828125	0.979208984375	0.97986328125	0.96517578125	0.970068359375	0.97865234375	0.951455078125	0.93525390625	0.502763671875	0.499365234375	0.502109375	0.500888671875	0.49966796875	0.502939453125	0.499228515625	0.502587890625	0.498447265625	0.49955078125	0.500908203125	0.500087890625	0.498916015625	0.4969921875	0.503779296875	0.499267578125	0.500556640625	0.50224609375	0.49951171875	0.499619140625	0.498369140625	0.4989453125	0.500869140625	0.499306640625	0.499111328125	0.501201171875
0.98193359375	0.980908203125	0.9809375	0.980986328125	0.9809375	0.980947265625	0.980888671875	0.98072265625	0.97646484375	0.979853515625	0.9689453125	0.969130859375	0.941669921875	0.948203125	0.885966796875	0.535751953125	0.50087890625	0.500732421875	0.50021484375	0.4990625	0.498818359375	0.5024609375	0.500830078125	0.5	0.498212890625	0.5005078125	0.495244140625	0.50228515625	0.500654296875	0.501201171875	0.501220703125	0.497783203125	0.498642578125	0.500556640625	0.498857421875	0.500771484375	0.4977734375	0.50212890625	0.500068359375	0.49953125	0.499814453125
0.98193359375	0.980947265625	0.9808984375	0.980927734375	0.9809375	0.981064453125	0.98099609375	0.9808984375	0.97541015625	0.97845703125	0.97634765625	0.977890625	0.94076171875	0.9481640625	0.91033203125	0.6385546875	0.500126953125	0.498896484375	0.5016796875	0.4996875	0.50099609375	0.500048828125	0.49912109375	0.499013671875	0.501435546875	0.50001953125	0.499228515625	0.50337890625	0.499580078125	0.500078125	0.499287109375	0.50048828125	0.502587890625	0.50400390625	0.5001171875	0.50064453125	0.49873046875	0.49810546875	0.49916015625	0.498671875	0.499833984375
0.98193359375	0.98099609375	0.980966796875	0.9809375	0.980947265625	0.98091796875	0.98107421875	0.98091796875	0.97982421875	0.977822265625	0.97400390625	0.908232421875	0.920576171875	0.928759765625	0.87701171875	0.667119140625	0.50216796875	0.49888671875	0.499345703125	0.49888671875	0.500390625	0.50404296875	0.499609375	0.5008984375	0.502783203125	0.498486328125	0.4996484375	0.498681640625	0.500791015625	0.500029296875	0.502763671875	0.502080078125	0.500361328125	0.50171875	0.500185546875	0.49974609375	0.499072265625	0.502568359375	0.497529296875	0.499130859375	0.498369140625
0.98193359375	0.980947265625	0.980927734375	0.981025390625	0.9808203125	0.981044921875	0.98091796875	0.97962890625	0.979365234375	0.971787109375	0.9682421875	0.92041015625	0.922021484375	0.89638671875	0.798974609375	0.73919921875	0.52296875	0.499453125	0.495048828125	0.499404296875	0.504345703125	0.5013671875	0.49931640625	0.50005859375	0.49927734375	0.49857421875	0.501357421875	0.501162109375	0.50171875	0.50076171875	0.500517578125	0.500087890625	0.500009765625	0.500009765625	0.49873046875	0.496796875	0.50009765625	0.50107421875	0.501748046875	0.49994140625	0.500419921875
0.98193359375	0.980947265625	0.980986328125	0.981005859375	0.98087890625	0.980810546875	0.980927734375	0.977197265625	0.970576171875	0.970224609375	0.807548828125	0.917744140625	0.899267578125	0.78935546875	0.77044921875	0.624423828125	0.507392578125	0.50095703125	0.49986328125	0.498818359375	0.5011328125	0.500078125	0.499970703125	0.50201171875	0.499443359375	0.499990234375	0.5007421875	0.5015625	0.50080078125	0.502353515625	0.501298828125	0.499423828125	0.49884765625	0.50072265625	0.499375	0.49982421875	0.499755859375	0.50017578125	0.5000390625	0.501240234375	0.499189453125
0.98193359375	0.98087890625	0.980908203125	0.980986328125	0.98091796875	0.980986328125	0.981005859375	0.976318359375	0.976630859375	0.782353515625	0.79765625	0.835849609375	0.8963671875	0.774609375	0.71869140625	0.614765625	0.51056640625	0.4976171875	0.498017578125	0.50142578125	0.500078125	0.501015625	0.50037109375	0.4975	0.499912109375	0.49978515625	0.501953125	0.496142578125	0.499775390625	0.4970703125	0.498740234375	0.49765625	0.502001953125	0.500771484375	0.5006640625	0.499853515625	0.50158203125	0.499404296875	0.50037109375	0.499091796875	0.5008203125
0.98193359375	0.98099609375	0.9808984375	0.9809375	0.980869140625	0.9809765625	0.97607421875	0.9794921875	0.969072265625	0.730205078125	0.78275390625	0.830517578125	0.773984375	0.72833984375	0.666484375	0.5596875	0.49998046875	0.5013671875	0.500185546875	0.500810546875	0.50265625	0.500166015625	0.5014453125	0.500029296875	0.499677734375	0.50048828125	0.49955078125	0.501298828125	0.500498046875	0.501806640625	0.502626953125	0.499951171875	0.4985546875	0.500166015625	0.501376953125	0.49875	0.49869140625	0.497138671875	0.500546875	0.500732421875	0.500986328125
0.98193359375	0.981044921875	0.98083984375	0.98091796875	0.98087890625	0.980830078125	0.97939453125	0.962548828125	0.976796875	0.6976171875	0.7227734375	0.70517578125	0.68890625	0.71087890625	0.65765625	0.5573828125	0.52251953125	0.499345703125	0.497998046875	0.4998828125	0.49966796875	0.5	0.502060546875	0.49490234375	0.500419921875	0.498623046875	0.502421875	0.497607421875	0.5003125	0.49958984375	0.500654296875	0.499287109375	0.501640625	0.495751953125	0.498984375	0.5012109375	0.502978515625	0.499775390625	0.500107421875	0.500439453125	0.50248046875
0.98193359375	0.981025390625	0.980986328125	0.980986328125	0.981044921875	0.98095703125	0.977265625	0.97228515625	0.500302734375	0.7023046875	0.682138671875	0.67541015625	0.622265625	0.655224609375	0.594072265625	0.532353515625	0.49857421875	0.501689453125	0.499248046875	0.50052734375	0.500283203125	0.501484375	0.500927734375	0.50025390625	0.500185546875	0.5011328125	0.499267578125	0.501201171875	0.501103515625	0.498994140625	0.5028515625	0.4996484375	0.4998828125	0.50205078125	0.49986328125	0.49751953125	0.498076171875	0.5005859375	0.499345703125	0.49759765625	0.50111328125
0.98193359375	0.980947265625	0.980927734375	0.980869140625	0.98068359375	0.979150390625	0.959697265625	0.839228515625	0.50080078125	0.636171875	0.56134765625	0.622822265625	0.59130859375	0.58126953125	0.523837890625	0.503017578125	0.49955078125	0.499208984375	0.499716796875	0.500126953125	0.499267578125	0.497939453125	0.49876953125	0.500908203125	0.50056640625	0.5002734375	0.50001953125	0.498095703125	0.50310546875	0.498203125	0.4994140625	0.50251953125	0.5022265625	0.499990234375	0.501806640625	0.5003125	0.50083984375	0.499541015625	0.500029296875	0.497939453125	0.500234375
0.98193359375	0.980947265625	0.980966796875	0.980869140625	0.98091796875	0.97998046875	0.940302734375	0.50005859375	0.498759765625	0.50150390625	0.51208984375	0.55685546875	0.57892578125	0.512958984375	0.49998046875	0.49970703125	0.50072265625	0.499775390625	0.50154296875	0.498271484375	0.4984375	0.50134765625	0.50060546875	0.501533203125	0.50080078125	0.502177734375	0.50048828125	0.4963671875	0.50287109375	0.498388671875	0.500478515625	0.498642578125	0.501826171875	0.5025390625	0.5001953125	0.49921875	0.49900390625	0.499228515625	0.50119140625	0.4978515625	0.499560546875
0.98193359375	0.980947265625	0.9809375	0.980908203125	0.9806640625	0.975322265625	0.96732421875	0.50125	0.50025390625	0.500517578125	0.508349609375	0.524833984375	0.578896484375	0.49958984375	0.49986328125	0.500029296875	0.500126953125	0.501884765625	0.500849609375	0.4991796875	0.49849609375	0.501416015625	0.499638671875	0.499228515625	0.49796875	0.501044921875	0.497646484375	0.498740234375	0.499814453125	0.498671875	0.501435546875	0.499794921875	0.49998046875	0.498876953125	0.498232421875	0.498857421875	0.5015234375	0.498837890625	0.49875	0.49671875	0.5022265625
0.98193359375	0.98103515625	0.980791015625	0.980947265625	0.97970703125	0.97609375	0.49927734375	0.498134765625	0.5032421875	0.499423828125	0.50521484375	0.53076171875	0.50328125	0.501787109375	0.49921875	0.501357421875	0.50080078125	0.498681640625	0.499375	0.501611328125	0.500693359375	0.5002734375	0.49873046875	0.50095703125	0.498466796875	0.500048828125	0.50134765625	0.49970703125	0.50078125	0.500556640625	0.4998046875	0.502744140625	0.499921875	0.49888671875	0.49990234375	0.50009765625	0.50001953125	0.501806640625	0.497119140625	0.500703125	0.498818359375
0.98193359375	0.98095703125	0.981015625	0.980849609375	0.979736328125	0.96685546875	0.498994140625	0.499443359375	0.49826171875	0.49994140625	0.504560546875	0.4990234375	0.49662109375	0.4979296875	0.5012890625	0.499267578125	0.50359375	0.501640625	0.500078125	0.49875	0.502294921875	0.499228515625	0.501650390625	0.5022265625	0.500439453125	0.4983203125	0.501708984375	0.49998046875	0.4994921875	0.497138671875	0.502060546875	0.4987890625	0.50025390625	0.50146484375	0.5002734375	0.501796875	0.497490234375	0.500087890625	0.497802734375	0.500283203125	0.497568359375
0.98193359375	0.976298828125	0.98072265625	0.980966796875	0.9727734375	0.501044921875	0.499833984375	0.500419921875	0.499130859375	0.501552734375	0.49841796875	0.500654296875	0.499990234375	0.499736328125	0.49740234375	0.498486328125	0.5012109375	0.500322265625	0.5011328125	0.502666015625	0.49794921875	0.50107421875	0.499697265625	0.4984765625	0.4994921875	0.4988671875	0.50052734375	0.4998046875	0.499296875	0.5009375	0.4989453125	0.5023828125	0.4969921875	0.500400390625	0.50033203125	0.501904296875	0.498505859375	0.50185546875	0.5005078125	0.49990234375	0.499033203125
0.98193359375	0.980791015625	0.980927734375	0.97255859375	0.498759765625	0.500673828125	0.501435546875	0.500185546875	0.49935546875	0.499697265625	0.5017578125	0.496640625	0.49873046875	0.5021875	0.49818359375	0.49642578125	0.500390625	0.499091796875	0.50080078125	0.502783203125	0.50169921875	0.500654296875	0.500732421875	0.497666015625	0.49931640625	0.501220703125	0.496142578125	0.501435546875	0.49853515625	0.496767578125	0.49767578125	0.500126953125	0.4998046875	0.49919921875	0.497919921875	0.49755859375	0.499375	0.50080078125	0.50009765625	0.500146484375	0.499580078125
0.98193359375	0.9808984375	0.9809375	0.972109375	0.50234375	0.499892578125	0.4998046875	0.49990234375	0.498828125	0.50357421875	0.499833984375	0.499228515625	0.49896484375	0.498759765625	0.5001171875	0.498076171875	0.49935546875	0.50015625	0.497412109375	0.499609375	0.499296875	0.501240234375	0.498935546875	0.50115234375	0.502138671875	0.5028125	0.4999609375	0.49890625	0.5016015625	0.50076171875	0.50302734375	0.500400390625	0.498818359375	0.497255859375	0.4979296875	0.49990234375	0.50294921875	0.500576171875	0.501796875	0.49880859375	0.4981640625
0.98193359375	0.9808984375	0.9810546875	0.964833984375	0.499306640625	0.49833984375	0.498662109375	0.499521484375	0.499072265625	0.50072265625	0.499716796875	0.4969921875	0.501220703125	0.5011328125	0.50146484375	0.496923828125	0.50005859375	0.4987109375	0.497861328125	0.500458984375	0.499111328125	0.499853515625	0.50080078125	0.50052734375	0.4984375	0.49849609375	0.50025390625	0.500234375	0.4996875	0.49814453125	0.499873046875	0.4978125	0.502392578125	0.5002734375	0.5019921875	0.497822265625	0.503017578125	0.501796875	0.50208984375	0.498564453125	0.498251953125
0.98193359375	0.980986328125	0.97927734375	0.499912109375	0.496025390625	0.500302734375	0.50068359375	0.501630859375	0.5005859375	0.499609375	0.496748046875	0.50005859375	0.497783203125	0.499326171875	0.497392578125	0.498466796875	0.500556640625	0.499501953125	0.5015234375	0.50046875	0.4994921875	0.49794921875	0.49974609375	0.500361328125	0.501416015625	0.5003515625	0.4991015625	0.4994921875	0.4991015625	0.500625	0.50201171875	0.497646484375	0.501123046875	0.4984765625	0.50109375	0.501513671875	0.501533203125	0.498505859375	0.497783203125	0.498984375	0.5002734375
0.98193359375	0.98052734375	0.5010546875	0.50001953125	0.499951171875	0.502294921875	0.501298828125	0.500283203125	0.503134765625	0.500478515625	0.498720703125	0.497080078125	0.50154296875	0.50029296875	0.49904296875	0.49919921875	0.501123046875	0.499921875	0.49970703125	0.502109375	0.5009765625	0.497255859375	0.50107421875	0.496572265625	0.4965234375	0.500927734375	0.498720703125	0.498857421875	0.49908203125	0.49896484375	0.498603515625	0.50099609375	0.49927734375	0.498759765625	0.499638671875	0.50259765625	0.502529296875	0.499462890625	0.4995703125	0.49822265625	0.49884765625
0.98193359375	0.97775390625	0.499501953125	0.500458984375	0.50033203125	0.498017578125	0.499677734375	0.500673828125	0.499443359375	0.498134765625	0.499541015625	0.5016015625	0.50052734375	0.4991796875	0.500322265625	0.498203125	0.49970703125	0.500244140625	0.502685546875	0.498681640625	0.499873046875	0.49857421875	0.498125	0.497197265625	0.49810546875	0.4982421875	0.501337890625	0.498779296875	0.498125	0.499072265625	0.5003515625	0.499677734375	0.49783203125	0.49935546875	0.50048828125	0.50177734375	0.502626953125	0.499970703125	0.499755859375	0.500146484375	0.50123046875
0.98193359375	0.973583984375	0.5019140625	0.501611328125	0.49951171875	0.498701171875	0.50109375	0.500869140625	0.50037109375	0.501513671875	0.501630859375	0.50212890625	0.49970703125	0.49935546875	0.4984375	0.498603515625	0.4998046875	0.500869140625	0.501279296875	0.500263671875	0.502021484375	0.501357421875	0.498837890625	0.49978515625	0.501396484375	0.502080078125	0.498193359375	0.501572265625	0.49970703125	0.499482421875	0.498505859375	0.500048828125	0.500966796875	0.498330078125	0.502265625	0.5016796875	0.498662109375	0.501728515625	0.4998046875	0.50048828125	0.501162109375
0.98193359375	0.499697265625	0.50052734375	0.500498046875	0.499619140625	0.49697265625	0.5016015625	0.49958984375	0.50033203125	0.49865234375	0.4974609375	0.501064453125	0.501123046875	0.500693359375	0.498955078125	0.49986328125	0.496357421875	0.5003515625	0.5011328125	0.49865234375	0.498740234375	0.49890625	0.502353515625	0.49990234375	0.500546875	0.499814453125	0.50103515625	0.499365234375	0.498603515625	0.500556640625	0.502900390625	0.4991015625	0.49875	0.49796875	0.4971484375	0.501767578125	0.499970703125	0.497939453125	0.499658203125	0.501875	0.49947265625
0.98193359375	0.499306640625	0.499443359375	0.499951171875	0.501181640625	0.498642578125	0.5007421875	0.5015625	0.4981640625	0.49921875	0.501064453125	0.497646484375	0.499248046875	0.500888671875	0.502578125	0.50083984375	0.500908203125	0.5002734375	0.499716796875	0.50134765625	0.502470703125	0.498271484375	0.498916015625	0.503046875	0.500869140625	0.500986328125	0.50015625	0.50076171875	0.5025390625	0.5025	0.501376953125	0.499765625	0.498427734375	0.498095703125	0.500654296875	0.50333984375	0.498564453125	0.50072265625	0.499638671875	0.50283203125	0.500537109375
