0.0009765625	0.001064453125	0.0010546875	0.00109375	0.0010546875	0.001083984375	0.0011328125	0.0011328125	0.001162109375	0.001181640625	0.001171875	0.00123046875	0.00119140625	0.00126953125	0.001513671875	0.001572265625	0.001611328125	0.002275390625	0.00333984375	0.0028125	0.0031640625	0.8970703125	0.898427734375	0.898603515625	0.89849609375	0.897412109375	0.898974609375	0.89880859375	0.898798828125	0.8980859375	0.8994140625	0.863134765625	0.89986328125	0.897021484375	0.8981640625	0.898271484375	0.900791015625	0.896962890625	0.898974609375	0.89818359375	0.89689453125
0.0009765625	0.001103515625	0.001103515625	0.00107421875	0.0010546875	0.00107421875	0.00107421875	0.001123046875	0.00115234375	0.00115234375	0.001162109375	0.001220703125	0.00138671875	0.001337890625	0.00154296875	0.00177734375	0.0024609375	0.002607421875	0.00359375	0.00232421875	0.89708984375	0.86033203125	0.898583984375	0.89744140625	0.89853515625	0.896748046875	0.897958984375	0.86201171875	0.9008203125	0.898466796875	0.898916015625	0.899326171875	0.898037109375	0.86265625	0.89818359375	0.89955078125	0.897626953125	0.899501953125	0.89939453125	0.899189453125	0.86328125
0.0009765625	0.001064453125	0.001025390625	0.0010546875	0.001123046875	0.001123046875	0.001123046875	0.001064453125	0.00109375	0.00115234375	0.00126953125	0.00123046875	0.00125	0.001123046875	0.0015625	0.00177734375	0.00232421875	0.003154296875	0.002900390625	0.03541015625	0.897080078125	0.90044921875	0.897626953125	0.900546875	0.899775390625	0.8966796875	0.89751953125	0.899384765625	0.89841796875	0.898232421875	0.89830078125	0.897587890625	0.898876953125	0.896357421875	0.896318359375	0.895751953125	0.897626953125	0.89833984375	0.89861328125	0.899013671875	0.898564453125
0.0009765625	0.00107421875	0.00107421875	0.001015625	0.00111328125	0.00111328125	0.00111328125	0.001142578125	0.00111328125	0.001162109375	0.00115234375	0.001201171875	0.001220703125	0.001484375	0.00158203125	0.00181640625	0.00265625	0.003037109375	0.00322265625	0.90017578125	0.899189453125	0.897412109375	0.897138671875	0.8998828125	0.897158203125	0.896748046875	0.898876953125	0.89921875	0.897978515625	0.895771484375	0.89931640625	0.898837890625	0.900712890625	0.89998046875	0.899013671875	0.898720703125	0.8986328125	0.897548828125	0.896328125	0.8996875	0.862119140625
0.0009765625	0.000986328125	0.0010546875	0.00103515625	0.00103515625	0.001103515625	0.001171875	0.001123046875	0.00111328125	0.001162109375	0.001240234375	0.00140625	0.001240234375	0.001474609375	0.001552734375	0.001982421875	0.00267578125	0.00314453125	0.002900390625	0.86330078125	0.899658203125	0.898115234375	0.898017578125	0.8964453125	0.898896484375	0.898232421875	0.8972265625	0.897021484375	0.898818359375	0.898525390625	0.898505859375	0.896162109375	0.901123046875	0.898291015625	0.89859375	0.898076171875	0.89814453125	0.897587890625	0.897099609375	0.89712890625	0.897939453125
0.0009765625	0.0009765625	0.0010546875	0.001044921875	0.001083984375	0.00109375	0.001064453125	0.001162109375	0.0011328125	0.001142578125	0.0011328125	0.001337890625	0.00130859375	0.001533203125	0.001533203125	0.001953125	0.00314453125	0.00341796875	0.896962890625	0.8984765625	0.8979296875	0.897158203125	0.898740234375	0.89853515625	0.89947265625	0.896796875	0.896982421875	0.89943359375	0.898876953125	0.899267578125	0.90015625	0.89740234375	0.899013671875	0.89673828125	0.89896484375	0.89837890625	0.898203125	0.900107421875	0.897587890625	0.89869140625	0.897138671875
0.0009765625	0.0009765625	0.001025390625	0.0010546875	0.00111328125	0.001083984375	0.00103515625	0.00111328125	0.00107421875	0.001328125	0.0012109375	0.001220703125	0.0015234375	0.0014453125	0.001669921875	0.002568359375	0.003369140625	0.00333984375	0.89822265625	0.898818359375	0.862041015625	0.897666015625	0.899775390625	0.899716796875	0.89802734375	0.898662109375	0.8977734375	0.898486328125	0.90005859375	0.897880859375	0.8983203125	0.86451171875	0.89724609375	0.898671875	0.898857421875	0.897998046875	0.89826171875	0.899619140625	0.897900390625	0.89865234375	0.899326171875
0.0009765625	0.0009765625	0.00103515625	0.001005859375	0.001044921875	0.00103515625	0.001083984375	0.00109375	0.0011328125	0.001123046875	0.001220703125	0.00140625	0.0013671875	0.001474609375	0.001865234375	0.00328125	0.002744140625	0.896279296875	0.899189453125	0.900400390625	0.896318359375	0.89802734375	0.89775390625	0.898662109375	0.897255859375	0.89857421875	0.8994140625	0.898193359375	0.899443359375	0.899189453125	0.898154296875	0.89916015625	0.89875	0.899033203125	0.89744140625	0.900244140625	0.896953125	0.8992578125	0.898818359375	0.89716796875	0.897578125
0.0009765625	0.0009765625	0.00099609375	0.001015625	0.00099609375	0.001044921875	0.001064453125	0.00109375	0.0010546875	0.001181640625	0.001240234375	0.00123046875	0.00142578125	0.001630859375	0.002216796875	0.003291015625	0.003291015625	0.86279296875	0.89888671875	0.89828125	0.8616796875	0.896435546875	0.897451171875	0.897255859375	0.897294921875	0.89845703125	0.8979296875	0.900009765625	0.898486328125	0.89650390625	0.8970703125	0.89833984375	0.899833984375	0.89984375	0.89876953125	0.90009765625	0.897763671875	0.8990625	0.899130859375	0.86146484375	0.899287109375
0.0009765625	0.0009765625	0.00099609375	0.001015625	0.000986328125	0.00103515625	0.00107421875	0.00111328125	0.00109375	0.001201171875	0.001171875	0.00138671875	0.00130859375	0.001640625	0.00275390625	0.003154296875	0.89794921875	0.8610546875	0.8978515625	0.896787109375	0.898369140625	0.89962890625	0.8998828125	0.89828125	0.898828125	0.898759765625	0.89896484375	0.863505859375	0.8987890625	0.89875	0.897763671875	0.89904296875	0.8983984375	0.90064453125	0.898232421875	0.9001171875	0.89849609375	0.89728515625	0.897060546875	0.8987109375	0.899423828125
0.0009765625	0.0009765625	0.0009765625	0.0010546875	0.001044921875	0.001064453125	0.0010546875	0.001083984375	0.001181640625	0.00115234375	0.00119140625	0.00138671875	0.0014453125	0.0019140625	0.001962890625	0.002783203125	0.89880859375	0.896669921875	0.89927734375	0.899287109375	0.898701171875	0.899326171875	0.897607421875	0.897822265625	0.8984375	0.898017578125	0.8978125	0.897802734375	0.89998046875	0.896943359375	0.89896484375	0.897265625	0.898642578125	0.89921875	0.898515625	0.89986328125	0.89572265625	0.899208984375	0.899189453125	0.8974609375	0.898974609375
0.0009765625	0.0009765625	0.0009765625	0.001064453125	0.001025390625	0.001025390625	0.0010546875	0.001181640625	0.001123046875	0.001162109375	0.00119140625	0.0013671875	0.00166015625	0.001865234375	0.002841796875	0.85845703125	0.89728515625	0.8989453125	0.8981640625	0.8980859375	0.8983984375	0.896435546875	0.89857421875	0.899365234375	0.899921875	0.900654296875	0.89943359375	0.89791015625	0.89984375	0.899365234375	0.897978515625	0.89828125	0.897333984375	0.8980078125	0.896376953125	0.898134765625	0.89689453125	0.900390625	0.899267578125	0.899443359375	0.897421875
0.0009765625	0.0009765625	0.000986328125	0.000986328125	0.001025390625	0.001005859375	0.001064453125	0.001123046875	0.001083984375	0.00119140625	0.00130859375	0.001455078125	0.0018359375	0.00203125	0.011484375	0.898076171875	0.898486328125	0.895927734375	0.900439453125	0.898916015625	0.898515625	0.89775390625	0.898154296875	0.897294921875	0.897080078125	0.89775390625	0.897666015625	0.8996875	0.89736328125	0.899853515625	0.899326171875	0.898916015625	0.89890625	0.896708984375	0.89736328125	0.8962109375	0.90126953125	0.898681640625	0.896708984375	0.898115234375	0.89591796875
0.0009765625	0.0009765625	0.0009765625	0.000986328125	0.00099609375	0.001044921875	0.0010546875	0.00111328125	0.001123046875	0.001240234375	0.001201171875	0.001591796875	0.001708984375	0.002109375	0.897041015625	0.860341796875	0.897451171875	0.898994140625	0.8981640625	0.89875	0.8995703125	0.90001953125	0.899033203125	0.89900390625	0.89759765625	0.89796875	0.898515625	0.896826171875	0.898427734375	0.900361328125	0.8988671875	0.899765625	0.896513671875	0.897548828125	0.89748046875	0.898525390625	0.89771484375	0.896845703125	0.8985546875	0.89685546875	0.89859375
0.0009765625	0.0009765625	0.0009765625	0.0009765625	0.001015625	0.001025390625	0.00107421875	0.0010546875	0.001083984375	0.001064453125	0.001181640625	0.0013671875	0.001689453125	0.0017578125	0.797236328125	0.898271484375	0.897373046875	0.897744140625	0.898583984375	0.897314453125	0.89642578125	0.898154296875	0.898525390625	0.898095703125	0.8976953125	0.899189453125	0.897626953125	0.89447265625	0.89744140625	0.900673828125	0.8973828125	0.89833984375	0.898564453125	0.89740234375	0.897890625	0.898212890625	0.89982421875	0.899658203125	0.89806640625	0.898310546875	0.897744140625
0.0009765625	0.0009765625	0.0009765625	0.0009765625	0.00103515625	0.00103515625	0.001015625	0.001064453125	0.00111328125	0.001240234375	0.001328125	0.001669921875	0.00193359375	0.56130859375	0.718544921875	0.808466796875	0.899921875	0.898359375	0.899521484375	0.899033203125	0.8991015625	0.89916015625	0.897548828125	0.86326171875	0.89662109375	0.897841796875	0.89724609375	0.89650390625	0.897890625	0.899833984375	0.897255859375	0.898134765625	0.9001953125	0.898701171875	0.89919921875	0.899677734375	0.898056640625	0.897890625	0.897890625	0.894990234375	0.897822265625
0.0009765625	0.0009765625	0.0009765625	0.0009765625	0.00099609375	0.001025390625	0.001064453125	0.001044921875	0.00109375	0.001201171875	0.00125	0.001923828125	0.00171875	0.629111328125	0.709833984375	0.818544921875	0.828828125	0.897431640625	0.89837890625	0.89759765625	0.89818359375	0.89806640625	0.8995703125	0.89755859375	0.89802734375	0.89798828125	0.90009765625	0.899970703125	0.898994140625	0.899013671875	0.89955078125	0.899091796875	0.89640625	0.898623046875	0.898955078125	0.896826171875	0.89830078125	0.90009765625	0.89927734375	0.898203125	0.898876953125
0.0009765625	0.0009765625	0.0009765625	0.000986328125	0.000986328125	0.00099609375	0.0010546875	0.00109375	0.00111328125	0.001171875	0.001318359375	0.001748046875	0.511298828125	0.604130859375	0.66466796875	0.798125	0.831533203125	0.839384765625	0.897353515625	0.89755859375	0.897265625	0.9002734375	0.898349609375	0.898251953125	0.900654296875	0.89748046875	0.89939453125	0.90033203125	0.897412109375	0.89828125	0.89849609375	0.89802734375	0.896708984375	0.897373046875	0.897646484375	0.89865234375	0.89916015625	0.895654296875	0.898935546875	0.898984375	0.89912109375
0.0009765625	0.0009765625	0.0009765625	0.0009765625	0.001005859375	0.001015625	0.001005859375	0.0010546875	0.001142578125	0.001181640625	0.0012890625	0.001904296875	0.48599609375	0.577861328125	0.664404296875	0.7394140625	0.830634765625	0.840361328125	0.840771484375	0.897958984375	0.897822265625	0.897724609375	0.898984375	0.8987890625	0.89755859375	0.897880859375	0.900302734375	0.89931640625	0.8974609375	0.899228515625	0.89765625	0.899423828125	0.86283203125	0.89822265625	0.897841796875	0.8978125	0.899423828125	0.89537109375	0.899609375	0.89779296875	0.898427734375
0.0009765625	0.0009765625	0.0009765625	0.0009765625	0.001005859375	0.001005859375	0.001005859375	0.001162109375	0.001103515625	0.001142578125	0.00150390625	0.40533203125	0.47005859375	0.5518359375	0.648603515625	0.759951171875	0.820791015625	0.8407421875	0.843193359375	0.844833984375	0.8982421875	0.898974609375	0.897734375	0.89533203125	0.898515625	0.899111328125	0.89662109375	0.898720703125	0.90033203125	0.8984765625	0.8980078125	0.899345703125	0.900078125	0.898740234375	0.8973828125	0.896943359375	0.898701171875	0.89810546875	0.899130859375	0.89806640625	0.89810546875
0.0009765625	0.0009765625	0.0009765625	0.0009765625	0.0009765625	0.00099609375	0.001015625	0.00107421875	0.001123046875	0.001337890625	0.00126953125	0.401259765625	0.428681640625	0.5146484375	0.65451171875	0.703203125	0.79884765625	0.835419921875	0.8412109375	0.84244140625	0.8437890625	0.897763671875	0.899365234375	0.898359375	0.899580078125	0.898232421875	0.896982421875	0.8988671875	0.896474609375	0.897470703125	0.89810546875	0.898896484375	0.898623046875	0.898984375	0.897119140625	0.8990625	0.900146484375	0.899375	0.8962890625	0.89837890625	0.897939453125
0.0009765625	0.0009765625	0.0009765625	0.0009765625	0.000986328125	0.001005859375	0.0010546875	0.001142578125	0.00119140625	0.001298828125	0.27775390625	0.41734375	0.464453125	0.54708984375	0.64556640625	0.752373046875	0.80712890625	0.833916015625	0.840908203125	0.840166015625	0.845205078125	0.84923828125	0.89779296875	0.897451171875	0.89787109375	0.900029296875	0.899443359375	0.89845703125	0.89736328125	0.897470703125	0.8978125	0.895810546875	0.898671875	0.899228515625	0.89869140625	0.89873046875	0.8987890625	0.89685546875	0.896845703125	0.89583984375	0.897919921875
0.0009765625	0.0009765625	0.0009765625	0.0009765625	0.001005859375	0.000986328125	0.001005859375	0.001103515625	0.001162109375	0.23427734375	0.24390625	0.343544921875	0.45671875	0.580048828125	0.685380859375	0.759638671875	0.80224609375	0.827138671875	0.83923828125	0.8425	0.84193359375	0.849521484375	0.8503515625	0.89830078125	0.899873046875	0.8957421875	0.89923828125	0.89931640625	0.900322265625	0.89796875	0.89841796875	0.900263671875	0.89845703125	0.86357421875	0.898203125	0.8976953125	0.898232421875	0.8977734375	0.898779296875	0.8975390625	0.89552734375
0.0009765625	0.0009765625	0.0009765625	0.0009765625	0.00099609375	0.001015625	0.001064453125	0.00103515625	0.0011328125	0.218818359375	0.27755859375	0.359150390625	0.54525390625	0.61705078125	0.70947265625	0.754658203125	0.803369140625	0.813974609375	0.802216796875	0.841640625	0.842919921875	0.845859375	0.8484765625	0.81408203125	0.896748046875	0.899794921875	0.898720703125	0.8981640625	0.899306640625	0.897255859375	0.899326171875	0.89697265625	0.897978515625	0.89869140625	0.899287109375	0.863251953125	0.898359375	0.896279296875	0.897841796875	0.89716796875	0.898212890625
0.0009765625	0.0009765625	0.0009765625	0.0009765625	0.0009765625	0.000986328125	0.001005859375	0.001044921875	0.001279296875	0.190703125	0.269853515625	0.511201171875	0.531650390625	0.665283203125	0.7146875	0.763447265625	0.789736328125	0.81556640625	0.834365234375	0.83966796875	0.842353515625	0.84857421875	0.847783203125	0.84826171875	0.848310546875	0.89955078125	0.89833984375	0.89787109375	0.89880859375	0.898623046875	0.899375	0.898837890625	0.89853515625	0.8982421875	0.89978515625	0.89833984375	0.897568359375	0.898486328125	0.897119140625	0.897578125	0.897880859375
0.0009765625	0.0009765625	0.0009765625	0.0009765625	0.0009765625	0.0009765625	0.001015625	0.0010546875	0.11439453125	0.231533203125	0.27599609375	0.541640625	0.572666015625	0.667099609375	0.7404296875	0.760556640625	0.782314453125	0.81966796875	0.828515625	0.838486328125	0.841640625	0.84646484375	0.848037109375	0.813701171875	0.846923828125	0.847724609375	0.899677734375	0.89865234375	0.89833984375	0.898251953125	0.898134765625	0.898662109375	0.898876953125	0.89767578125	0.898681640625	0.898427734375	0.897666015625	0.899091796875	0.900166015625	0.898251953125	0.897333984375
0.0009765625	0.0009765625	0.0009765625	0.0009765625	0.0009765625	0.0009765625	0.001025390625	0.001123046875	0.245986328125	0.369052734375	0.5009375	0.5706640625	0.588466796875	0.593505859375	0.7671484375	0.771044921875	0.784375	0.80412109375	0.826533203125	0.835185546875	0.840634765625	0.846015625	0.848955078125	0.8469140625	0.84822265625	0.8477734375	0.84818359375	0.898466796875	0.89880859375	0.89728515625	0.898193359375	0.899013671875	0.897822265625	0.89767578125	0.898740234375	0.89583984375	0.898515625	0.897822265625	0.89771484375	0.897978515625	0.89853515625
0.0009765625	0.0009765625	0.0009765625	0.0009765625	0.0009765625	0.0009765625	0.0010546875	0.1880078125	0.239248046875	0.35123046875	0.504404296875	0.590341796875	0.591396484375	0.610224609375	0.768798828125	0.772978515625	0.785107421875	0.8049609375	0.81201171875	0.83458984375	0.837158203125	0.845478515625	0.847001953125	0.848203125	0.849306640625	0.84873046875	0.848916015625	0.813876953125	0.898896484375	0.89814453125	0.89701171875	0.90009765625	0.89958984375	0.896982421875	0.89892578125	0.89861328125	0.900302734375	0.89921875	0.899833984375	0.899140625	0.8965234375
0.0009765625	0.0009765625	0.0009765625	0.0009765625	0.0009765625	0.001005859375	0.00099609375	0.1523828125	0.271552734375	0.367314453125	0.506982421875	0.568115234375	0.592880859375	0.62205078125	0.677060546875	0.7752734375	0.78318359375	0.795439453125	0.811650390625	0.831279296875	0.836455078125	0.845126953125	0.8471875	0.84841796875	0.8478515625	0.847353515625	0.84716796875	0.848173828125	0.84890625	0.898134765625	0.8987109375	0.8994921875	0.897275390625	0.89806640625	0.900029296875	0.86244140625	0.89873046875	0.897529296875	0.89869140625	0.862060546875	0.896181640625
0.0009765625	0.0009765625	0.0009765625	0.0009765625	0.0009765625	0.000986328125	0.060048828125	0.196162109375	0.275498046875	0.378173828125	0.512568359375	0.590419921875	0.609091796875	0.638017578125	0.6796484375	0.778681640625	0.790341796875	0.795947265625	0.810341796875	0.814208984375	0.8362109375	0.842734375	0.84642578125	0.84654296875	0.84734375	0.848505859375	0.847333984375	0.848173828125	0.846025390625	0.84802734375	0.8992578125	0.900546875	0.895859375	0.89806640625	0.89814453125	0.898544921875	0.89716796875	0.89869140625	0.8975390625	0.898447265625	0.89982421875
0.0009765625	0.0009765625	0.0009765625	0.0009765625	0.0009765625	0.000986328125	0.032763671875	0.172626953125	0.29908203125	0.40140625	0.3693359375	0.604931640625	0.611484375	0.636630859375	0.677470703125	0.68296875	0.789228515625	0.802236328125	0.810400390625	0.814873046875	0.814716796875	0.8421484375	0.8424609375	0.84666015625	0.847919921875	0.84794921875	0.84810546875	0.847734375	0.848583984375	0.848427734375	0.84734375	0.89908203125	0.897626953125	0.8964453125	0.898740234375	0.90025390625	0.898583984375	0.899599609375	0.898251953125	0.897119140625	0.863232421875
0.0009765625	0.0009765625	0.0009765625	0.0009765625	0.0009765625	0.001083984375	0.040673828125	0.196669921875	0.31291015625	0.411650390625	0.43537109375	0.604765625	0.6219921875	0.640341796875	0.680244140625	0.68736328125	0.7917578125	0.801064453125	0.811201171875	0.78203125	0.81439453125	0.843701171875	0.842314453125	0.84345703125	0.847841796875	0.848349609375	0.848603515625	0.8472265625	0.848642578125	0.84845703125	0.84923828125	0.84833984375	0.898466796875	0.89857421875	0.897705078125	0.896455078125	0.898505859375	0.898212890625	0.8978515625	0.8972265625	0.897578125
0.0009765625	0.0009765625	0.0009765625	0.0009765625	0.000986328125	0.001298828125	0.05091796875	0.223896484375	0.247197265625	0.41318359375	0.4166796875	0.611484375	0.61923828125	0.646318359375	0.679951171875	0.688505859375	0.6909375	0.80154296875	0.80607421875	0.8125390625	0.814765625	0.822578125	0.8440234375	0.843955078125	0.843974609375	0.84640625	0.84763671875	0.81435546875	0.84802734375	0.849384765625	0.84580078125	0.847880859375	0.848828125	0.898974609375	0.89755859375	0.863076171875	0.89986328125	0.89732421875	0.89708984375	0.898720703125	0.8975390625
0.0009765625	0.0009765625	0.0009765625	0.0009765625	0.00099609375	0.00130859375	0.0563671875	0.205791015625	0.2380078125	0.41751953125	0.436357421875	0.619482421875	0.63408203125	0.6397265625	0.681962890625	0.686005859375	0.690908203125	0.80171875	0.804541015625	0.812392578125	0.81384765625	0.820517578125	0.841025390625	0.842197265625	0.8424609375	0.84822265625	0.849365234375	0.848232421875	0.847177734375	0.84658203125	0.847890625	0.846240234375	0.847607421875	0.848046875	0.89919921875	0.898046875	0.8991796875	0.898681640625	0.8983203125	0.898916015625	0.8976953125
0.0009765625	0.0009765625	0.0009765625	0.0009765625	0.001103515625	0.001796875	0.071435546875	0.2266796875	0.229560546875	0.422294921875	0.441357421875	0.4928515625	0.636953125	0.641884765625	0.68046875	0.688037109375	0.6911328125	0.6646875	0.805439453125	0.813330078125	0.811875	0.822841796875	0.821484375	0.808515625	0.842890625	0.844951171875	0.846865234375	0.84755859375	0.847392578125	0.848505859375	0.846962890625	0.846806640625	0.8465625	0.85103515625	0.849169921875	0.898798828125	0.899423828125	0.827138671875	0.8973046875	0.901630859375	0.89705078125
0.0009765625	0.0009765625	0.0009765625	0.0009765625	0.00103515625	0.001279296875	0.073349609375	0.110478515625	0.24060546875	0.426640625	0.438037109375	0.472265625	0.641689453125	0.64673828125	0.67623046875	0.683662109375	0.691435546875	0.692392578125	0.80478515625	0.812646484375	0.811806640625	0.818798828125	0.822978515625	0.820205078125	0.844501953125	0.84408203125	0.846357421875	0.847138671875	0.845703125	0.84771484375	0.8478515625	0.845439453125	0.814326171875	0.847724609375	0.847646484375	0.848857421875	0.898955078125	0.89740234375	0.89916015625	0.89833984375	0.898623046875
0.0009765625	0.0009765625	0.0009765625	0.0009765625	0.001083984375	0.001494140625	0.00439453125	0.111923828125	0.2590234375	0.311396484375	0.4287109375	0.49330078125	0.500751953125	0.6478125	0.674658203125	0.689326171875	0.692548828125	0.691572265625	0.69326171875	0.806943359375	0.81255859375	0.819140625	0.8195703125	0.822841796875	0.823681640625	0.84197265625	0.8430859375	0.8442578125	0.847470703125	0.848310546875	0.84732421875	0.84900390625	0.849345703125	0.81423828125	0.84859375	0.85001953125	0.8490625	0.8982421875	0.89876953125	0.896708984375	0.897392578125
0.0009765625	0.0009765625	0.0009765625	0.000986328125	0.001044921875	0.001357421875	0.01126953125	0.120322265625	0.2615625	0.2981640625	0.45205078125	0.49888671875	0.49984375	0.6466796875	0.67548828125	0.6881640625	0.690244140625	0.69224609375	0.692783203125	0.806328125	0.812646484375	0.81900390625	0.8198046875	0.824755859375	0.824541015625	0.8439453125	0.844853515625	0.84587890625	0.848203125	0.84923828125	0.847421875	0.847939453125	0.8489453125	0.846748046875	0.847666015625	0.848681640625	0.849931640625	0.848349609375	0.897939453125	0.898896484375	0.899189453125
0.0009765625	0.0009765625	0.0009765625	0.00099609375	0.001103515625	0.00154296875	0.00859375	0.12095703125	0.263046875	0.311572265625	0.451162109375	0.499130859375	0.502421875	0.646865234375	0.675859375	0.65078125	0.692001953125	0.6937890625	0.69173828125	0.694384765625	0.81197265625	0.81880859375	0.820234375	0.8222265625	0.821845703125	0.82265625	0.843984375	0.842509765625	0.845185546875	0.847138671875	0.84751953125	0.847880859375	0.847958984375	0.847236328125	0.847646484375	0.848662109375	0.850146484375	0.845947265625	0.848359375	0.89962890625	0.89990234375
0.0009765625	0.0009765625	0.0009765625	0.0009765625	0.001103515625	0.001572265625	0.015546875	0.133798828125	0.268505859375	0.31322265625	0.452236328125	0.501796875	0.481298828125	0.501494140625	0.6808203125	0.677685546875	0.691396484375	0.691962890625	0.692841796875	0.693125	0.815244140625	0.82015625	0.81984375	0.822734375	0.8235546875	0.82228515625	0.825615234375	0.84470703125	0.844775390625	0.84458984375	0.84845703125	0.846982421875	0.8466015625	0.849306640625	0.848466796875	0.849541015625	0.84875	0.847802734375	0.848359375	0.848115234375	0.897138671875
0.0009765625	0.0009765625	0.0009765625	0.0009765625	0.0010546875	0.00130859375	0.01005859375	0.115400390625	0.113603515625	0.300517578125	0.3021875	0.499208984375	0.503193359375	0.501337890625	0.681376953125	0.652373046875	0.677158203125	0.693916015625	0.691826171875	0.69205078125	0.6950390625	0.819951171875	0.819130859375	0.8173046875	0.82064453125	0.820556640625	0.821923828125	0.845322265625	0.8443359375	0.845009765625	0.84376953125	0.847919921875	0.84693359375	0.8473828125	0.848203125	0.848466796875	0.8483203125	0.846416015625	0.847802734375	0.848193359375	0.845458984375
