1.0	1.232	1.256	1.208	1.272	1.2080000000000002	1.1840000000000002	1.272	1.344	1.336	1.36	1.4480000000000002	1.5839999999999996	1.5679999999999998	2.048	1.984	1.992	2.928	4.296	3.832	3.928	21.919999999999995	21.671999999999997	21.192	21.375999999999998	20.6	20.688000000000002	20.424000000000003	21.0	20.6	20.416	20.64	20.6	20.632000000000005	20.567999999999998	20.992000000000004	20.624	20.671999999999997	20.792	20.752	20.352
1.0	1.208	1.264	1.248	1.248	1.248	1.32	1.256	1.288	1.352	1.3840000000000001	1.5119999999999998	1.6400000000000001	1.592	2.024	2.088	2.9520000000000004	3.5999999999999996	4.528	3.7920000000000007	21.880000000000003	21.832	21.712000000000003	21.504	21.064	20.832	21.0	20.424	20.496000000000002	20.680000000000003	20.664	20.887999999999998	21.128	20.536	20.471999999999998	20.823999999999998	20.791999999999998	20.744	20.568000000000005	20.664	20.456
1.0	1.1760000000000002	1.192	1.152	1.232	1.192	1.24	1.296	1.256	1.352	1.44	1.48	1.536	1.56	2.064	2.088	2.96	3.984	4.112	14.872	21.752	21.543999999999997	21.296	20.984	20.592	20.800000000000004	20.711999999999996	20.84	20.784000000000002	20.624	20.856	20.712000000000003	20.528000000000002	20.720000000000002	20.576	20.584	20.656	20.472	20.664	20.560000000000002	20.759999999999998
1.0	1.1600000000000001	1.208	1.144	1.304	1.272	1.336	1.264	1.272	1.368	1.4000000000000001	1.4560000000000002	1.576	1.736	2.168	2.624	3.4719999999999995	3.992	4.136	22.464	21.751999999999995	21.631999999999998	21.32	21.16	21.104	21.264000000000003	21.04	20.448	20.727999999999998	20.519999999999996	20.8	20.976	20.504	20.648	21.032000000000004	20.624000000000002	20.791999999999998	20.584000000000003	20.52	20.512	20.384
1.0	1.048	1.104	1.1199999999999999	1.192	1.224	1.328	1.24	1.192	1.4160000000000001	1.456	1.6400000000000001	1.4960000000000002	1.8319999999999999	2.1359999999999997	2.728	3.6879999999999997	4.264	4.288	21.752000000000002	21.751999999999995	21.344	20.92	20.752	20.632	20.576	20.944000000000003	20.744	20.76	20.88	20.952000000000005	20.68	20.903999999999996	20.784	20.503999999999998	20.632000000000005	20.496	20.664	20.528	20.56	20.6
1.0	1.008	1.1360000000000001	1.248	1.1520000000000001	1.224	1.216	1.32	1.304	1.312	1.432	1.6800000000000002	1.6800000000000002	2.032	1.952	2.52	4.168	4.36	22.752000000000002	21.887999999999998	21.479999999999997	21.144000000000002	20.984	20.775999999999996	21.032	20.904000000000003	21.055999999999997	20.703999999999997	20.535999999999998	20.616	20.368	20.664	20.44	20.624000000000002	20.672	20.576	20.671999999999997	20.728	20.832	20.456000000000003	20.816000000000003
1.0	1.024	1.096	1.1280000000000001	1.192	1.1840000000000002	1.216	1.264	1.304	1.4080000000000001	1.368	1.5439999999999998	1.8399999999999999	1.904	2.456	3.3199999999999994	4.48	4.072	22.072000000000003	21.520000000000003	21.375999999999998	20.560000000000002	20.8	21.216	20.735999999999997	20.808	20.512	20.568	20.624	20.544	20.536	20.248	20.855999999999998	20.472	20.808	20.672000000000004	21.032	20.759999999999998	20.752000000000002	20.623999999999995	20.392
1.0	1.008	1.056	1.112	1.2	1.224	1.216	1.2160000000000002	1.264	1.3519999999999999	1.48	1.712	1.656	1.8399999999999999	2.424	3.84	3.992	22.439999999999998	21.887999999999998	21.807999999999996	20.976	21.088	20.328000000000003	20.968	21.232	20.776	20.432000000000002	20.56	20.663999999999998	20.368000000000002	20.912	20.520000000000003	20.728	20.951999999999998	20.728	20.392000000000003	20.96	20.584	20.624000000000002	20.008	20.584000000000003
1.0	1.0	1.016	1.104	1.12	1.176	1.248	1.264	1.24	1.28	1.4800000000000002	1.6400000000000001	1.696	2.28	2.88	3.7119999999999997	4.392	22.416000000000004	22.199999999999996	21.392000000000003	20.936	20.936	20.832	20.664	20.44	20.72	20.848	20.496000000000002	20.56	20.407999999999998	20.448	20.808	20.656000000000002	20.480000000000004	20.511999999999997	20.872	20.664	20.736	20.864	20.352	20.56
1.0	1.0	1.04	1.072	1.128	1.1680000000000001	1.208	1.344	1.256	1.32	1.3840000000000001	1.7279999999999998	1.8399999999999999	2.4	3.2719999999999994	3.936	22.496000000000002	21.863999999999997	21.528	21.183999999999997	21.216	20.656	20.823999999999998	20.576	20.976	20.6	20.711999999999996	20.376	20.368000000000002	20.848	20.688	20.624000000000002	20.208000000000002	20.688000000000002	20.656000000000002	20.44	20.616	20.832	20.36	20.84	20.752000000000002
1.0	1.0	1.008	1.072	1.1280000000000001	1.1440000000000001	1.152	1.208	1.248	1.352	1.36	1.6959999999999997	1.8399999999999999	2.488	3.1039999999999996	3.8960000000000004	23.08	22.592	21.352	21.224000000000004	21.288	20.784000000000002	20.808	20.991999999999997	20.752000000000002	20.647999999999996	20.664	20.448	20.688000000000002	20.608	20.704	20.488	21.032	20.832	20.552	20.736	20.64	20.448	20.48	21.008000000000003	20.887999999999998
1.0	1.0	1.024	1.08	1.152	1.16	1.184	1.2240000000000002	1.264	1.32	1.472	1.632	2.2319999999999998	2.8560000000000003	3.8480000000000003	22.351999999999997	21.856	21.432000000000002	21.048	21.288	21.2	21.151999999999997	20.352	20.896	20.648000000000003	20.767999999999994	20.736	20.432000000000002	20.680000000000003	20.568	20.784	20.592	20.568	20.528000000000002	20.856	20.856	20.656000000000002	20.368000000000002	20.200000000000003	20.752000000000002	21.064
1.0	1.0	1.008	1.024	1.152	1.1199999999999999	1.16	1.312	1.264	1.4320000000000002	1.512	1.688	2.72	2.664	11.864	22.376	21.344	21.208000000000002	21.16	20.712	20.848	20.664	20.991999999999997	20.503999999999998	20.768	20.567999999999998	20.544	20.552	20.584	20.360000000000003	20.472	20.416	20.695999999999998	20.512	20.583999999999996	20.608	20.832	20.576	20.680000000000003	20.912	20.528000000000002
1.0	1.0	1.016	1.024	1.064	1.1520000000000001	1.12	1.256	1.24	1.3760000000000001	1.464	1.944	2.304	2.496	22.224000000000004	22.208	21.784	21.128	21.168	20.784	20.856	20.72	20.631999999999998	20.496	20.759999999999998	20.847999999999995	20.48	20.311999999999998	20.752	20.712	20.8	20.479999999999997	20.448	20.856	20.680000000000003	20.368	20.519999999999996	20.848000000000003	20.400000000000002	20.488	20.712
1.0	1.0	1.008	1.032	1.104	1.08	1.1360000000000001	1.304	1.36	1.48	1.4960000000000002	2.136	2.592	2.24	22.055999999999997	21.968000000000004	20.984	21.104	20.464000000000002	20.56	20.68	20.92	20.816000000000003	20.832	20.632	20.375999999999998	20.407999999999998	20.488	20.759999999999998	20.760000000000005	20.704	20.568	20.951999999999998	20.784	20.68	20.624000000000002	20.432000000000002	20.896	20.448	20.631999999999998	20.416000000000004
1.0	1.0	1.0	1.008	1.072	1.104	1.184	1.184	1.336	1.52	1.6560000000000001	2.616	2.648	21.688000000000002	21.584000000000003	21.408	21.439999999999998	21.024	20.799999999999997	21.072000000000003	20.808	20.599999999999994	20.792	20.408	20.768	20.520000000000003	20.816000000000003	20.695999999999998	20.664	20.432000000000002	21.176	20.584000000000003	20.68	20.592	20.584	20.552000000000003	20.792	20.712	20.496000000000002	20.624000000000002	20.56
1.0	1.0	1.0	1.0	1.024	1.08	1.168	1.216	1.264	1.5519999999999998	1.7120000000000002	2.688	2.816	21.495999999999995	21.375999999999998	21.248	20.984	20.784	20.927999999999997	20.791999999999998	20.400000000000002	20.775999999999996	20.448	20.872	20.520000000000003	20.56	20.688	20.472	20.48	20.624	20.592	20.496000000000002	20.816	20.888	20.776	20.904000000000003	20.448	20.592	20.656	20.904	20.616
1.0	1.0	1.0	1.016	1.016	1.072	1.152	1.24	1.224	1.4320000000000002	1.6880000000000002	2.704	21.799999999999997	21.008000000000003	20.336	20.64	20.336000000000002	20.744	21.008000000000003	21.0	20.432	20.704	20.640000000000004	20.768	20.752000000000002	21.072	20.848	20.456	20.92	20.608	20.544	20.791999999999998	20.752	20.632	20.496000000000002	20.704	20.752000000000002	20.832	20.472	20.432000000000002	20.688
1.0	1.0	1.0	1.008	1.024	1.064	1.12	1.208	1.312	1.56	1.8319999999999999	2.768	21.12	20.535999999999998	20.464000000000002	20.304	20.616	20.671999999999997	20.744	20.736	20.576	20.479999999999997	20.512	20.728	20.496000000000002	20.688	20.992	20.936	20.64	20.432	20.752000000000002	20.536	20.512	20.312	20.264	20.256	20.752	20.896	20.520000000000003	20.759999999999998	20.936
1.0	1.0	1.0	1.008	1.024	1.1280000000000001	1.1440000000000001	1.2080000000000002	1.256	1.616	1.7759999999999998	20.848	20.928	20.072000000000003	20.16	20.503999999999998	20.368000000000002	20.976	20.376	20.607999999999997	20.928	20.944	20.792	20.736000000000004	20.648	20.648000000000003	20.464	20.816	20.688000000000002	20.528	20.791999999999998	20.832	20.92	20.823999999999998	20.584	20.552	20.544	21.048000000000002	20.512	20.784000000000002	20.832
1.0	1.0	1.0	1.008	1.008	1.032	1.088	1.2000000000000002	1.312	1.744	1.7440000000000002	20.968	19.736	19.512	19.864	19.976	20.32	20.456000000000003	20.488	20.432000000000002	20.28	20.503999999999998	20.616	20.568	20.52	20.464	20.664	20.639999999999997	20.656	20.528	20.927999999999997	20.68	20.832	20.552	20.888	20.92	20.855999999999998	20.736	20.424	20.632	20.616
1.0	1.0	1.0	1.0	1.008	1.056	1.1360000000000001	1.208	1.328	1.8399999999999999	21.240000000000002	19.736	19.144	19.272	19.44	19.976	20.208000000000002	20.119999999999997	20.256	20.616	20.208000000000002	20.64	20.64	20.872	20.552	20.991999999999997	20.656	20.688000000000002	20.312	20.4	20.464	20.496000000000002	20.832	20.480000000000004	20.656	20.92	20.768	20.952	20.664	20.952	20.775999999999996
1.0	1.0	1.0	1.0	1.016	1.024	1.096	1.16	1.536	21.887999999999998	20.480000000000004	19.36	19.272	18.944000000000003	19.543999999999997	19.424	19.959999999999997	20.376	20.592000000000002	20.584	20.472	20.328	20.663999999999998	20.592	20.664	20.616	20.76	20.496	20.544	20.376	20.48	20.584000000000003	20.72	20.48	20.48	20.872000000000003	20.456000000000003	20.624	20.479999999999997	20.695999999999998	20.68
1.0	1.0	1.0	1.0	1.016	1.032	1.064	1.12	1.4960000000000002	20.968000000000004	20.96	19.695999999999998	18.96	19.056	19.408	19.799999999999997	19.96	20.024	20.240000000000002	20.464	20.744	20.328000000000003	20.240000000000002	20.344	20.656	20.576	20.512	20.847999999999995	20.808	20.823999999999998	20.503999999999998	20.592000000000002	20.848	20.567999999999998	20.768	21.048	20.519999999999996	20.624	20.664	20.720000000000002	20.592
1.0	1.0	1.0	1.0	1.008	1.024	1.056	1.184	1.5279999999999998	20.824	19.864	18.671999999999997	19.496	19.032	19.432000000000002	19.704	19.544	19.912	20.328	19.983999999999998	20.287999999999997	20.528	20.192	20.512	20.216	20.536	20.480000000000004	20.384	20.784	20.576	20.624000000000002	20.912	20.352	20.744	20.607999999999997	20.464	20.583999999999996	20.72	20.8	20.608000000000004	20.68
1.0	1.0	1.0	1.008	1.0	1.0	1.04	1.328	20.464	20.904	20.608000000000004	19.408	19.384	19.0	19.416	19.504	19.496	20.128	20.064	20.704	19.888	20.168	20.728	20.464000000000002	20.12	20.592000000000002	20.384	20.336	20.712	20.408	20.688000000000002	20.448	20.775999999999996	20.712	20.624000000000002	20.919999999999998	20.616	20.584	20.520000000000003	20.536	20.6
1.0	1.0	1.0	1.0	1.0	1.0	1.088	1.432	21.296	20.296000000000003	19.168	19.04	19.296	18.976	19.784	19.472	19.896	20.04	20.200000000000003	20.328	20.056	20.688000000000002	20.312	20.416000000000004	20.536	20.256	20.543999999999997	20.648	20.608	20.664	20.88	20.648000000000003	20.688000000000002	20.536	20.536	20.728	20.2	20.92	20.496000000000002	20.840000000000003	20.704
1.0	1.0	1.0	1.0	1.0	1.0	1.1039999999999999	20.792	21.344	20.96	19.192	19.256	19.44	19.216	19.552	19.72	19.6	19.992	19.912	20.296	20.351999999999997	20.352	20.272	20.616	20.504	20.432	20.448	20.36	20.68	20.720000000000002	20.632	20.64	20.983999999999998	20.472	20.52	20.68	20.728	20.703999999999997	20.944000000000003	20.88	20.759999999999998
1.0	1.0	1.0	1.0	1.0	1.016	1.08	25.92	21.352	20.567999999999998	18.944000000000003	19.192	19.312	19.224	19.88	19.744	19.632	19.736	19.872	20.368000000000002	20.336	20.176	20.336000000000002	20.56	20.336000000000002	20.304000000000002	20.504	20.688000000000002	20.16	20.48	20.744	20.832	20.48	20.528	20.472	20.704	20.928	20.944	20.832	20.496000000000002	21.096000000000004
1.0	1.0	1.0	1.0	1.008	1.024	17.432000000000002	25.991999999999997	21.816000000000003	20.552	18.648	19.576	19.224	19.352	20.128	19.408	19.384	19.504	20.176000000000002	20.168000000000003	20.208	20.128	20.624000000000002	20.496	20.368	20.328	20.415999999999997	20.488	20.336	20.016	20.944000000000003	20.76	20.688	20.44	20.863999999999997	20.504	20.368	20.664	20.968000000000004	20.632	20.68
1.0	1.0	1.0	1.0	1.0	1.008	21.272	24.272	21.128	20.928	21.224	19.744	19.52	20.072000000000003	20.0	20.336	19.863999999999997	19.887999999999998	20.208000000000002	20.2	20.343999999999998	20.64	20.392000000000003	20.384	20.416	20.656000000000002	20.560000000000002	20.448	20.408	20.328	20.328000000000003	20.488	20.456	20.984	20.744	21.032	21.016	20.560000000000002	20.64	20.688	20.192
1.0	1.0	1.0	1.0	1.0	1.16	22.576	25.808	21.408	21.016000000000005	21.568000000000005	19.528000000000002	19.704	19.416000000000004	20.016000000000002	20.160000000000004	19.784	19.72	19.76	19.968	20.456000000000003	20.192	20.32	20.439999999999998	20.312	20.272000000000002	20.456	20.439999999999998	20.336	20.464	20.28	20.256	20.68	20.536	20.672	20.791999999999998	20.672	20.496000000000002	20.768	20.888	20.663999999999998
1.0	1.0	1.0	1.0	1.008	1.5359999999999998	25.488	28.272	28.344	21.784	21.584000000000003	19.240000000000002	19.983999999999998	19.856	20.336	20.176000000000002	20.24	19.64	20.240000000000002	20.224000000000004	19.951999999999998	20.200000000000003	20.248	20.456	20.408	20.304000000000002	20.136	20.48	20.6	20.624000000000002	20.624000000000002	20.536	20.464000000000002	20.592	20.744	20.512	20.8	20.272	20.48	20.776000000000003	20.664
1.0	1.0	1.0	1.0	1.0	2.008	28.112	25.736	27.696000000000005	22.087999999999997	21.583999999999996	19.104	20.08	20.368	20.504000000000005	20.376	20.223999999999997	19.567999999999998	19.944000000000003	20.368	20.0	20.344	20.224000000000004	20.344	20.696	20.375999999999998	20.576	20.288000000000004	20.296000000000003	20.2	20.616000000000003	20.576	20.512	20.672	20.912	20.720000000000002	20.656	20.632	20.8	20.592000000000002	20.848000000000003
1.0	1.0	1.0	1.0	1.1280000000000001	2.312	26.232	29.584	28.400000000000002	22.223999999999997	21.559999999999995	22.024	20.144	20.04	20.168	20.28	20.216	20.312	20.048000000000002	20.152	20.023999999999997	20.480000000000004	20.016000000000002	20.264	20.328	20.328	20.272	20.392	20.408	20.392	20.376	20.304000000000002	20.592	20.232000000000003	20.552	20.768	20.624000000000002	20.456000000000003	20.536	20.808	20.68
1.0	1.0	1.0	1.0	1.168	1.6640000000000001	32.968	33.327999999999996	26.784000000000002	21.535999999999998	22.456000000000003	22.024	20.712	20.432	20.408	20.240000000000002	19.984	20.392000000000003	20.104	20.392	20.072000000000003	20.528	20.567999999999998	20.488	20.479999999999997	20.408	20.448	20.544	20.304000000000002	20.376	20.408	20.247999999999998	20.36	20.64	20.448	20.792	20.416	20.735999999999997	20.808	20.503999999999998	20.472
1.0	1.0	1.0	1.0	1.1600000000000001	1.9840000000000002	7.184	34.856	28.112	28.160000000000004	22.120000000000005	21.991999999999997	22.032	20.32	20.432000000000002	20.439999999999998	20.192	20.336000000000002	20.384	20.288	20.024	20.384	20.136	20.376	20.304000000000002	20.336000000000002	20.448	20.432	20.408	20.416	20.200000000000003	20.6	20.384	20.192	20.36	20.480000000000004	20.272000000000002	20.664	20.656000000000002	20.36	20.839999999999996
1.0	1.0	1.0	1.0	1.112	2.016	9.863999999999999	30.343999999999998	28.392000000000003	26.752000000000002	22.464000000000002	22.432000000000002	22.384	20.376	20.544	20.696	20.240000000000002	19.768	20.159999999999997	19.968	20.28	20.184	20.248	20.264	20.472000000000005	20.152	20.064	20.439999999999998	20.64	20.464000000000002	20.648000000000003	20.096	20.392000000000003	20.2	20.608	20.64	20.592	20.496	20.648	20.76	20.864000000000004
1.0	1.0	1.0	1.0	1.104	1.8320000000000003	8.528	36.608000000000004	27.872	28.008000000000003	22.480000000000004	21.944000000000003	22.224000000000004	20.552	20.656	20.951999999999998	20.416	20.32	20.584000000000003	20.328000000000003	20.200000000000003	20.2	20.032	19.928	20.584	20.248	20.287999999999997	20.32	20.200000000000003	20.56	20.376	20.368	20.376	20.536	20.304000000000002	20.456000000000003	20.791999999999998	20.272000000000002	20.6	20.671999999999997	20.456000000000003
1.0	1.0	1.0	1.0	1.112	2.032	10.647999999999998	36.336	26.464	26.752000000000002	22.759999999999998	22.616	22.264	22.272	20.848	20.68	20.312	20.176000000000002	20.584000000000003	20.28	20.048000000000002	20.136	20.088	20.584	20.376	20.272	20.439999999999998	20.28	20.552	19.984	20.528	20.472	20.464000000000002	20.32	20.304000000000002	20.352	20.784	20.36	20.328	20.32	20.663999999999998
1.0	1.0	1.0	1.0	1.032	1.6	7.696	35.72	34.16	27.28	27.976	22.919999999999998	22.464	22.367999999999995	20.656000000000002	20.504	20.736	20.776000000000003	20.671999999999997	20.272000000000002	20.631999999999998	20.552	20.096	20.28	20.2	20.344	20.064	20.279999999999998	20.583999999999996	20.432	20.607999999999997	20.392	20.496000000000002	20.703999999999997	20.256	20.544	20.496000000000002	20.543999999999997	20.36	20.528000000000002	20.448
