1.0	0.0	0.0	0.0	0.0	0.0
2.0	0.0018359375	0.00171875	0.002197265625	0.001865234375	0.00193359375
3.0	0.008779296875	0.006318359375	0.007958984375	0.00642578125	0.007724609375
4.0	0.03533203125	0.030126953125	0.03025390625	0.028076171875	0.032158203125
5.0	0.110693359375	0.09998046875	0.10419921875	0.09720703125	0.108544921875
6.0	0.26201171875	0.244404296875	0.2550390625	0.227841796875	0.263046875
7.0	0.4719140625	0.44662109375	0.452666015625	0.404970703125	0.442919921875
8.0	0.6851953125	0.6388671875	0.627666015625	0.557568359375	0.5719140625
9.0	0.845302734375	0.779892578125	0.740341796875	0.6470703125	0.62763671875
10.0	0.936748046875	0.86732421875	0.802275390625	0.676376953125	0.630595703125
11.0	0.9789453125	0.921611328125	0.838349609375	0.657841796875	0.60845703125
12.0	0.994794921875	0.956455078125	0.85884765625	0.612587890625	0.5730078125
13.0	0.99916015625	0.97734375	0.859892578125	0.56669921875	0.535078125
14.0	0.999921875	0.98951171875	0.843037109375	0.522763671875	0.4942578125
15.0	0.99998046875	0.995615234375	0.793779296875	0.47765625	0.45087890625
16.0	1.0	0.99810546875	0.6881640625	0.43126953125	0.409677734375
17.0	1.0	0.99923828125	0.52123046875	0.387470703125	0.3715234375
18.0	1.0	0.999638671875	0.37857421875	0.346474609375	0.331416015625
19.0	1.0	0.999794921875	0.295986328125	0.313115234375	0.2945703125
20.0	1.0	0.99982421875	0.258935546875	0.281787109375	0.2616796875
21.0	1.0	0.99982421875	0.237578125	0.251015625	0.231484375
22.0	1.0	0.99982421875	0.217177734375	0.221376953125	0.204833984375
23.0	1.0	0.99982421875	0.202001953125	0.195791015625	0.1803125
24.0	1.0	0.99982421875	0.19005859375	0.17083984375	0.158310546875
25.0	1.0	0.99982421875	0.179375	0.149658203125	0.1380078125
26.0	1.0	0.99982421875	0.1662890625	0.13056640625	0.120458984375
27.0	1.0	0.99982421875	0.153134765625	0.11396484375	0.104931640625
28.0	1.0	0.99982421875	0.140791015625	0.098662109375	0.09033203125
29.0	1.0	0.99982421875	0.128427734375	0.085029296875	0.078583984375
30.0	1.0	0.99982421875	0.11671875	0.07318359375	0.06796875
31.0	1.0	0.99982421875	0.105380859375	0.06318359375	0.057548828125
32.0	1.0	0.99982421875	0.0939453125	0.0547265625	0.049228515625
33.0	1.0	0.99982421875	0.083095703125	0.04705078125	0.04248046875
34.0	1.0	0.99982421875	0.07314453125	0.04044921875	0.03646484375
35.0	1.0	0.99982421875	0.0639453125	0.0346484375	0.03189453125
36.0	1.0	0.99982421875	0.056630859375	0.029453125	0.027177734375
37.0	1.0	0.99982421875	0.049345703125	0.02513671875	0.0232421875
38.0	1.0	0.99982421875	0.04359375	0.0212890625	0.01998046875
39.0	1.0	0.99982421875	0.03791015625	0.01818359375	0.017255859375
40.0	1.0	0.99982421875	0.03287109375	0.015615234375	0.0146484375
41.0	1.0	0.99982421875	0.028857421875	0.01341796875	0.012392578125
42.0	1.0	0.99982421875	0.025205078125	0.01123046875	0.010400390625
43.0	1.0	0.99982421875	0.021767578125	0.009404296875	0.008857421875
44.0	1.0	0.99982421875	0.018955078125	0.00794921875	0.007294921875
45.0	1.0	0.99982421875	0.016240234375	0.00673828125	0.006298828125
46.0	1.0	0.99982421875	0.014072265625	0.00583984375	0.00541015625
47.0	1.0	0.99982421875	0.012109375	0.004990234375	0.00474609375
48.0	1.0	0.99982421875	0.009921875	0.00421875	0.0039453125
49.0	1.0	0.99982421875	0.008466796875	0.003623046875	0.003427734375
50.0	1.0	0.99982421875	0.0073046875	0.00302734375	0.00287109375
51.0	1.0	0.99982421875	0.006318359375	0.002685546875	0.00234375
52.0	1.0	0.99982421875	0.005390625	0.002158203125	0.002060546875
53.0	1.0	0.99982421875	0.004716796875	0.001826171875	0.001728515625
54.0	1.0	0.99982421875	0.003984375	0.00158203125	0.00146484375
55.0	1.0	0.99982421875	0.003427734375	0.0012890625	0.001298828125
56.0	1.0	0.99982421875	0.002978515625	0.001064453125	0.00111328125
57.0	1.0	0.99982421875	0.0026171875	0.0009375	0.0009765625
58.0	1.0	0.99982421875	0.002265625	0.0008203125	0.00083984375
59.0	1.0	0.99982421875	0.0019140625	0.000654296875	0.000693359375
60.0	1.0	0.99982421875	0.001689453125	0.00056640625	0.000634765625
61.0	1.0	0.99982421875	0.001455078125	0.00044921875	0.00056640625
62.0	1.0	0.99982421875	0.00125	0.000380859375	0.0005078125
63.0	1.0	0.99982421875	0.00109375	0.00033203125	0.000361328125
64.0	1.0	0.99982421875	0.000927734375	0.000263671875	0.000244140625
65.0	1.0	0.99982421875	0.000810546875	0.000205078125	0.000234375
66.0	1.0	0.99982421875	0.000693359375	0.0001953125	0.000205078125
67.0	1.0	0.99982421875	0.000625	0.00017578125	0.000166015625
68.0	1.0	0.99982421875	0.000546875	0.000166015625	0.000146484375
69.0	1.0	0.99982421875	0.000439453125	0.000126953125	0.0001171875
70.0	1.0	0.99982421875	0.00037109375	9.765625e-5	7.8125e-5
71.0	1.0	0.99982421875	0.000302734375	8.7890625e-5	7.8125e-5
72.0	1.0	0.99982421875	0.0002734375	7.8125e-5	6.8359375e-5
73.0	1.0	0.99982421875	0.000234375	6.8359375e-5	3.90625e-5
74.0	1.0	0.99982421875	0.000205078125	5.859375e-5	3.90625e-5
75.0	1.0	0.99982421875	0.00015625	3.90625e-5	3.90625e-5
76.0	1.0	0.99982421875	0.0001171875	3.90625e-5	3.90625e-5
77.0	1.0	0.99982421875	0.0001171875	2.9296875e-5	3.90625e-5
78.0	1.0	0.99982421875	9.765625e-5	1.953125e-5	3.90625e-5
79.0	1.0	0.99982421875	7.8125e-5	1.953125e-5	3.90625e-5
80.0	1.0	0.99982421875	4.8828125e-5	1.953125e-5	3.90625e-5
81.0	1.0	0.99982421875	2.9296875e-5	9.765625e-6	3.90625e-5
82.0	1.0	0.99982421875	1.953125e-5	9.765625e-6	3.90625e-5
83.0	1.0	0.99982421875	1.953125e-5	9.765625e-6	2.9296875e-5
84.0	1.0	0.99982421875	1.953125e-5	9.765625e-6	1.953125e-5
85.0	1.0	0.99982421875	0.0	0.0	9.765625e-6
86.0	1.0	0.99982421875	0.0	0.0	9.765625e-6
87.0	1.0	0.99982421875	0.0	0.0	9.765625e-6
88.0	1.0	0.99982421875	0.0	0.0	9.765625e-6
89.0	1.0	0.99982421875	0.0	0.0	9.765625e-6
90.0	1.0	0.99982421875	0.0	0.0	0.0
91.0	1.0	0.99982421875	0.0	0.0	0.0
92.0	1.0	0.99982421875	0.0	0.0	0.0
93.0	1.0	0.99982421875	0.0	0.0	0.0
94.0	1.0	0.99982421875	0.0	0.0	0.0
95.0	1.0	0.99982421875	0.0	0.0	0.0
96.0	1.0	0.99982421875	0.0	0.0	0.0
97.0	1.0	0.99982421875	0.0	0.0	0.0
98.0	1.0	0.99982421875	0.0	0.0	0.0
99.0	1.0	0.99982421875	0.0	0.0	0.0
100.0	1.0	0.99982421875	0.0	0.0	0.0
101.0	1.0	0.99982421875	0.0	0.0	0.0
102.0	1.0	0.99982421875	0.0	0.0	0.0
103.0	1.0	0.99982421875	0.0	0.0	0.0
104.0	1.0	0.99982421875	0.0	0.0	0.0
105.0	1.0	0.99982421875	0.0	0.0	0.0
106.0	1.0	0.99982421875	0.0	0.0	0.0
107.0	1.0	0.99982421875	0.0	0.0	0.0
108.0	1.0	0.99982421875	0.0	0.0	0.0
109.0	1.0	0.99982421875	0.0	0.0	0.0
110.0	1.0	0.99982421875	0.0	0.0	0.0
111.0	1.0	0.99982421875	0.0	0.0	0.0
112.0	1.0	0.99982421875	0.0	0.0	0.0
113.0	1.0	0.99982421875	0.0	0.0	0.0
114.0	1.0	0.99982421875	0.0	0.0	0.0
115.0	1.0	0.99982421875	0.0	0.0	0.0
116.0	1.0	0.99982421875	0.0	0.0	0.0
117.0	1.0	0.99982421875	0.0	0.0	0.0
118.0	1.0	0.99982421875	0.0	0.0	0.0
119.0	1.0	0.99982421875	0.0	0.0	0.0
120.0	1.0	0.99982421875	0.0	0.0	0.0
121.0	1.0	0.99982421875	0.0	0.0	0.0
122.0	1.0	0.99982421875	0.0	0.0	0.0
123.0	1.0	0.99982421875	0.0	0.0	0.0
124.0	1.0	0.99982421875	0.0	0.0	0.0
125.0	1.0	0.99982421875	0.0	0.0	0.0
126.0	1.0	0.99982421875	0.0	0.0	0.0
127.0	1.0	0.99982421875	0.0	0.0	0.0
128.0	1.0	0.99982421875	0.0	0.0	0.0
129.0	1.0	0.99982421875	0.0	0.0	0.0
130.0	1.0	0.99982421875	0.0	0.0	0.0
131.0	1.0	0.99982421875	0.0	0.0	0.0
132.0	1.0	0.99982421875	0.0	0.0	0.0
133.0	1.0	0.99982421875	0.0	0.0	0.0
134.0	1.0	0.99982421875	0.0	0.0	0.0
135.0	1.0	0.99982421875	0.0	0.0	0.0
136.0	1.0	0.99982421875	0.0	0.0	0.0
137.0	1.0	0.99982421875	0.0	0.0	0.0
138.0	1.0	0.99982421875	0.0	0.0	0.0
139.0	1.0	0.99982421875	0.0	0.0	0.0
140.0	1.0	0.99982421875	0.0	0.0	0.0
141.0	1.0	0.99982421875	0.0	0.0	0.0
142.0	1.0	0.99982421875	0.0	0.0	0.0
143.0	1.0	0.99982421875	0.0	0.0	0.0
144.0	1.0	0.99982421875	0.0	0.0	0.0
145.0	1.0	0.99982421875	0.0	0.0	0.0
146.0	1.0	0.99982421875	0.0	0.0	0.0
147.0	1.0	0.99982421875	0.0	0.0	0.0
148.0	1.0	0.99982421875	0.0	0.0	0.0
149.0	1.0	0.99982421875	0.0	0.0	0.0
150.0	1.0	0.99982421875	0.0	0.0	0.0
151.0	1.0	0.99982421875	0.0	0.0	0.0
152.0	1.0	0.99982421875	0.0	0.0	0.0
153.0	1.0	0.99982421875	0.0	0.0	0.0
154.0	1.0	0.99982421875	0.0	0.0	0.0
155.0	1.0	0.99982421875	0.0	0.0	0.0
156.0	1.0	0.99982421875	0.0	0.0	0.0
157.0	1.0	0.99982421875	0.0	0.0	0.0
158.0	1.0	0.99982421875	0.0	0.0	0.0
159.0	1.0	0.99982421875	0.0	0.0	0.0
160.0	1.0	0.99982421875	0.0	0.0	0.0
161.0	1.0	0.99982421875	0.0	0.0	0.0
162.0	1.0	0.99982421875	0.0	0.0	0.0
163.0	1.0	0.99982421875	0.0	0.0	0.0
164.0	1.0	0.99982421875	0.0	0.0	0.0
165.0	1.0	0.99982421875	0.0	0.0	0.0
166.0	1.0	0.99982421875	0.0	0.0	0.0
167.0	1.0	0.99982421875	0.0	0.0	0.0
168.0	1.0	0.99982421875	0.0	0.0	0.0
169.0	1.0	0.99982421875	0.0	0.0	0.0
170.0	1.0	0.99982421875	0.0	0.0	0.0
171.0	1.0	0.99982421875	0.0	0.0	0.0
172.0	1.0	0.99982421875	0.0	0.0	0.0
173.0	1.0	0.99982421875	0.0	0.0	0.0
174.0	1.0	0.99982421875	0.0	0.0	0.0
175.0	1.0	0.99982421875	0.0	0.0	0.0
176.0	1.0	0.99982421875	0.0	0.0	0.0
177.0	1.0	0.99982421875	0.0	0.0	0.0
178.0	1.0	0.99982421875	0.0	0.0	0.0
179.0	1.0	0.99982421875	0.0	0.0	0.0
180.0	1.0	0.99982421875	0.0	0.0	0.0
181.0	1.0	0.99982421875	0.0	0.0	0.0
182.0	1.0	0.99982421875	0.0	0.0	0.0
183.0	1.0	0.99982421875	0.0	0.0	0.0
184.0	1.0	0.99982421875	0.0	0.0	0.0
185.0	1.0	0.99982421875	0.0	0.0	0.0
186.0	1.0	0.99982421875	0.0	0.0	0.0
187.0	1.0	0.99982421875	0.0	0.0	0.0
188.0	1.0	0.99982421875	0.0	0.0	0.0
189.0	1.0	0.99982421875	0.0	0.0	0.0
190.0	1.0	0.99982421875	0.0	0.0	0.0
191.0	1.0	0.99982421875	0.0	0.0	0.0
192.0	1.0	0.99982421875	0.0	0.0	0.0
193.0	1.0	0.99982421875	0.0	0.0	0.0
194.0	1.0	0.99982421875	0.0	0.0	0.0
195.0	1.0	0.99982421875	0.0	0.0	0.0
196.0	1.0	0.99982421875	0.0	0.0	0.0
197.0	1.0	0.99982421875	0.0	0.0	0.0
198.0	1.0	0.99982421875	0.0	0.0	0.0
199.0	1.0	0.99982421875	0.0	0.0	0.0
200.0	1.0	0.99982421875	0.0	0.0	0.0
201.0	1.0	0.99982421875	0.0	0.0	0.0
202.0	1.0	0.99982421875	0.0	0.0	0.0
203.0	1.0	0.99982421875	0.0	0.0	0.0
204.0	1.0	0.99982421875	0.0	0.0	0.0
205.0	1.0	0.99982421875	0.0	0.0	0.0
206.0	1.0	0.99982421875	0.0	0.0	0.0
207.0	1.0	0.99982421875	0.0	0.0	0.0
208.0	1.0	0.99982421875	0.0	0.0	0.0
209.0	1.0	0.99982421875	0.0	0.0	0.0
210.0	1.0	0.99982421875	0.0	0.0	0.0
211.0	1.0	0.99982421875	0.0	0.0	0.0
212.0	1.0	0.99982421875	0.0	0.0	0.0
213.0	1.0	0.99982421875	0.0	0.0	0.0
214.0	1.0	0.99982421875	0.0	0.0	0.0
215.0	1.0	0.99982421875	0.0	0.0	0.0
216.0	1.0	0.99982421875	0.0	0.0	0.0
217.0	1.0	0.99982421875	0.0	0.0	0.0
218.0	1.0	0.99982421875	0.0	0.0	0.0
219.0	1.0	0.99982421875	0.0	0.0	0.0
220.0	1.0	0.99982421875	0.0	0.0	0.0
221.0	1.0	0.99982421875	0.0	0.0	0.0
222.0	1.0	0.99982421875	0.0	0.0	0.0
223.0	1.0	0.99982421875	0.0	0.0	0.0
224.0	1.0	0.99982421875	0.0	0.0	0.0
225.0	1.0	0.99982421875	0.0	0.0	0.0
226.0	1.0	0.99982421875	0.0	0.0	0.0
227.0	1.0	0.99982421875	0.0	0.0	0.0
228.0	1.0	0.99982421875	0.0	0.0	0.0
229.0	1.0	0.99982421875	0.0	0.0	0.0
230.0	1.0	0.99982421875	0.0	0.0	0.0
231.0	1.0	0.99982421875	0.0	0.0	0.0
232.0	1.0	0.99982421875	0.0	0.0	0.0
233.0	1.0	0.99982421875	0.0	0.0	0.0
234.0	1.0	0.99982421875	0.0	0.0	0.0
235.0	1.0	0.99982421875	0.0	0.0	0.0
236.0	1.0	0.99982421875	0.0	0.0	0.0
237.0	1.0	0.99982421875	0.0	0.0	0.0
238.0	1.0	0.99982421875	0.0	0.0	0.0
239.0	1.0	0.99982421875	0.0	0.0	0.0
240.0	1.0	0.99982421875	0.0	0.0	0.0
241.0	1.0	0.99982421875	0.0	0.0	0.0
242.0	1.0	0.99982421875	0.0	0.0	0.0
243.0	1.0	0.99982421875	0.0	0.0	0.0
244.0	1.0	0.99982421875	0.0	0.0	0.0
245.0	1.0	0.99982421875	0.0	0.0	0.0
246.0	1.0	0.99982421875	0.0	0.0	0.0
247.0	1.0	0.99982421875	0.0	0.0	0.0
248.0	1.0	0.99982421875	0.0	0.0	0.0
249.0	1.0	0.99982421875	0.0	0.0	0.0
250.0	1.0	0.99982421875	0.0	0.0	0.0
251.0	1.0	0.99982421875	0.0	0.0	0.0
252.0	1.0	0.99982421875	0.0	0.0	0.0
253.0	1.0	0.99982421875	0.0	0.0	0.0
254.0	1.0	0.99982421875	0.0	0.0	0.0
255.0	1.0	0.99982421875	0.0	0.0	0.0
256.0	1.0	0.99982421875	0.0	0.0	0.0
257.0	1.0	0.99982421875	0.0	0.0	0.0
258.0	1.0	0.99982421875	0.0	0.0	0.0
259.0	1.0	0.99982421875	0.0	0.0	0.0
260.0	1.0	0.99982421875	0.0	0.0	0.0
261.0	1.0	0.99982421875	0.0	0.0	0.0
262.0	1.0	0.99982421875	0.0	0.0	0.0
263.0	1.0	0.99982421875	0.0	0.0	0.0
264.0	1.0	0.99982421875	0.0	0.0	0.0
265.0	1.0	0.99982421875	0.0	0.0	0.0
266.0	1.0	0.99982421875	0.0	0.0	0.0
267.0	1.0	0.99982421875	0.0	0.0	0.0
268.0	1.0	0.99982421875	0.0	0.0	0.0
269.0	1.0	0.99982421875	0.0	0.0	0.0
270.0	1.0	0.99982421875	0.0	0.0	0.0
271.0	1.0	0.99982421875	0.0	0.0	0.0
272.0	1.0	0.99982421875	0.0	0.0	0.0
273.0	1.0	0.99982421875	0.0	0.0	0.0
274.0	1.0	0.99982421875	0.0	0.0	0.0
275.0	1.0	0.99982421875	0.0	0.0	0.0
276.0	1.0	0.99982421875	0.0	0.0	0.0
277.0	1.0	0.99982421875	0.0	0.0	0.0
278.0	1.0	0.99982421875	0.0	0.0	0.0
279.0	1.0	0.99982421875	0.0	0.0	0.0
280.0	1.0	0.99982421875	0.0	0.0	0.0
281.0	1.0	0.99982421875	0.0	0.0	0.0
282.0	1.0	0.99982421875	0.0	0.0	0.0
283.0	1.0	0.99982421875	0.0	0.0	0.0
284.0	1.0	0.99982421875	0.0	0.0	0.0
285.0	1.0	0.99982421875	0.0	0.0	0.0
286.0	1.0	0.99982421875	0.0	0.0	0.0
287.0	1.0	0.99982421875	0.0	0.0	0.0
288.0	1.0	0.99982421875	0.0	0.0	0.0
289.0	1.0	0.99982421875	0.0	0.0	0.0
290.0	1.0	0.99982421875	0.0	0.0	0.0
291.0	1.0	0.99982421875	0.0	0.0	0.0
292.0	1.0	0.99982421875	0.0	0.0	0.0
293.0	1.0	0.99982421875	0.0	0.0	0.0
294.0	1.0	0.99982421875	0.0	0.0	0.0
295.0	1.0	0.99982421875	0.0	0.0	0.0
296.0	1.0	0.99982421875	0.0	0.0	0.0
297.0	1.0	0.99982421875	0.0	0.0	0.0
298.0	1.0	0.99982421875	0.0	0.0	0.0
299.0	1.0	0.99982421875	0.0	0.0	0.0
300.0	1.0	0.99982421875	0.0	0.0	0.0
301.0	1.0	0.99982421875	0.0	0.0	0.0
302.0	1.0	0.99982421875	0.0	0.0	0.0
303.0	1.0	0.99982421875	0.0	0.0	0.0
304.0	1.0	0.99982421875	0.0	0.0	0.0
305.0	1.0	0.99982421875	0.0	0.0	0.0
306.0	1.0	0.99982421875	0.0	0.0	0.0
307.0	1.0	0.99982421875	0.0	0.0	0.0
308.0	1.0	0.99982421875	0.0	0.0	0.0
309.0	1.0	0.99982421875	0.0	0.0	0.0
310.0	1.0	0.99982421875	0.0	0.0	0.0
311.0	1.0	0.99982421875	0.0	0.0	0.0
312.0	1.0	0.99982421875	0.0	0.0	0.0
313.0	1.0	0.99982421875	0.0	0.0	0.0
314.0	1.0	0.99982421875	0.0	0.0	0.0
315.0	1.0	0.99982421875	0.0	0.0	0.0
316.0	1.0	0.99982421875	0.0	0.0	0.0
317.0	1.0	0.99982421875	0.0	0.0	0.0
318.0	1.0	0.99982421875	0.0	0.0	0.0
319.0	1.0	0.99982421875	0.0	0.0	0.0
320.0	1.0	0.99982421875	0.0	0.0	0.0
321.0	1.0	0.99982421875	0.0	0.0	0.0
322.0	1.0	0.99982421875	0.0	0.0	0.0
323.0	1.0	0.99982421875	0.0	0.0	0.0
324.0	1.0	0.99982421875	0.0	0.0	0.0
325.0	1.0	0.99982421875	0.0	0.0	0.0
326.0	1.0	0.99982421875	0.0	0.0	0.0
327.0	1.0	0.99982421875	0.0	0.0	0.0
328.0	1.0	0.99982421875	0.0	0.0	0.0
329.0	1.0	0.99982421875	0.0	0.0	0.0
330.0	1.0	0.99982421875	0.0	0.0	0.0
331.0	1.0	0.99982421875	0.0	0.0	0.0
332.0	1.0	0.99982421875	0.0	0.0	0.0
333.0	1.0	0.99982421875	0.0	0.0	0.0
334.0	1.0	0.99982421875	0.0	0.0	0.0
335.0	1.0	0.99982421875	0.0	0.0	0.0
336.0	1.0	0.99982421875	0.0	0.0	0.0
337.0	1.0	0.99982421875	0.0	0.0	0.0
338.0	1.0	0.99982421875	0.0	0.0	0.0
339.0	1.0	0.99982421875	0.0	0.0	0.0
340.0	1.0	0.99982421875	0.0	0.0	0.0
341.0	1.0	0.99982421875	0.0	0.0	0.0
342.0	1.0	0.99982421875	0.0	0.0	0.0
343.0	1.0	0.99982421875	0.0	0.0	0.0
344.0	1.0	0.99982421875	0.0	0.0	0.0
345.0	1.0	0.99982421875	0.0	0.0	0.0
346.0	1.0	0.99982421875	0.0	0.0	0.0
347.0	1.0	0.99982421875	0.0	0.0	0.0
348.0	1.0	0.99982421875	0.0	0.0	0.0
349.0	1.0	0.99982421875	0.0	0.0	0.0
350.0	1.0	0.99982421875	0.0	0.0	0.0
351.0	1.0	0.99982421875	0.0	0.0	0.0
352.0	1.0	0.99982421875	0.0	0.0	0.0
353.0	1.0	0.99982421875	0.0	0.0	0.0
354.0	1.0	0.99982421875	0.0	0.0	0.0
355.0	1.0	0.99982421875	0.0	0.0	0.0
356.0	1.0	0.99982421875	0.0	0.0	0.0
357.0	1.0	0.99982421875	0.0	0.0	0.0
358.0	1.0	0.99982421875	0.0	0.0	0.0
359.0	1.0	0.99982421875	0.0	0.0	0.0
360.0	1.0	0.99982421875	0.0	0.0	0.0
361.0	1.0	0.99982421875	0.0	0.0	0.0
362.0	1.0	0.99982421875	0.0	0.0	0.0
363.0	1.0	0.99982421875	0.0	0.0	0.0
364.0	1.0	0.99982421875	0.0	0.0	0.0
365.0	1.0	0.99982421875	0.0	0.0	0.0
366.0	1.0	0.99982421875	0.0	0.0	0.0
367.0	1.0	0.99982421875	0.0	0.0	0.0
368.0	1.0	0.99982421875	0.0	0.0	0.0
369.0	1.0	0.99982421875	0.0	0.0	0.0
370.0	1.0	0.99982421875	0.0	0.0	0.0
371.0	1.0	0.99982421875	0.0	0.0	0.0
372.0	1.0	0.99982421875	0.0	0.0	0.0
373.0	1.0	0.99982421875	0.0	0.0	0.0
374.0	1.0	0.99982421875	0.0	0.0	0.0
375.0	1.0	0.99982421875	0.0	0.0	0.0
376.0	1.0	0.99982421875	0.0	0.0	0.0
377.0	1.0	0.99982421875	0.0	0.0	0.0
378.0	1.0	0.99982421875	0.0	0.0	0.0
379.0	1.0	0.99982421875	0.0	0.0	0.0
380.0	1.0	0.99982421875	0.0	0.0	0.0
381.0	1.0	0.99982421875	0.0	0.0	0.0
382.0	1.0	0.99982421875	0.0	0.0	0.0
383.0	1.0	0.99982421875	0.0	0.0	0.0
384.0	1.0	0.99982421875	0.0	0.0	0.0
385.0	1.0	0.99982421875	0.0	0.0	0.0
386.0	1.0	0.99982421875	0.0	0.0	0.0
387.0	1.0	0.99982421875	0.0	0.0	0.0
388.0	1.0	0.99982421875	0.0	0.0	0.0
389.0	1.0	0.99982421875	0.0	0.0	0.0
390.0	1.0	0.99982421875	0.0	0.0	0.0
391.0	1.0	0.99982421875	0.0	0.0	0.0
392.0	1.0	0.99982421875	0.0	0.0	0.0
393.0	1.0	0.99982421875	0.0	0.0	0.0
394.0	1.0	0.99982421875	0.0	0.0	0.0
395.0	1.0	0.99982421875	0.0	0.0	0.0
396.0	1.0	0.99982421875	0.0	0.0	0.0
397.0	1.0	0.99982421875	0.0	0.0	0.0
398.0	1.0	0.99982421875	0.0	0.0	0.0
399.0	1.0	0.99982421875	0.0	0.0	0.0
400.0	1.0	0.99982421875	0.0	0.0	0.0
401.0	1.0	0.99982421875	0.0	0.0	0.0
402.0	1.0	0.99982421875	0.0	0.0	0.0
403.0	1.0	0.99982421875	0.0	0.0	0.0
404.0	1.0	0.99982421875	0.0	0.0	0.0
405.0	1.0	0.99982421875	0.0	0.0	0.0
406.0	1.0	0.99982421875	0.0	0.0	0.0
407.0	1.0	0.99982421875	0.0	0.0	0.0
408.0	1.0	0.99982421875	0.0	0.0	0.0
409.0	1.0	0.99982421875	0.0	0.0	0.0
410.0	1.0	0.99982421875	0.0	0.0	0.0
411.0	1.0	0.99982421875	0.0	0.0	0.0
412.0	1.0	0.99982421875	0.0	0.0	0.0
413.0	1.0	0.99982421875	0.0	0.0	0.0
414.0	1.0	0.99982421875	0.0	0.0	0.0
415.0	1.0	0.99982421875	0.0	0.0	0.0
416.0	1.0	0.99982421875	0.0	0.0	0.0
417.0	1.0	0.99982421875	0.0	0.0	0.0
418.0	1.0	0.99982421875	0.0	0.0	0.0
419.0	1.0	0.99982421875	0.0	0.0	0.0
420.0	1.0	0.99982421875	0.0	0.0	0.0
421.0	1.0	0.99982421875	0.0	0.0	0.0
422.0	1.0	0.99982421875	0.0	0.0	0.0
423.0	1.0	0.99982421875	0.0	0.0	0.0
424.0	1.0	0.99982421875	0.0	0.0	0.0
425.0	1.0	0.99982421875	0.0	0.0	0.0
426.0	1.0	0.99982421875	0.0	0.0	0.0
427.0	1.0	0.99982421875	0.0	0.0	0.0
428.0	1.0	0.99982421875	0.0	0.0	0.0
429.0	1.0	0.99982421875	0.0	0.0	0.0
430.0	1.0	0.99982421875	0.0	0.0	0.0
431.0	1.0	0.99982421875	0.0	0.0	0.0
432.0	1.0	0.99982421875	0.0	0.0	0.0
433.0	1.0	0.99982421875	0.0	0.0	0.0
434.0	1.0	0.99982421875	0.0	0.0	0.0
435.0	1.0	0.99982421875	0.0	0.0	0.0
436.0	1.0	0.99982421875	0.0	0.0	0.0
437.0	1.0	0.99982421875	0.0	0.0	0.0
438.0	1.0	0.99982421875	0.0	0.0	0.0
439.0	1.0	0.99982421875	0.0	0.0	0.0
440.0	1.0	0.99982421875	0.0	0.0	0.0
441.0	1.0	0.99982421875	0.0	0.0	0.0
442.0	1.0	0.99982421875	0.0	0.0	0.0
443.0	1.0	0.99982421875	0.0	0.0	0.0
444.0	1.0	0.99982421875	0.0	0.0	0.0
445.0	1.0	0.99982421875	0.0	0.0	0.0
446.0	1.0	0.99982421875	0.0	0.0	0.0
447.0	1.0	0.99982421875	0.0	0.0	0.0
448.0	1.0	0.99982421875	0.0	0.0	0.0
449.0	1.0	0.99982421875	0.0	0.0	0.0
450.0	1.0	0.99982421875	0.0	0.0	0.0
451.0	1.0	0.99982421875	0.0	0.0	0.0
452.0	1.0	0.99982421875	0.0	0.0	0.0
453.0	1.0	0.99982421875	0.0	0.0	0.0
454.0	1.0	0.99982421875	0.0	0.0	0.0
455.0	1.0	0.99982421875	0.0	0.0	0.0
456.0	1.0	0.99982421875	0.0	0.0	0.0
457.0	1.0	0.99982421875	0.0	0.0	0.0
458.0	1.0	0.99982421875	0.0	0.0	0.0
459.0	1.0	0.99982421875	0.0	0.0	0.0
460.0	1.0	0.99982421875	0.0	0.0	0.0
461.0	1.0	0.99982421875	0.0	0.0	0.0
462.0	1.0	0.99982421875	0.0	0.0	0.0
463.0	1.0	0.99982421875	0.0	0.0	0.0
464.0	1.0	0.99982421875	0.0	0.0	0.0
465.0	1.0	0.99982421875	0.0	0.0	0.0
466.0	1.0	0.99982421875	0.0	0.0	0.0
467.0	1.0	0.99982421875	0.0	0.0	0.0
468.0	1.0	0.99982421875	0.0	0.0	0.0
469.0	1.0	0.99982421875	0.0	0.0	0.0
470.0	1.0	0.99982421875	0.0	0.0	0.0
471.0	1.0	0.99982421875	0.0	0.0	0.0
472.0	1.0	0.99982421875	0.0	0.0	0.0
473.0	1.0	0.99982421875	0.0	0.0	0.0
474.0	1.0	0.99982421875	0.0	0.0	0.0
475.0	1.0	0.99982421875	0.0	0.0	0.0
476.0	1.0	0.99982421875	0.0	0.0	0.0
477.0	1.0	0.99982421875	0.0	0.0	0.0
478.0	1.0	0.99982421875	0.0	0.0	0.0
479.0	1.0	0.99982421875	0.0	0.0	0.0
480.0	1.0	0.99982421875	0.0	0.0	0.0
481.0	1.0	0.99982421875	0.0	0.0	0.0
482.0	1.0	0.99982421875	0.0	0.0	0.0
483.0	1.0	0.99982421875	0.0	0.0	0.0
484.0	1.0	0.99982421875	0.0	0.0	0.0
485.0	1.0	0.99982421875	0.0	0.0	0.0
486.0	1.0	0.99982421875	0.0	0.0	0.0
487.0	1.0	0.99982421875	0.0	0.0	0.0
488.0	1.0	0.99982421875	0.0	0.0	0.0
489.0	1.0	0.99982421875	0.0	0.0	0.0
490.0	1.0	0.99982421875	0.0	0.0	0.0
491.0	1.0	0.99982421875	0.0	0.0	0.0
492.0	1.0	0.99982421875	0.0	0.0	0.0
493.0	1.0	0.99982421875	0.0	0.0	0.0
494.0	1.0	0.99982421875	0.0	0.0	0.0
495.0	1.0	0.99982421875	0.0	0.0	0.0
496.0	1.0	0.99982421875	0.0	0.0	0.0
497.0	1.0	0.99982421875	0.0	0.0	0.0
498.0	1.0	0.99982421875	0.0	0.0	0.0
499.0	1.0	0.99982421875	0.0	0.0	0.0
500.0	1.0	0.99982421875	0.0	0.0	0.0
