1.0	0.500853515625	0.49887695312499997	0.500228515625	0.5000390625	0.5007011718750001
2.0	0.5579765624999999	0.35056640625	0.0718203125	1.953125e-6	3.90625e-6
3.0	0.62403515625	0.096107421875	0.00016015625	0.000125	0.000259765625
4.0	0.6711621093750001	0.017802734375	5.0781250000000004e-5	0.001703125	0.00344921875
5.0	0.738640625	0.0022578125	0.0009121093749999999	0.015634765624999998	0.028072265625000002
6.0	0.80261328125	0.00032031249999999996	0.006837890625	0.06750195312499999	0.11083203124999999
7.0	0.8557421875	6.640625e-5	0.026519531250000002	0.169578125	0.24496093749999998
8.0	0.891611328125	1.7578125000000002e-5	0.063013671875	0.2919765625	0.359853515625
9.0	0.9130898437500001	3.90625e-6	0.107099609375	0.384357421875	0.40691796874999997
10.0	0.926384765625	0.0	0.149966796875	0.42344140625000004	0.40016015625
11.0	0.932822265625	0.0	0.17833593749999999	0.400515625	0.37012890624999994
12.0	0.939251953125	0.0	0.18680078125000002	0.3372890625	0.32994140625
13.0	0.9426953125	0.0	0.17570703125	0.26488476562499996	0.2912421875
14.0	0.9476015625	0.0	0.14878320312499999	0.203041015625	0.251677734375
15.0	0.9492558593750001	0.0	0.11495312499999999	0.157638671875	0.215517578125
16.0	0.9527558593750001	0.0	0.081572265625	0.122080078125	0.183099609375
17.0	0.9536386718749998	0.0	0.05368359375	0.09485156250000001	0.154912109375
18.0	0.9559609375000001	0.0	0.033933593750000005	0.073556640625	0.129708984375
19.0	0.955697265625	0.0	0.020298828125	0.05766796874999999	0.10753125
20.0	0.9569238281250001	0.0	0.0118671875	0.044513671875	0.088296875
21.0	0.95610546875	0.0	0.00684375	0.034611328125	0.07224609375
22.0	0.9570800781250001	0.0	0.003904296875	0.026615234374999998	0.05862304687500001
23.0	0.9563886718749999	0.0	0.0023046875	0.020585937500000002	0.04757421875
24.0	0.9576738281249999	0.0	0.001326171875	0.016099609375	0.038009765625
25.0	0.9574472656249999	0.0	0.0007343750000000001	0.012337890624999999	0.030031249999999995
26.0	0.959287109375	0.0	0.00042382812500000005	0.009486328125	0.02361328125
27.0	0.9588085937499999	0.0	0.000240234375	0.0073515625000000005	0.018494140625
28.0	0.9600332031249998	0.0	0.00015234375	0.005568359375	0.014787109375
29.0	0.959060546875	0.0	9.375e-5	0.004251953125	0.0114375
30.0	0.960146484375	0.0	6.4453125e-5	0.0031542968749999995	0.008927734375
31.0	0.959181640625	0.0	3.3203125e-5	0.0024453125000000004	0.0071074218750000005
32.0	0.9602539062500001	0.0	2.734375e-5	0.00186328125	0.005695312500000001
33.0	0.959546875	0.0	1.7578125000000002e-5	0.0014140625	0.0043984375000000004
34.0	0.96078125	0.0	1.171875e-5	0.001068359375	0.0033691406249999997
35.0	0.9605078125	0.0	7.8125e-6	0.0008066406250000001	0.002552734375
36.0	0.9621601562500001	0.0	3.90625e-6	0.000642578125	0.0020292968750000003
37.0	0.961916015625	0.0	3.90625e-6	0.000501953125	0.0014824218750000002
38.0	0.963013671875	0.0	1.953125e-6	0.00037890625	0.001140625
39.0	0.96219921875	0.0	0.0	0.000296875	0.0008984374999999999
40.0	0.9630800781250001	0.0	0.0	0.00021093749999999997	0.0006835937500000001
41.0	0.96221875	0.0	0.0	0.00015429687499999997	0.000501953125
42.0	0.963087890625	0.0	0.0	0.00011328125	0.00038671875
43.0	0.9622207031250001	0.0	0.0	9.375e-5	0.0002890625
44.0	0.963087890625	0.0	0.0	7.421875000000001e-5	0.00023046875000000004
45.0	0.9622207031250001	0.0	0.0	5.664062500000001e-5	0.00019921875000000001
46.0	0.963087890625	0.0	0.0	4.296875e-5	0.000140625
47.0	0.9622207031250001	0.0	0.0	2.7343750000000004e-5	0.000109375
48.0	0.963087890625	0.0	0.0	1.5625e-5	7.8125e-5
49.0	0.9622207031250001	0.0	0.0	1.3671875e-5	5.46875e-5
50.0	0.963087890625	0.0	0.0	9.765625e-6	3.906250000000001e-5
51.0	0.9622207031250001	0.0	0.0	1.171875e-5	2.1484375e-5
52.0	0.963087890625	0.0	0.0	5.859375e-6	1.7578125000000002e-5
53.0	0.9622207031250001	0.0	0.0	1.953125e-6	9.765625e-6
54.0	0.963087890625	0.0	0.0	0.0	5.859375e-6
55.0	0.9622207031250001	0.0	0.0	0.0	3.90625e-6
56.0	0.963087890625	0.0	0.0	0.0	1.953125e-6
57.0	0.9622207031250001	0.0	0.0	0.0	1.953125e-6
58.0	0.963087890625	0.0	0.0	0.0	1.953125e-6
59.0	0.9622207031250001	0.0	0.0	0.0	1.953125e-6
60.0	0.963087890625	0.0	0.0	0.0	0.0
61.0	0.9622207031250001	0.0	0.0	0.0	0.0
62.0	0.963087890625	0.0	0.0	0.0	0.0
63.0	0.9622207031250001	0.0	0.0	0.0	0.0
64.0	0.963087890625	0.0	0.0	0.0	0.0
65.0	0.9622207031250001	0.0	0.0	0.0	0.0
66.0	0.963087890625	0.0	0.0	0.0	0.0
67.0	0.9622207031250001	0.0	0.0	0.0	0.0
68.0	0.963087890625	0.0	0.0	0.0	0.0
69.0	0.9622207031250001	0.0	0.0	0.0	0.0
70.0	0.963087890625	0.0	0.0	0.0	0.0
71.0	0.9622207031250001	0.0	0.0	0.0	0.0
72.0	0.963087890625	0.0	0.0	0.0	0.0
73.0	0.9622207031250001	0.0	0.0	0.0	0.0
74.0	0.963087890625	0.0	0.0	0.0	0.0
75.0	0.9622207031250001	0.0	0.0	0.0	0.0
76.0	0.963087890625	0.0	0.0	0.0	0.0
77.0	0.9622207031250001	0.0	0.0	0.0	0.0
78.0	0.963087890625	0.0	0.0	0.0	0.0
79.0	0.9622207031250001	0.0	0.0	0.0	0.0
80.0	0.963087890625	0.0	0.0	0.0	0.0
81.0	0.9622207031250001	0.0	0.0	0.0	0.0
82.0	0.963087890625	0.0	0.0	0.0	0.0
83.0	0.9622207031250001	0.0	0.0	0.0	0.0
84.0	0.963087890625	0.0	0.0	0.0	0.0
85.0	0.9622207031250001	0.0	0.0	0.0	0.0
86.0	0.963087890625	0.0	0.0	0.0	0.0
87.0	0.9622207031250001	0.0	0.0	0.0	0.0
88.0	0.963087890625	0.0	0.0	0.0	0.0
89.0	0.9622207031250001	0.0	0.0	0.0	0.0
90.0	0.963087890625	0.0	0.0	0.0	0.0
91.0	0.9622207031250001	0.0	0.0	0.0	0.0
92.0	0.963087890625	0.0	0.0	0.0	0.0
93.0	0.9622207031250001	0.0	0.0	0.0	0.0
94.0	0.963087890625	0.0	0.0	0.0	0.0
95.0	0.9622207031250001	0.0	0.0	0.0	0.0
96.0	0.963087890625	0.0	0.0	0.0	0.0
97.0	0.9622207031250001	0.0	0.0	0.0	0.0
98.0	0.963087890625	0.0	0.0	0.0	0.0
99.0	0.9622207031250001	0.0	0.0	0.0	0.0
100.0	0.963087890625	0.0	0.0	0.0	0.0
101.0	0.9622207031250001	0.0	0.0	0.0	0.0
102.0	0.963087890625	0.0	0.0	0.0	0.0
103.0	0.9622207031250001	0.0	0.0	0.0	0.0
104.0	0.963087890625	0.0	0.0	0.0	0.0
105.0	0.9622207031250001	0.0	0.0	0.0	0.0
106.0	0.963087890625	0.0	0.0	0.0	0.0
107.0	0.9622207031250001	0.0	0.0	0.0	0.0
108.0	0.963087890625	0.0	0.0	0.0	0.0
109.0	0.9622207031250001	0.0	0.0	0.0	0.0
110.0	0.963087890625	0.0	0.0	0.0	0.0
111.0	0.9622207031250001	0.0	0.0	0.0	0.0
112.0	0.963087890625	0.0	0.0	0.0	0.0
113.0	0.9622207031250001	0.0	0.0	0.0	0.0
114.0	0.963087890625	0.0	0.0	0.0	0.0
115.0	0.9622207031250001	0.0	0.0	0.0	0.0
116.0	0.963087890625	0.0	0.0	0.0	0.0
117.0	0.9622207031250001	0.0	0.0	0.0	0.0
118.0	0.963087890625	0.0	0.0	0.0	0.0
119.0	0.9622207031250001	0.0	0.0	0.0	0.0
120.0	0.963087890625	0.0	0.0	0.0	0.0
121.0	0.9622207031250001	0.0	0.0	0.0	0.0
122.0	0.963087890625	0.0	0.0	0.0	0.0
123.0	0.9622207031250001	0.0	0.0	0.0	0.0
124.0	0.963087890625	0.0	0.0	0.0	0.0
125.0	0.9622207031250001	0.0	0.0	0.0	0.0
126.0	0.963087890625	0.0	0.0	0.0	0.0
127.0	0.9622207031250001	0.0	0.0	0.0	0.0
128.0	0.963087890625	0.0	0.0	0.0	0.0
129.0	0.9622207031250001	0.0	0.0	0.0	0.0
130.0	0.963087890625	0.0	0.0	0.0	0.0
131.0	0.9622207031250001	0.0	0.0	0.0	0.0
132.0	0.963087890625	0.0	0.0	0.0	0.0
133.0	0.9622207031250001	0.0	0.0	0.0	0.0
134.0	0.963087890625	0.0	0.0	0.0	0.0
135.0	0.9622207031250001	0.0	0.0	0.0	0.0
136.0	0.963087890625	0.0	0.0	0.0	0.0
137.0	0.9622207031250001	0.0	0.0	0.0	0.0
138.0	0.963087890625	0.0	0.0	0.0	0.0
139.0	0.9622207031250001	0.0	0.0	0.0	0.0
140.0	0.963087890625	0.0	0.0	0.0	0.0
141.0	0.9622207031250001	0.0	0.0	0.0	0.0
142.0	0.963087890625	0.0	0.0	0.0	0.0
143.0	0.9622207031250001	0.0	0.0	0.0	0.0
144.0	0.963087890625	0.0	0.0	0.0	0.0
145.0	0.9622207031250001	0.0	0.0	0.0	0.0
146.0	0.963087890625	0.0	0.0	0.0	0.0
147.0	0.9622207031250001	0.0	0.0	0.0	0.0
148.0	0.963087890625	0.0	0.0	0.0	0.0
149.0	0.9622207031250001	0.0	0.0	0.0	0.0
150.0	0.963087890625	0.0	0.0	0.0	0.0
151.0	0.9622207031250001	0.0	0.0	0.0	0.0
152.0	0.963087890625	0.0	0.0	0.0	0.0
153.0	0.9622207031250001	0.0	0.0	0.0	0.0
154.0	0.963087890625	0.0	0.0	0.0	0.0
155.0	0.9622207031250001	0.0	0.0	0.0	0.0
156.0	0.963087890625	0.0	0.0	0.0	0.0
157.0	0.9622207031250001	0.0	0.0	0.0	0.0
158.0	0.963087890625	0.0	0.0	0.0	0.0
159.0	0.9622207031250001	0.0	0.0	0.0	0.0
160.0	0.963087890625	0.0	0.0	0.0	0.0
161.0	0.9622207031250001	0.0	0.0	0.0	0.0
162.0	0.963087890625	0.0	0.0	0.0	0.0
163.0	0.9622207031250001	0.0	0.0	0.0	0.0
164.0	0.963087890625	0.0	0.0	0.0	0.0
165.0	0.9622207031250001	0.0	0.0	0.0	0.0
166.0	0.963087890625	0.0	0.0	0.0	0.0
167.0	0.9622207031250001	0.0	0.0	0.0	0.0
168.0	0.963087890625	0.0	0.0	0.0	0.0
169.0	0.9622207031250001	0.0	0.0	0.0	0.0
170.0	0.963087890625	0.0	0.0	0.0	0.0
171.0	0.9622207031250001	0.0	0.0	0.0	0.0
172.0	0.963087890625	0.0	0.0	0.0	0.0
173.0	0.9622207031250001	0.0	0.0	0.0	0.0
174.0	0.963087890625	0.0	0.0	0.0	0.0
175.0	0.9622207031250001	0.0	0.0	0.0	0.0
176.0	0.963087890625	0.0	0.0	0.0	0.0
177.0	0.9622207031250001	0.0	0.0	0.0	0.0
178.0	0.963087890625	0.0	0.0	0.0	0.0
179.0	0.9622207031250001	0.0	0.0	0.0	0.0
180.0	0.963087890625	0.0	0.0	0.0	0.0
181.0	0.9622207031250001	0.0	0.0	0.0	0.0
182.0	0.963087890625	0.0	0.0	0.0	0.0
183.0	0.9622207031250001	0.0	0.0	0.0	0.0
184.0	0.963087890625	0.0	0.0	0.0	0.0
185.0	0.9622207031250001	0.0	0.0	0.0	0.0
186.0	0.963087890625	0.0	0.0	0.0	0.0
187.0	0.9622207031250001	0.0	0.0	0.0	0.0
188.0	0.963087890625	0.0	0.0	0.0	0.0
189.0	0.9622207031250001	0.0	0.0	0.0	0.0
190.0	0.963087890625	0.0	0.0	0.0	0.0
191.0	0.9622207031250001	0.0	0.0	0.0	0.0
192.0	0.963087890625	0.0	0.0	0.0	0.0
193.0	0.9622207031250001	0.0	0.0	0.0	0.0
194.0	0.963087890625	0.0	0.0	0.0	0.0
195.0	0.9622207031250001	0.0	0.0	0.0	0.0
196.0	0.963087890625	0.0	0.0	0.0	0.0
197.0	0.9622207031250001	0.0	0.0	0.0	0.0
198.0	0.963087890625	0.0	0.0	0.0	0.0
199.0	0.9622207031250001	0.0	0.0	0.0	0.0
200.0	0.963087890625	0.0	0.0	0.0	0.0
201.0	0.9622207031250001	0.0	0.0	0.0	0.0
202.0	0.963087890625	0.0	0.0	0.0	0.0
203.0	0.9622207031250001	0.0	0.0	0.0	0.0
204.0	0.963087890625	0.0	0.0	0.0	0.0
205.0	0.9622207031250001	0.0	0.0	0.0	0.0
206.0	0.963087890625	0.0	0.0	0.0	0.0
207.0	0.9622207031250001	0.0	0.0	0.0	0.0
208.0	0.963087890625	0.0	0.0	0.0	0.0
209.0	0.9622207031250001	0.0	0.0	0.0	0.0
210.0	0.963087890625	0.0	0.0	0.0	0.0
211.0	0.9622207031250001	0.0	0.0	0.0	0.0
212.0	0.963087890625	0.0	0.0	0.0	0.0
213.0	0.9622207031250001	0.0	0.0	0.0	0.0
214.0	0.963087890625	0.0	0.0	0.0	0.0
215.0	0.9622207031250001	0.0	0.0	0.0	0.0
216.0	0.963087890625	0.0	0.0	0.0	0.0
217.0	0.9622207031250001	0.0	0.0	0.0	0.0
218.0	0.963087890625	0.0	0.0	0.0	0.0
219.0	0.9622207031250001	0.0	0.0	0.0	0.0
220.0	0.963087890625	0.0	0.0	0.0	0.0
221.0	0.9622207031250001	0.0	0.0	0.0	0.0
222.0	0.963087890625	0.0	0.0	0.0	0.0
223.0	0.9622207031250001	0.0	0.0	0.0	0.0
224.0	0.963087890625	0.0	0.0	0.0	0.0
225.0	0.9622207031250001	0.0	0.0	0.0	0.0
226.0	0.963087890625	0.0	0.0	0.0	0.0
227.0	0.9622207031250001	0.0	0.0	0.0	0.0
228.0	0.963087890625	0.0	0.0	0.0	0.0
229.0	0.9622207031250001	0.0	0.0	0.0	0.0
230.0	0.963087890625	0.0	0.0	0.0	0.0
231.0	0.9622207031250001	0.0	0.0	0.0	0.0
232.0	0.963087890625	0.0	0.0	0.0	0.0
233.0	0.9622207031250001	0.0	0.0	0.0	0.0
234.0	0.963087890625	0.0	0.0	0.0	0.0
235.0	0.9622207031250001	0.0	0.0	0.0	0.0
236.0	0.963087890625	0.0	0.0	0.0	0.0
237.0	0.9622207031250001	0.0	0.0	0.0	0.0
238.0	0.963087890625	0.0	0.0	0.0	0.0
239.0	0.9622207031250001	0.0	0.0	0.0	0.0
240.0	0.963087890625	0.0	0.0	0.0	0.0
241.0	0.9622207031250001	0.0	0.0	0.0	0.0
242.0	0.963087890625	0.0	0.0	0.0	0.0
243.0	0.9622207031250001	0.0	0.0	0.0	0.0
244.0	0.963087890625	0.0	0.0	0.0	0.0
245.0	0.9622207031250001	0.0	0.0	0.0	0.0
246.0	0.963087890625	0.0	0.0	0.0	0.0
247.0	0.9622207031250001	0.0	0.0	0.0	0.0
248.0	0.963087890625	0.0	0.0	0.0	0.0
249.0	0.9622207031250001	0.0	0.0	0.0	0.0
250.0	0.963087890625	0.0	0.0	0.0	0.0
251.0	0.9622207031250001	0.0	0.0	0.0	0.0
252.0	0.963087890625	0.0	0.0	0.0	0.0
253.0	0.9622207031250001	0.0	0.0	0.0	0.0
254.0	0.963087890625	0.0	0.0	0.0	0.0
255.0	0.9622207031250001	0.0	0.0	0.0	0.0
256.0	0.963087890625	0.0	0.0	0.0	0.0
257.0	0.9622207031250001	0.0	0.0	0.0	0.0
258.0	0.963087890625	0.0	0.0	0.0	0.0
259.0	0.9622207031250001	0.0	0.0	0.0	0.0
260.0	0.963087890625	0.0	0.0	0.0	0.0
261.0	0.9622207031250001	0.0	0.0	0.0	0.0
262.0	0.963087890625	0.0	0.0	0.0	0.0
263.0	0.9622207031250001	0.0	0.0	0.0	0.0
264.0	0.963087890625	0.0	0.0	0.0	0.0
265.0	0.9622207031250001	0.0	0.0	0.0	0.0
266.0	0.963087890625	0.0	0.0	0.0	0.0
267.0	0.9622207031250001	0.0	0.0	0.0	0.0
268.0	0.963087890625	0.0	0.0	0.0	0.0
269.0	0.9622207031250001	0.0	0.0	0.0	0.0
270.0	0.963087890625	0.0	0.0	0.0	0.0
271.0	0.9622207031250001	0.0	0.0	0.0	0.0
272.0	0.963087890625	0.0	0.0	0.0	0.0
273.0	0.9622207031250001	0.0	0.0	0.0	0.0
274.0	0.963087890625	0.0	0.0	0.0	0.0
275.0	0.9622207031250001	0.0	0.0	0.0	0.0
276.0	0.963087890625	0.0	0.0	0.0	0.0
277.0	0.9622207031250001	0.0	0.0	0.0	0.0
278.0	0.963087890625	0.0	0.0	0.0	0.0
279.0	0.9622207031250001	0.0	0.0	0.0	0.0
280.0	0.963087890625	0.0	0.0	0.0	0.0
281.0	0.9622207031250001	0.0	0.0	0.0	0.0
282.0	0.963087890625	0.0	0.0	0.0	0.0
283.0	0.9622207031250001	0.0	0.0	0.0	0.0
284.0	0.963087890625	0.0	0.0	0.0	0.0
285.0	0.9622207031250001	0.0	0.0	0.0	0.0
286.0	0.963087890625	0.0	0.0	0.0	0.0
287.0	0.9622207031250001	0.0	0.0	0.0	0.0
288.0	0.963087890625	0.0	0.0	0.0	0.0
289.0	0.9622207031250001	0.0	0.0	0.0	0.0
290.0	0.963087890625	0.0	0.0	0.0	0.0
291.0	0.9622207031250001	0.0	0.0	0.0	0.0
292.0	0.963087890625	0.0	0.0	0.0	0.0
293.0	0.9622207031250001	0.0	0.0	0.0	0.0
294.0	0.963087890625	0.0	0.0	0.0	0.0
295.0	0.9622207031250001	0.0	0.0	0.0	0.0
296.0	0.963087890625	0.0	0.0	0.0	0.0
297.0	0.9622207031250001	0.0	0.0	0.0	0.0
298.0	0.963087890625	0.0	0.0	0.0	0.0
299.0	0.9622207031250001	0.0	0.0	0.0	0.0
300.0	0.963087890625	0.0	0.0	0.0	0.0
301.0	0.9622207031250001	0.0	0.0	0.0	0.0
302.0	0.963087890625	0.0	0.0	0.0	0.0
303.0	0.9622207031250001	0.0	0.0	0.0	0.0
304.0	0.963087890625	0.0	0.0	0.0	0.0
305.0	0.9622207031250001	0.0	0.0	0.0	0.0
306.0	0.963087890625	0.0	0.0	0.0	0.0
307.0	0.9622207031250001	0.0	0.0	0.0	0.0
308.0	0.963087890625	0.0	0.0	0.0	0.0
309.0	0.9622207031250001	0.0	0.0	0.0	0.0
310.0	0.963087890625	0.0	0.0	0.0	0.0
311.0	0.9622207031250001	0.0	0.0	0.0	0.0
312.0	0.963087890625	0.0	0.0	0.0	0.0
313.0	0.9622207031250001	0.0	0.0	0.0	0.0
314.0	0.963087890625	0.0	0.0	0.0	0.0
315.0	0.9622207031250001	0.0	0.0	0.0	0.0
316.0	0.963087890625	0.0	0.0	0.0	0.0
317.0	0.9622207031250001	0.0	0.0	0.0	0.0
318.0	0.963087890625	0.0	0.0	0.0	0.0
319.0	0.9622207031250001	0.0	0.0	0.0	0.0
320.0	0.963087890625	0.0	0.0	0.0	0.0
321.0	0.9622207031250001	0.0	0.0	0.0	0.0
322.0	0.963087890625	0.0	0.0	0.0	0.0
323.0	0.9622207031250001	0.0	0.0	0.0	0.0
324.0	0.963087890625	0.0	0.0	0.0	0.0
325.0	0.9622207031250001	0.0	0.0	0.0	0.0
326.0	0.963087890625	0.0	0.0	0.0	0.0
327.0	0.9622207031250001	0.0	0.0	0.0	0.0
328.0	0.963087890625	0.0	0.0	0.0	0.0
329.0	0.9622207031250001	0.0	0.0	0.0	0.0
330.0	0.963087890625	0.0	0.0	0.0	0.0
331.0	0.9622207031250001	0.0	0.0	0.0	0.0
332.0	0.963087890625	0.0	0.0	0.0	0.0
333.0	0.9622207031250001	0.0	0.0	0.0	0.0
334.0	0.963087890625	0.0	0.0	0.0	0.0
335.0	0.9622207031250001	0.0	0.0	0.0	0.0
336.0	0.963087890625	0.0	0.0	0.0	0.0
337.0	0.9622207031250001	0.0	0.0	0.0	0.0
338.0	0.963087890625	0.0	0.0	0.0	0.0
339.0	0.9622207031250001	0.0	0.0	0.0	0.0
340.0	0.963087890625	0.0	0.0	0.0	0.0
341.0	0.9622207031250001	0.0	0.0	0.0	0.0
342.0	0.963087890625	0.0	0.0	0.0	0.0
343.0	0.9622207031250001	0.0	0.0	0.0	0.0
344.0	0.963087890625	0.0	0.0	0.0	0.0
345.0	0.9622207031250001	0.0	0.0	0.0	0.0
346.0	0.963087890625	0.0	0.0	0.0	0.0
347.0	0.9622207031250001	0.0	0.0	0.0	0.0
348.0	0.963087890625	0.0	0.0	0.0	0.0
349.0	0.9622207031250001	0.0	0.0	0.0	0.0
350.0	0.963087890625	0.0	0.0	0.0	0.0
351.0	0.9622207031250001	0.0	0.0	0.0	0.0
352.0	0.963087890625	0.0	0.0	0.0	0.0
353.0	0.9622207031250001	0.0	0.0	0.0	0.0
354.0	0.963087890625	0.0	0.0	0.0	0.0
355.0	0.9622207031250001	0.0	0.0	0.0	0.0
356.0	0.963087890625	0.0	0.0	0.0	0.0
357.0	0.9622207031250001	0.0	0.0	0.0	0.0
358.0	0.963087890625	0.0	0.0	0.0	0.0
359.0	0.9622207031250001	0.0	0.0	0.0	0.0
360.0	0.963087890625	0.0	0.0	0.0	0.0
361.0	0.9622207031250001	0.0	0.0	0.0	0.0
362.0	0.963087890625	0.0	0.0	0.0	0.0
363.0	0.9622207031250001	0.0	0.0	0.0	0.0
364.0	0.963087890625	0.0	0.0	0.0	0.0
365.0	0.9622207031250001	0.0	0.0	0.0	0.0
366.0	0.963087890625	0.0	0.0	0.0	0.0
367.0	0.9622207031250001	0.0	0.0	0.0	0.0
368.0	0.963087890625	0.0	0.0	0.0	0.0
369.0	0.9622207031250001	0.0	0.0	0.0	0.0
370.0	0.963087890625	0.0	0.0	0.0	0.0
371.0	0.9622207031250001	0.0	0.0	0.0	0.0
372.0	0.963087890625	0.0	0.0	0.0	0.0
373.0	0.9622207031250001	0.0	0.0	0.0	0.0
374.0	0.963087890625	0.0	0.0	0.0	0.0
375.0	0.9622207031250001	0.0	0.0	0.0	0.0
376.0	0.963087890625	0.0	0.0	0.0	0.0
377.0	0.9622207031250001	0.0	0.0	0.0	0.0
378.0	0.963087890625	0.0	0.0	0.0	0.0
379.0	0.9622207031250001	0.0	0.0	0.0	0.0
380.0	0.963087890625	0.0	0.0	0.0	0.0
381.0	0.9622207031250001	0.0	0.0	0.0	0.0
382.0	0.963087890625	0.0	0.0	0.0	0.0
383.0	0.9622207031250001	0.0	0.0	0.0	0.0
384.0	0.963087890625	0.0	0.0	0.0	0.0
385.0	0.9622207031250001	0.0	0.0	0.0	0.0
386.0	0.963087890625	0.0	0.0	0.0	0.0
387.0	0.9622207031250001	0.0	0.0	0.0	0.0
388.0	0.963087890625	0.0	0.0	0.0	0.0
389.0	0.9622207031250001	0.0	0.0	0.0	0.0
390.0	0.963087890625	0.0	0.0	0.0	0.0
391.0	0.9622207031250001	0.0	0.0	0.0	0.0
392.0	0.963087890625	0.0	0.0	0.0	0.0
393.0	0.9622207031250001	0.0	0.0	0.0	0.0
394.0	0.963087890625	0.0	0.0	0.0	0.0
395.0	0.9622207031250001	0.0	0.0	0.0	0.0
396.0	0.963087890625	0.0	0.0	0.0	0.0
397.0	0.9622207031250001	0.0	0.0	0.0	0.0
398.0	0.963087890625	0.0	0.0	0.0	0.0
399.0	0.9622207031250001	0.0	0.0	0.0	0.0
400.0	0.963087890625	0.0	0.0	0.0	0.0
401.0	0.9622207031250001	0.0	0.0	0.0	0.0
402.0	0.963087890625	0.0	0.0	0.0	0.0
403.0	0.9622207031250001	0.0	0.0	0.0	0.0
404.0	0.963087890625	0.0	0.0	0.0	0.0
405.0	0.9622207031250001	0.0	0.0	0.0	0.0
406.0	0.963087890625	0.0	0.0	0.0	0.0
407.0	0.9622207031250001	0.0	0.0	0.0	0.0
408.0	0.963087890625	0.0	0.0	0.0	0.0
409.0	0.9622207031250001	0.0	0.0	0.0	0.0
410.0	0.963087890625	0.0	0.0	0.0	0.0
411.0	0.9622207031250001	0.0	0.0	0.0	0.0
412.0	0.963087890625	0.0	0.0	0.0	0.0
413.0	0.9622207031250001	0.0	0.0	0.0	0.0
414.0	0.963087890625	0.0	0.0	0.0	0.0
415.0	0.9622207031250001	0.0	0.0	0.0	0.0
416.0	0.963087890625	0.0	0.0	0.0	0.0
417.0	0.9622207031250001	0.0	0.0	0.0	0.0
418.0	0.963087890625	0.0	0.0	0.0	0.0
419.0	0.9622207031250001	0.0	0.0	0.0	0.0
420.0	0.963087890625	0.0	0.0	0.0	0.0
421.0	0.9622207031250001	0.0	0.0	0.0	0.0
422.0	0.963087890625	0.0	0.0	0.0	0.0
423.0	0.9622207031250001	0.0	0.0	0.0	0.0
424.0	0.963087890625	0.0	0.0	0.0	0.0
425.0	0.9622207031250001	0.0	0.0	0.0	0.0
426.0	0.963087890625	0.0	0.0	0.0	0.0
427.0	0.9622207031250001	0.0	0.0	0.0	0.0
428.0	0.963087890625	0.0	0.0	0.0	0.0
429.0	0.9622207031250001	0.0	0.0	0.0	0.0
430.0	0.963087890625	0.0	0.0	0.0	0.0
431.0	0.9622207031250001	0.0	0.0	0.0	0.0
432.0	0.963087890625	0.0	0.0	0.0	0.0
433.0	0.9622207031250001	0.0	0.0	0.0	0.0
434.0	0.963087890625	0.0	0.0	0.0	0.0
435.0	0.9622207031250001	0.0	0.0	0.0	0.0
436.0	0.963087890625	0.0	0.0	0.0	0.0
437.0	0.9622207031250001	0.0	0.0	0.0	0.0
438.0	0.963087890625	0.0	0.0	0.0	0.0
439.0	0.9622207031250001	0.0	0.0	0.0	0.0
440.0	0.963087890625	0.0	0.0	0.0	0.0
441.0	0.9622207031250001	0.0	0.0	0.0	0.0
442.0	0.963087890625	0.0	0.0	0.0	0.0
443.0	0.9622207031250001	0.0	0.0	0.0	0.0
444.0	0.963087890625	0.0	0.0	0.0	0.0
445.0	0.9622207031250001	0.0	0.0	0.0	0.0
446.0	0.963087890625	0.0	0.0	0.0	0.0
447.0	0.9622207031250001	0.0	0.0	0.0	0.0
448.0	0.963087890625	0.0	0.0	0.0	0.0
449.0	0.9622207031250001	0.0	0.0	0.0	0.0
450.0	0.963087890625	0.0	0.0	0.0	0.0
451.0	0.9622207031250001	0.0	0.0	0.0	0.0
452.0	0.963087890625	0.0	0.0	0.0	0.0
453.0	0.9622207031250001	0.0	0.0	0.0	0.0
454.0	0.963087890625	0.0	0.0	0.0	0.0
455.0	0.9622207031250001	0.0	0.0	0.0	0.0
456.0	0.963087890625	0.0	0.0	0.0	0.0
457.0	0.9622207031250001	0.0	0.0	0.0	0.0
458.0	0.963087890625	0.0	0.0	0.0	0.0
459.0	0.9622207031250001	0.0	0.0	0.0	0.0
460.0	0.963087890625	0.0	0.0	0.0	0.0
461.0	0.9622207031250001	0.0	0.0	0.0	0.0
462.0	0.963087890625	0.0	0.0	0.0	0.0
463.0	0.9622207031250001	0.0	0.0	0.0	0.0
464.0	0.963087890625	0.0	0.0	0.0	0.0
465.0	0.9622207031250001	0.0	0.0	0.0	0.0
466.0	0.963087890625	0.0	0.0	0.0	0.0
467.0	0.9622207031250001	0.0	0.0	0.0	0.0
468.0	0.963087890625	0.0	0.0	0.0	0.0
469.0	0.9622207031250001	0.0	0.0	0.0	0.0
470.0	0.963087890625	0.0	0.0	0.0	0.0
471.0	0.9622207031250001	0.0	0.0	0.0	0.0
472.0	0.963087890625	0.0	0.0	0.0	0.0
473.0	0.9622207031250001	0.0	0.0	0.0	0.0
474.0	0.963087890625	0.0	0.0	0.0	0.0
475.0	0.9622207031250001	0.0	0.0	0.0	0.0
476.0	0.963087890625	0.0	0.0	0.0	0.0
477.0	0.9622207031250001	0.0	0.0	0.0	0.0
478.0	0.963087890625	0.0	0.0	0.0	0.0
479.0	0.9622207031250001	0.0	0.0	0.0	0.0
480.0	0.963087890625	0.0	0.0	0.0	0.0
481.0	0.9622207031250001	0.0	0.0	0.0	0.0
482.0	0.963087890625	0.0	0.0	0.0	0.0
483.0	0.9622207031250001	0.0	0.0	0.0	0.0
484.0	0.963087890625	0.0	0.0	0.0	0.0
485.0	0.9622207031250001	0.0	0.0	0.0	0.0
486.0	0.963087890625	0.0	0.0	0.0	0.0
487.0	0.9622207031250001	0.0	0.0	0.0	0.0
488.0	0.963087890625	0.0	0.0	0.0	0.0
489.0	0.9622207031250001	0.0	0.0	0.0	0.0
490.0	0.963087890625	0.0	0.0	0.0	0.0
491.0	0.9622207031250001	0.0	0.0	0.0	0.0
492.0	0.963087890625	0.0	0.0	0.0	0.0
493.0	0.9622207031250001	0.0	0.0	0.0	0.0
494.0	0.963087890625	0.0	0.0	0.0	0.0
495.0	0.9622207031250001	0.0	0.0	0.0	0.0
496.0	0.963087890625	0.0	0.0	0.0	0.0
497.0	0.9622207031250001	0.0	0.0	0.0	0.0
498.0	0.963087890625	0.0	0.0	0.0	0.0
499.0	0.9622207031250001	0.0	0.0	0.0	0.0
500.0	0.963087890625	0.0	0.0	0.0	0.0
