1.0	0.0009765625	0.0009765625	0.0009765625	0.0009765625	0.0009765625
2.0	0.0015605468749999999	0.0018359375	0.00184765625	0.002060546875	0.00205859375
3.0	0.0029648437499999996	0.007177734375	0.00738671875	0.007939453125	0.008333984374999999
4.0	0.006271484375	0.028884765625000003	0.0286875	0.03176171875	0.03144921875
5.0	0.01250390625	0.090171875	0.0895703125	0.09485546875	0.0875859375
6.0	0.021693359375000002	0.202162109375	0.19687890624999999	0.19439453125	0.170560546875
7.0	0.031455078125	0.332107421875	0.32150390625	0.290751953125	0.245091796875
8.0	0.039117187500000004	0.440490234375	0.42233203125	0.352244140625	0.29065039062500003
9.0	0.043978515625	0.505306640625	0.481515625	0.37753710937499996	0.31096484375
10.0	0.046103515624999994	0.52584765625	0.49915624999999997	0.3774453125	0.317369140625
11.0	0.04623046875	0.512349609375	0.48651953125	0.365599609375	0.315228515625
12.0	0.044958984375	0.47877734375	0.456185546875	0.34979296875	0.3091015625
13.0	0.042771484375	0.43519335937500003	0.4168515625	0.33285546875000005	0.29989257812500003
14.0	0.04007421875	0.388625	0.375244140625	0.31434179687499997	0.28850585937499995
15.0	0.036779296875000006	0.34161132812499995	0.33441210937500004	0.29375390625	0.275431640625
16.0	0.03356640625	0.298509765625	0.29587890625	0.27181445312499997	0.260671875
17.0	0.030212890625	0.25901953125	0.260916015625	0.249216796875	0.24516796875000002
18.0	0.026853515625	0.22422070312500003	0.228033203125	0.22696875	0.22891406250000002
19.0	0.023652343750000002	0.19351562499999997	0.19923828124999998	0.20517382812499999	0.21156445312500002
20.0	0.020767578125	0.16606640625000002	0.172677734375	0.18432031249999997	0.19473632812500002
21.0	0.018150390625	0.14259375	0.149291015625	0.164337890625	0.17827148437499998
22.0	0.015826171875	0.12187695312499999	0.1284921875	0.146140625	0.161619140625
23.0	0.013773437500000001	0.10440625	0.110716796875	0.12943359375	0.14543359374999998
24.0	0.011962890625	0.08940234375	0.09505273437499999	0.11361523437500001	0.130353515625
25.0	0.01032421875	0.076453125	0.08152929687499999	0.09932031250000001	0.11643554687499999
26.0	0.008853515625	0.06517187499999999	0.06952539062499999	0.0869765625	0.1034375
27.0	0.007585937500000001	0.05567578125	0.059390624999999996	0.07580078125	0.091666015625
28.0	0.006550781249999999	0.04752148437499999	0.050927734375000006	0.065759765625	0.08049804687499999
29.0	0.0056484375	0.040576171875	0.043390625	0.056660156249999996	0.07076171875000001
30.0	0.0048125	0.03451171875	0.0368046875	0.048992187500000006	0.061621093749999994
31.0	0.004103515625	0.029423828125	0.031330078125	0.042277343749999995	0.053982421875000006
32.0	0.0034999999999999996	0.024992187500000002	0.026626953125	0.0364296875	0.046908203125
33.0	0.002990234375	0.021412109375000002	0.0226875	0.031419921875	0.040541015624999996
34.0	0.0025781249999999997	0.018154296875	0.019279296875000004	0.026837890624999996	0.035124999999999997
35.0	0.0022265625000000002	0.015443359375	0.016453125	0.023232421875	0.030519531250000002
36.0	0.0018828125	0.01312109375	0.013984375	0.019857421875000003	0.026320312499999998
37.0	0.001634765625	0.011091796875	0.011929687500000001	0.0169375	0.02273828125
38.0	0.001423828125	0.009423828124999999	0.010124999999999999	0.014470703124999998	0.019525390625
39.0	0.0012246093749999998	0.00804296875	0.008673828125	0.0122265625	0.0168125
40.0	0.00108203125	0.00687109375	0.0073437500000000005	0.010499999999999999	0.014330078125
41.0	0.000939453125	0.005833984375	0.0061933593750000005	0.008962890625	0.012320312500000001
42.0	0.000814453125	0.004931640625000001	0.0052499999999999995	0.00758984375	0.010572265624999999
43.0	0.000697265625	0.00418359375	0.0045	0.006552734375	0.00897265625
44.0	0.000578125	0.003560546875	0.0038476562500000004	0.00558203125	0.0076582031250000005
45.0	0.000498046875	0.0030683593750000003	0.003265625	0.004724609375	0.00653125
46.0	0.000435546875	0.002568359375	0.002763671875	0.004	0.00565234375
47.0	0.000388671875	0.0021953125	0.00234765625	0.0033828125000000004	0.004806640625000001
48.0	0.0003359375	0.0018808593749999997	0.0020175781250000003	0.0028789062500000004	0.004064453125
49.0	0.000291015625	0.0015839843749999999	0.0017324218749999996	0.002453125	0.0034394531250000002
50.0	0.0002421875	0.0013613281250000001	0.001447265625	0.002078125	0.0029023437499999995
51.0	0.00021289062500000003	0.0011269531250000001	0.001216796875	0.0017675781249999998	0.0024941406250000003
52.0	0.00017578125	0.0009375	0.001041015625	0.0014667968750000002	0.002169921875
53.0	0.00013867187500000001	0.0008164062500000001	0.0008789062499999999	0.001248046875	0.001814453125
54.0	0.000126953125	0.0006972656250000001	0.000755859375	0.00104296875	0.001560546875
55.0	0.000115234375	0.0005859375000000001	0.0006328125	0.0008964843749999999	0.001296875
56.0	0.00010546875000000001	0.0005	0.00052734375	0.0008007812500000001	0.001146484375
57.0	8.203125e-5	0.00041406249999999993	0.00046484375	0.0006484375	0.00100390625
58.0	7.226562500000001e-5	0.00033984375000000003	0.00040625000000000004	0.00055859375	0.0008535156249999999
59.0	6.25e-5	0.00027929687500000003	0.000357421875	0.000482421875	0.00073828125
60.0	5.2734375000000006e-5	0.00022656249999999998	0.000314453125	0.00042382812500000005	0.000650390625
61.0	4.8828125e-5	0.00019921875000000001	0.00027148437499999997	0.000361328125	0.0005390624999999999
62.0	4.4921875000000006e-5	0.000177734375	0.00023632812500000002	0.00031445312499999995	0.000443359375
63.0	3.7109375e-5	0.000158203125	0.00020312500000000002	0.000240234375	0.00039062499999999997
64.0	3.125e-5	0.00012890625	0.000169921875	0.00020703125000000002	0.00033984375000000003
65.0	2.9296875e-5	0.0001171875	0.00013671874999999999	0.000173828125	0.00028125
66.0	2.5390625000000002e-5	9.570312500000002e-5	0.00012109375000000001	0.000146484375	0.00023046875000000001
67.0	1.3671875e-5	7.6171875e-5	0.00010937500000000002	0.000125	0.000203125
68.0	9.765625e-6	5.2734375e-5	9.765625e-5	0.000109375	0.000177734375
69.0	5.859375e-6	4.8828125e-5	8.984375e-5	8.984375e-5	0.000154296875
70.0	5.859375e-6	4.1015625e-5	7.421875e-5	7.812500000000002e-5	0.000126953125
71.0	5.859375e-6	3.515625e-5	6.0546875e-5	7.031250000000001e-5	0.00010937499999999999
72.0	5.859375e-6	2.9296875e-5	5.6640625e-5	6.4453125e-5	9.1796875e-5
73.0	1.953125e-6	2.5390625000000002e-5	4.8828125e-5	4.6875e-5	8.3984375e-5
74.0	1.953125e-6	2.3437500000000004e-5	4.6875e-5	4.4921875e-5	7.226562500000001e-5
75.0	1.953125e-6	1.9531250000000004e-5	3.7109375e-5	3.906250000000001e-5	5.859375000000001e-5
76.0	1.953125e-6	1.5625e-5	3.5156250000000004e-5	3.5156250000000004e-5	5.2734375000000006e-5
77.0	0.0	1.171875e-5	3.3203125e-5	3.125e-5	4.2968750000000004e-5
78.0	0.0	7.8125e-6	2.9296875e-5	2.1484375e-5	3.515625e-5
79.0	0.0	5.859375e-6	2.1484375000000002e-5	1.5625e-5	2.734375e-5
80.0	0.0	3.90625e-6	1.953125e-5	1.5625e-5	2.1484375e-5
81.0	0.0	3.90625e-6	1.7578125000000002e-5	1.3671875e-5	1.5625e-5
82.0	0.0	3.90625e-6	1.171875e-5	1.3671875e-5	1.3671875e-5
83.0	0.0	3.90625e-6	1.171875e-5	1.3671875e-5	1.3671875e-5
84.0	0.0	3.90625e-6	1.171875e-5	1.3671875e-5	1.3671875e-5
85.0	0.0	3.90625e-6	1.171875e-5	9.765625e-6	1.3671875e-5
86.0	0.0	3.90625e-6	7.8125e-6	9.765625e-6	9.765625e-6
87.0	0.0	3.90625e-6	5.859375e-6	9.765625e-6	9.765625e-6
88.0	0.0	3.90625e-6	5.859375e-6	7.8125e-6	7.8125e-6
89.0	0.0	3.90625e-6	5.859375e-6	5.859375e-6	5.859375e-6
90.0	0.0	3.90625e-6	5.859375e-6	3.90625e-6	5.859375e-6
91.0	0.0	1.953125e-6	5.859375e-6	3.90625e-6	5.859375e-6
92.0	0.0	1.953125e-6	5.859375e-6	1.953125e-6	3.90625e-6
93.0	0.0	1.953125e-6	5.859375e-6	1.953125e-6	3.90625e-6
94.0	0.0	1.953125e-6	3.90625e-6	1.953125e-6	3.90625e-6
95.0	0.0	0.0	3.90625e-6	1.953125e-6	1.953125e-6
96.0	0.0	0.0	3.90625e-6	1.953125e-6	1.953125e-6
97.0	0.0	0.0	3.90625e-6	0.0	0.0
98.0	0.0	0.0	3.90625e-6	0.0	0.0
99.0	0.0	0.0	3.90625e-6	0.0	0.0
100.0	0.0	0.0	1.953125e-6	0.0	0.0
101.0	0.0	0.0	1.953125e-6	0.0	0.0
102.0	0.0	0.0	0.0	0.0	0.0
103.0	0.0	0.0	0.0	0.0	0.0
104.0	0.0	0.0	0.0	0.0	0.0
105.0	0.0	0.0	0.0	0.0	0.0
106.0	0.0	0.0	0.0	0.0	0.0
107.0	0.0	0.0	0.0	0.0	0.0
108.0	0.0	0.0	0.0	0.0	0.0
109.0	0.0	0.0	0.0	0.0	0.0
110.0	0.0	0.0	0.0	0.0	0.0
111.0	0.0	0.0	0.0	0.0	0.0
112.0	0.0	0.0	0.0	0.0	0.0
113.0	0.0	0.0	0.0	0.0	0.0
114.0	0.0	0.0	0.0	0.0	0.0
115.0	0.0	0.0	0.0	0.0	0.0
116.0	0.0	0.0	0.0	0.0	0.0
117.0	0.0	0.0	0.0	0.0	0.0
118.0	0.0	0.0	0.0	0.0	0.0
119.0	0.0	0.0	0.0	0.0	0.0
120.0	0.0	0.0	0.0	0.0	0.0
121.0	0.0	0.0	0.0	0.0	0.0
122.0	0.0	0.0	0.0	0.0	0.0
123.0	0.0	0.0	0.0	0.0	0.0
124.0	0.0	0.0	0.0	0.0	0.0
125.0	0.0	0.0	0.0	0.0	0.0
126.0	0.0	0.0	0.0	0.0	0.0
127.0	0.0	0.0	0.0	0.0	0.0
128.0	0.0	0.0	0.0	0.0	0.0
129.0	0.0	0.0	0.0	0.0	0.0
130.0	0.0	0.0	0.0	0.0	0.0
131.0	0.0	0.0	0.0	0.0	0.0
132.0	0.0	0.0	0.0	0.0	0.0
133.0	0.0	0.0	0.0	0.0	0.0
134.0	0.0	0.0	0.0	0.0	0.0
135.0	0.0	0.0	0.0	0.0	0.0
136.0	0.0	0.0	0.0	0.0	0.0
137.0	0.0	0.0	0.0	0.0	0.0
138.0	0.0	0.0	0.0	0.0	0.0
139.0	0.0	0.0	0.0	0.0	0.0
140.0	0.0	0.0	0.0	0.0	0.0
141.0	0.0	0.0	0.0	0.0	0.0
142.0	0.0	0.0	0.0	0.0	0.0
143.0	0.0	0.0	0.0	0.0	0.0
144.0	0.0	0.0	0.0	0.0	0.0
145.0	0.0	0.0	0.0	0.0	0.0
146.0	0.0	0.0	0.0	0.0	0.0
147.0	0.0	0.0	0.0	0.0	0.0
148.0	0.0	0.0	0.0	0.0	0.0
149.0	0.0	0.0	0.0	0.0	0.0
150.0	0.0	0.0	0.0	0.0	0.0
151.0	0.0	0.0	0.0	0.0	0.0
152.0	0.0	0.0	0.0	0.0	0.0
153.0	0.0	0.0	0.0	0.0	0.0
154.0	0.0	0.0	0.0	0.0	0.0
155.0	0.0	0.0	0.0	0.0	0.0
156.0	0.0	0.0	0.0	0.0	0.0
157.0	0.0	0.0	0.0	0.0	0.0
158.0	0.0	0.0	0.0	0.0	0.0
159.0	0.0	0.0	0.0	0.0	0.0
160.0	0.0	0.0	0.0	0.0	0.0
161.0	0.0	0.0	0.0	0.0	0.0
162.0	0.0	0.0	0.0	0.0	0.0
163.0	0.0	0.0	0.0	0.0	0.0
164.0	0.0	0.0	0.0	0.0	0.0
165.0	0.0	0.0	0.0	0.0	0.0
166.0	0.0	0.0	0.0	0.0	0.0
167.0	0.0	0.0	0.0	0.0	0.0
168.0	0.0	0.0	0.0	0.0	0.0
169.0	0.0	0.0	0.0	0.0	0.0
170.0	0.0	0.0	0.0	0.0	0.0
171.0	0.0	0.0	0.0	0.0	0.0
172.0	0.0	0.0	0.0	0.0	0.0
173.0	0.0	0.0	0.0	0.0	0.0
174.0	0.0	0.0	0.0	0.0	0.0
175.0	0.0	0.0	0.0	0.0	0.0
176.0	0.0	0.0	0.0	0.0	0.0
177.0	0.0	0.0	0.0	0.0	0.0
178.0	0.0	0.0	0.0	0.0	0.0
179.0	0.0	0.0	0.0	0.0	0.0
180.0	0.0	0.0	0.0	0.0	0.0
181.0	0.0	0.0	0.0	0.0	0.0
182.0	0.0	0.0	0.0	0.0	0.0
183.0	0.0	0.0	0.0	0.0	0.0
184.0	0.0	0.0	0.0	0.0	0.0
185.0	0.0	0.0	0.0	0.0	0.0
186.0	0.0	0.0	0.0	0.0	0.0
187.0	0.0	0.0	0.0	0.0	0.0
188.0	0.0	0.0	0.0	0.0	0.0
189.0	0.0	0.0	0.0	0.0	0.0
190.0	0.0	0.0	0.0	0.0	0.0
191.0	0.0	0.0	0.0	0.0	0.0
192.0	0.0	0.0	0.0	0.0	0.0
193.0	0.0	0.0	0.0	0.0	0.0
194.0	0.0	0.0	0.0	0.0	0.0
195.0	0.0	0.0	0.0	0.0	0.0
196.0	0.0	0.0	0.0	0.0	0.0
197.0	0.0	0.0	0.0	0.0	0.0
198.0	0.0	0.0	0.0	0.0	0.0
199.0	0.0	0.0	0.0	0.0	0.0
200.0	0.0	0.0	0.0	0.0	0.0
201.0	0.0	0.0	0.0	0.0	0.0
202.0	0.0	0.0	0.0	0.0	0.0
203.0	0.0	0.0	0.0	0.0	0.0
204.0	0.0	0.0	0.0	0.0	0.0
205.0	0.0	0.0	0.0	0.0	0.0
206.0	0.0	0.0	0.0	0.0	0.0
207.0	0.0	0.0	0.0	0.0	0.0
208.0	0.0	0.0	0.0	0.0	0.0
209.0	0.0	0.0	0.0	0.0	0.0
210.0	0.0	0.0	0.0	0.0	0.0
211.0	0.0	0.0	0.0	0.0	0.0
212.0	0.0	0.0	0.0	0.0	0.0
213.0	0.0	0.0	0.0	0.0	0.0
214.0	0.0	0.0	0.0	0.0	0.0
215.0	0.0	0.0	0.0	0.0	0.0
216.0	0.0	0.0	0.0	0.0	0.0
217.0	0.0	0.0	0.0	0.0	0.0
218.0	0.0	0.0	0.0	0.0	0.0
219.0	0.0	0.0	0.0	0.0	0.0
220.0	0.0	0.0	0.0	0.0	0.0
221.0	0.0	0.0	0.0	0.0	0.0
222.0	0.0	0.0	0.0	0.0	0.0
223.0	0.0	0.0	0.0	0.0	0.0
224.0	0.0	0.0	0.0	0.0	0.0
225.0	0.0	0.0	0.0	0.0	0.0
226.0	0.0	0.0	0.0	0.0	0.0
227.0	0.0	0.0	0.0	0.0	0.0
228.0	0.0	0.0	0.0	0.0	0.0
229.0	0.0	0.0	0.0	0.0	0.0
230.0	0.0	0.0	0.0	0.0	0.0
231.0	0.0	0.0	0.0	0.0	0.0
232.0	0.0	0.0	0.0	0.0	0.0
233.0	0.0	0.0	0.0	0.0	0.0
234.0	0.0	0.0	0.0	0.0	0.0
235.0	0.0	0.0	0.0	0.0	0.0
236.0	0.0	0.0	0.0	0.0	0.0
237.0	0.0	0.0	0.0	0.0	0.0
238.0	0.0	0.0	0.0	0.0	0.0
239.0	0.0	0.0	0.0	0.0	0.0
240.0	0.0	0.0	0.0	0.0	0.0
241.0	0.0	0.0	0.0	0.0	0.0
242.0	0.0	0.0	0.0	0.0	0.0
243.0	0.0	0.0	0.0	0.0	0.0
244.0	0.0	0.0	0.0	0.0	0.0
245.0	0.0	0.0	0.0	0.0	0.0
246.0	0.0	0.0	0.0	0.0	0.0
247.0	0.0	0.0	0.0	0.0	0.0
248.0	0.0	0.0	0.0	0.0	0.0
249.0	0.0	0.0	0.0	0.0	0.0
250.0	0.0	0.0	0.0	0.0	0.0
251.0	0.0	0.0	0.0	0.0	0.0
252.0	0.0	0.0	0.0	0.0	0.0
253.0	0.0	0.0	0.0	0.0	0.0
254.0	0.0	0.0	0.0	0.0	0.0
255.0	0.0	0.0	0.0	0.0	0.0
256.0	0.0	0.0	0.0	0.0	0.0
257.0	0.0	0.0	0.0	0.0	0.0
258.0	0.0	0.0	0.0	0.0	0.0
259.0	0.0	0.0	0.0	0.0	0.0
260.0	0.0	0.0	0.0	0.0	0.0
261.0	0.0	0.0	0.0	0.0	0.0
262.0	0.0	0.0	0.0	0.0	0.0
263.0	0.0	0.0	0.0	0.0	0.0
264.0	0.0	0.0	0.0	0.0	0.0
265.0	0.0	0.0	0.0	0.0	0.0
266.0	0.0	0.0	0.0	0.0	0.0
267.0	0.0	0.0	0.0	0.0	0.0
268.0	0.0	0.0	0.0	0.0	0.0
269.0	0.0	0.0	0.0	0.0	0.0
270.0	0.0	0.0	0.0	0.0	0.0
271.0	0.0	0.0	0.0	0.0	0.0
272.0	0.0	0.0	0.0	0.0	0.0
273.0	0.0	0.0	0.0	0.0	0.0
274.0	0.0	0.0	0.0	0.0	0.0
275.0	0.0	0.0	0.0	0.0	0.0
276.0	0.0	0.0	0.0	0.0	0.0
277.0	0.0	0.0	0.0	0.0	0.0
278.0	0.0	0.0	0.0	0.0	0.0
279.0	0.0	0.0	0.0	0.0	0.0
280.0	0.0	0.0	0.0	0.0	0.0
281.0	0.0	0.0	0.0	0.0	0.0
282.0	0.0	0.0	0.0	0.0	0.0
283.0	0.0	0.0	0.0	0.0	0.0
284.0	0.0	0.0	0.0	0.0	0.0
285.0	0.0	0.0	0.0	0.0	0.0
286.0	0.0	0.0	0.0	0.0	0.0
287.0	0.0	0.0	0.0	0.0	0.0
288.0	0.0	0.0	0.0	0.0	0.0
289.0	0.0	0.0	0.0	0.0	0.0
290.0	0.0	0.0	0.0	0.0	0.0
291.0	0.0	0.0	0.0	0.0	0.0
292.0	0.0	0.0	0.0	0.0	0.0
293.0	0.0	0.0	0.0	0.0	0.0
294.0	0.0	0.0	0.0	0.0	0.0
295.0	0.0	0.0	0.0	0.0	0.0
296.0	0.0	0.0	0.0	0.0	0.0
297.0	0.0	0.0	0.0	0.0	0.0
298.0	0.0	0.0	0.0	0.0	0.0
299.0	0.0	0.0	0.0	0.0	0.0
300.0	0.0	0.0	0.0	0.0	0.0
301.0	0.0	0.0	0.0	0.0	0.0
302.0	0.0	0.0	0.0	0.0	0.0
303.0	0.0	0.0	0.0	0.0	0.0
304.0	0.0	0.0	0.0	0.0	0.0
305.0	0.0	0.0	0.0	0.0	0.0
306.0	0.0	0.0	0.0	0.0	0.0
307.0	0.0	0.0	0.0	0.0	0.0
308.0	0.0	0.0	0.0	0.0	0.0
309.0	0.0	0.0	0.0	0.0	0.0
310.0	0.0	0.0	0.0	0.0	0.0
311.0	0.0	0.0	0.0	0.0	0.0
312.0	0.0	0.0	0.0	0.0	0.0
313.0	0.0	0.0	0.0	0.0	0.0
314.0	0.0	0.0	0.0	0.0	0.0
315.0	0.0	0.0	0.0	0.0	0.0
316.0	0.0	0.0	0.0	0.0	0.0
317.0	0.0	0.0	0.0	0.0	0.0
318.0	0.0	0.0	0.0	0.0	0.0
319.0	0.0	0.0	0.0	0.0	0.0
320.0	0.0	0.0	0.0	0.0	0.0
321.0	0.0	0.0	0.0	0.0	0.0
322.0	0.0	0.0	0.0	0.0	0.0
323.0	0.0	0.0	0.0	0.0	0.0
324.0	0.0	0.0	0.0	0.0	0.0
325.0	0.0	0.0	0.0	0.0	0.0
326.0	0.0	0.0	0.0	0.0	0.0
327.0	0.0	0.0	0.0	0.0	0.0
328.0	0.0	0.0	0.0	0.0	0.0
329.0	0.0	0.0	0.0	0.0	0.0
330.0	0.0	0.0	0.0	0.0	0.0
331.0	0.0	0.0	0.0	0.0	0.0
332.0	0.0	0.0	0.0	0.0	0.0
333.0	0.0	0.0	0.0	0.0	0.0
334.0	0.0	0.0	0.0	0.0	0.0
335.0	0.0	0.0	0.0	0.0	0.0
336.0	0.0	0.0	0.0	0.0	0.0
337.0	0.0	0.0	0.0	0.0	0.0
338.0	0.0	0.0	0.0	0.0	0.0
339.0	0.0	0.0	0.0	0.0	0.0
340.0	0.0	0.0	0.0	0.0	0.0
341.0	0.0	0.0	0.0	0.0	0.0
342.0	0.0	0.0	0.0	0.0	0.0
343.0	0.0	0.0	0.0	0.0	0.0
344.0	0.0	0.0	0.0	0.0	0.0
345.0	0.0	0.0	0.0	0.0	0.0
346.0	0.0	0.0	0.0	0.0	0.0
347.0	0.0	0.0	0.0	0.0	0.0
348.0	0.0	0.0	0.0	0.0	0.0
349.0	0.0	0.0	0.0	0.0	0.0
350.0	0.0	0.0	0.0	0.0	0.0
351.0	0.0	0.0	0.0	0.0	0.0
352.0	0.0	0.0	0.0	0.0	0.0
353.0	0.0	0.0	0.0	0.0	0.0
354.0	0.0	0.0	0.0	0.0	0.0
355.0	0.0	0.0	0.0	0.0	0.0
356.0	0.0	0.0	0.0	0.0	0.0
357.0	0.0	0.0	0.0	0.0	0.0
358.0	0.0	0.0	0.0	0.0	0.0
359.0	0.0	0.0	0.0	0.0	0.0
360.0	0.0	0.0	0.0	0.0	0.0
361.0	0.0	0.0	0.0	0.0	0.0
362.0	0.0	0.0	0.0	0.0	0.0
363.0	0.0	0.0	0.0	0.0	0.0
364.0	0.0	0.0	0.0	0.0	0.0
365.0	0.0	0.0	0.0	0.0	0.0
366.0	0.0	0.0	0.0	0.0	0.0
367.0	0.0	0.0	0.0	0.0	0.0
368.0	0.0	0.0	0.0	0.0	0.0
369.0	0.0	0.0	0.0	0.0	0.0
370.0	0.0	0.0	0.0	0.0	0.0
371.0	0.0	0.0	0.0	0.0	0.0
372.0	0.0	0.0	0.0	0.0	0.0
373.0	0.0	0.0	0.0	0.0	0.0
374.0	0.0	0.0	0.0	0.0	0.0
375.0	0.0	0.0	0.0	0.0	0.0
376.0	0.0	0.0	0.0	0.0	0.0
377.0	0.0	0.0	0.0	0.0	0.0
378.0	0.0	0.0	0.0	0.0	0.0
379.0	0.0	0.0	0.0	0.0	0.0
380.0	0.0	0.0	0.0	0.0	0.0
381.0	0.0	0.0	0.0	0.0	0.0
382.0	0.0	0.0	0.0	0.0	0.0
383.0	0.0	0.0	0.0	0.0	0.0
384.0	0.0	0.0	0.0	0.0	0.0
385.0	0.0	0.0	0.0	0.0	0.0
386.0	0.0	0.0	0.0	0.0	0.0
387.0	0.0	0.0	0.0	0.0	0.0
388.0	0.0	0.0	0.0	0.0	0.0
389.0	0.0	0.0	0.0	0.0	0.0
390.0	0.0	0.0	0.0	0.0	0.0
391.0	0.0	0.0	0.0	0.0	0.0
392.0	0.0	0.0	0.0	0.0	0.0
393.0	0.0	0.0	0.0	0.0	0.0
394.0	0.0	0.0	0.0	0.0	0.0
395.0	0.0	0.0	0.0	0.0	0.0
396.0	0.0	0.0	0.0	0.0	0.0
397.0	0.0	0.0	0.0	0.0	0.0
398.0	0.0	0.0	0.0	0.0	0.0
399.0	0.0	0.0	0.0	0.0	0.0
400.0	0.0	0.0	0.0	0.0	0.0
401.0	0.0	0.0	0.0	0.0	0.0
402.0	0.0	0.0	0.0	0.0	0.0
403.0	0.0	0.0	0.0	0.0	0.0
404.0	0.0	0.0	0.0	0.0	0.0
405.0	0.0	0.0	0.0	0.0	0.0
406.0	0.0	0.0	0.0	0.0	0.0
407.0	0.0	0.0	0.0	0.0	0.0
408.0	0.0	0.0	0.0	0.0	0.0
409.0	0.0	0.0	0.0	0.0	0.0
410.0	0.0	0.0	0.0	0.0	0.0
411.0	0.0	0.0	0.0	0.0	0.0
412.0	0.0	0.0	0.0	0.0	0.0
413.0	0.0	0.0	0.0	0.0	0.0
414.0	0.0	0.0	0.0	0.0	0.0
415.0	0.0	0.0	0.0	0.0	0.0
416.0	0.0	0.0	0.0	0.0	0.0
417.0	0.0	0.0	0.0	0.0	0.0
418.0	0.0	0.0	0.0	0.0	0.0
419.0	0.0	0.0	0.0	0.0	0.0
420.0	0.0	0.0	0.0	0.0	0.0
421.0	0.0	0.0	0.0	0.0	0.0
422.0	0.0	0.0	0.0	0.0	0.0
423.0	0.0	0.0	0.0	0.0	0.0
424.0	0.0	0.0	0.0	0.0	0.0
425.0	0.0	0.0	0.0	0.0	0.0
426.0	0.0	0.0	0.0	0.0	0.0
427.0	0.0	0.0	0.0	0.0	0.0
428.0	0.0	0.0	0.0	0.0	0.0
429.0	0.0	0.0	0.0	0.0	0.0
430.0	0.0	0.0	0.0	0.0	0.0
431.0	0.0	0.0	0.0	0.0	0.0
432.0	0.0	0.0	0.0	0.0	0.0
433.0	0.0	0.0	0.0	0.0	0.0
434.0	0.0	0.0	0.0	0.0	0.0
435.0	0.0	0.0	0.0	0.0	0.0
436.0	0.0	0.0	0.0	0.0	0.0
437.0	0.0	0.0	0.0	0.0	0.0
438.0	0.0	0.0	0.0	0.0	0.0
439.0	0.0	0.0	0.0	0.0	0.0
440.0	0.0	0.0	0.0	0.0	0.0
441.0	0.0	0.0	0.0	0.0	0.0
442.0	0.0	0.0	0.0	0.0	0.0
443.0	0.0	0.0	0.0	0.0	0.0
444.0	0.0	0.0	0.0	0.0	0.0
445.0	0.0	0.0	0.0	0.0	0.0
446.0	0.0	0.0	0.0	0.0	0.0
447.0	0.0	0.0	0.0	0.0	0.0
448.0	0.0	0.0	0.0	0.0	0.0
449.0	0.0	0.0	0.0	0.0	0.0
450.0	0.0	0.0	0.0	0.0	0.0
451.0	0.0	0.0	0.0	0.0	0.0
452.0	0.0	0.0	0.0	0.0	0.0
453.0	0.0	0.0	0.0	0.0	0.0
454.0	0.0	0.0	0.0	0.0	0.0
455.0	0.0	0.0	0.0	0.0	0.0
456.0	0.0	0.0	0.0	0.0	0.0
457.0	0.0	0.0	0.0	0.0	0.0
458.0	0.0	0.0	0.0	0.0	0.0
459.0	0.0	0.0	0.0	0.0	0.0
460.0	0.0	0.0	0.0	0.0	0.0
461.0	0.0	0.0	0.0	0.0	0.0
462.0	0.0	0.0	0.0	0.0	0.0
463.0	0.0	0.0	0.0	0.0	0.0
464.0	0.0	0.0	0.0	0.0	0.0
465.0	0.0	0.0	0.0	0.0	0.0
466.0	0.0	0.0	0.0	0.0	0.0
467.0	0.0	0.0	0.0	0.0	0.0
468.0	0.0	0.0	0.0	0.0	0.0
469.0	0.0	0.0	0.0	0.0	0.0
470.0	0.0	0.0	0.0	0.0	0.0
471.0	0.0	0.0	0.0	0.0	0.0
472.0	0.0	0.0	0.0	0.0	0.0
473.0	0.0	0.0	0.0	0.0	0.0
474.0	0.0	0.0	0.0	0.0	0.0
475.0	0.0	0.0	0.0	0.0	0.0
476.0	0.0	0.0	0.0	0.0	0.0
477.0	0.0	0.0	0.0	0.0	0.0
478.0	0.0	0.0	0.0	0.0	0.0
479.0	0.0	0.0	0.0	0.0	0.0
480.0	0.0	0.0	0.0	0.0	0.0
481.0	0.0	0.0	0.0	0.0	0.0
482.0	0.0	0.0	0.0	0.0	0.0
483.0	0.0	0.0	0.0	0.0	0.0
484.0	0.0	0.0	0.0	0.0	0.0
485.0	0.0	0.0	0.0	0.0	0.0
486.0	0.0	0.0	0.0	0.0	0.0
487.0	0.0	0.0	0.0	0.0	0.0
488.0	0.0	0.0	0.0	0.0	0.0
489.0	0.0	0.0	0.0	0.0	0.0
490.0	0.0	0.0	0.0	0.0	0.0
491.0	0.0	0.0	0.0	0.0	0.0
492.0	0.0	0.0	0.0	0.0	0.0
493.0	0.0	0.0	0.0	0.0	0.0
494.0	0.0	0.0	0.0	0.0	0.0
495.0	0.0	0.0	0.0	0.0	0.0
496.0	0.0	0.0	0.0	0.0	0.0
497.0	0.0	0.0	0.0	0.0	0.0
498.0	0.0	0.0	0.0	0.0	0.0
499.0	0.0	0.0	0.0	0.0	0.0
500.0	0.0	0.0	0.0	0.0	0.0
