0.0	0.0009765624999999999	0.0009765624999999999	0.0009765624999999999	0.0009765624999999999	0.0009765624999999999
0.0125	0.001777732363568227	0.0018127056355664484	0.00179934988727547	0.001796979205965666	0.001795598297435318
0.025	0.032781006692736606	0.033254091516592255	0.0326116431458228	0.03341015810443876	0.03272519655433637
0.0375	0.5860861977549032	0.5860897689923488	0.5861013137156171	0.5860902937060724	0.5860940086538688
0.05	0.7946934134265831	0.7946957243169049	0.7947010312019145	0.7946922842894228	0.7946967556351457
0.0625	0.8898208160048791	0.8898178119196871	0.8898112939086776	0.8898141277561014	0.8898251604200013
0.075	0.9379985009532074	0.9379979444795026	0.9380000963725821	0.9379968697137099	0.9380001291946556
0.0875	0.9640362625851668	0.9640396414309396	0.9640342267283079	0.964038769069725	0.9640358890411298
0.1	0.9787147147040488	0.9787135878175057	0.9787131655278836	0.9787133404634457	0.9787149248504615
0.1125	0.9872259635083545	0.9872253270531983	0.9872250204525581	0.9872251350191589	0.9872247167642426
0.125	0.99225782921828	0.9922585721405348	0.9922588375419034	0.9922591300387908	0.9873069305281302
0.1375	0.9952743630752992	0.9952743411761162	0.9952742957620735	0.9952738929849387	0.988500677600095
0.15	0.9970999211237246	0.9970994613015045	0.9970995073922795	0.9970998257585927	0.9903045358666202
0.1625	0.9982122333030565	0.9982125867438323	0.9982120199355781	0.9982122534147674	0.992023278907434
0.175	0.9988939828339951	0.9988938126513256	0.9988942359673482	0.998893983398531	0.9934098822214332
0.1875	0.9993132770685317	0.9993133874243257	0.999313434558664	0.9993135649107938	0.994583225329702
0.2	0.999572484113734	0.999572480842813	0.999572649703695	0.999572353639391	0.9955256677911639
0.2125	0.9997329628576214	0.9997329802211273	0.999732971060252	0.9991059338804841	0.9962813382054643
0.225	0.9998326495282925	0.999832696954734	0.9998327555945956	0.9980851756208596	0.9969129107536631
0.2375	0.9998948395245162	0.999894823408886	0.99989482382971	0.9978967262729644	0.997429971606892
0.25	0.9999337080327635	0.9999337133967425	0.9999337053797546	0.9979403760030792	0.9978327729668485
0.2625	0.999958087321173	0.9999580556028265	0.9999580658645998	0.9981578146995028	0.9981916455202868
0.275	0.9999733696917974	0.9999733766265906	0.9999733751476295	0.9983251453780859	0.9984740145436382
0.2875	0.9999830397876024	0.9999830435058596	0.9999830367968718	0.9985285617371987	0.998698322417062
0.3	0.999989157080961	0.9999891535476466	0.9999891509498441	0.9986988955131367	0.998896048967697
0.3125	0.999993039675709	0.9999930402528308	0.9999930389330541	0.9988653872912551	0.9990537593779208
0.325	0.9999955182488912	0.9999955142764635	0.9999955182916668	0.9990203424773608	0.9991943612240175
0.3375	0.9999971033298156	0.999997101875122	0.9999971022670038	0.999141811524908	0.9993131328834761
0.35	0.9999981197971587	0.9999981190032109	0.9999981188982298	0.9992585361607992	0.9994004455813956
0.3625	0.9999987787888293	0.9999987753258566	0.9999987753480637	0.9993625927341782	0.9994859889915096
0.375	0.9999991984549511	0.9999991989592756	0.9999991997812555	0.9994341317405587	0.9995520055484352
0.3875	0.9999994753759485	0.999999474943483	0.9999994752268949	0.9995230698232126	0.9996210395766458
0.4	0.9999996549048626	0.9999996547120262	0.9999996544958379	0.9995738627071548	0.9996659710455188
