1.0	0.0009765625	0.0009765625	0.0009765625	0.0009765625	0.0009765625
2.0	0.001474609375	0.00158203125	0.0021484375	0.001953125	0.00193359375
3.0	0.001796875	0.002646484375	0.00376953125	0.003310546875	0.00330078125
4.0	0.001904296875	0.00439453125	0.005859375	0.005029296875	0.00486328125
5.0	0.001875	0.00673828125	0.008203125	0.007177734375	0.00666015625
6.0	0.0019140625	0.009140625	0.01130859375	0.009462890625	0.008828125
7.0	0.001943359375	0.012802734375	0.015283203125	0.012646484375	0.01171875
8.0	0.00181640625	0.01705078125	0.020361328125	0.0166015625	0.015087890625
9.0	0.001630859375	0.022763671875	0.026845703125	0.021474609375	0.019716796875
10.0	0.001484375	0.029775390625	0.034462890625	0.0284375	0.0257421875
11.0	0.00130859375	0.03884765625	0.04453125	0.037578125	0.0331640625
12.0	0.001181640625	0.05103515625	0.05677734375	0.048974609375	0.041669921875
13.0	0.001064453125	0.065986328125	0.07310546875	0.062998046875	0.052841796875
14.0	0.000986328125	0.08447265625	0.092431640625	0.08044921875	0.066201171875
15.0	0.000849609375	0.107265625	0.115673828125	0.101806640625	0.08318359375
16.0	0.000771484375	0.13392578125	0.14349609375	0.12619140625	0.10185546875
17.0	0.000712890625	0.164853515625	0.17552734375	0.155263671875	0.124638671875
18.0	0.000625	0.199560546875	0.20939453125	0.187060546875	0.150908203125
19.0	0.000537109375	0.236572265625	0.24611328125	0.22166015625	0.17783203125
20.0	0.000478515625	0.276240234375	0.281279296875	0.256025390625	0.20462890625
21.0	0.00041015625	0.311416015625	0.313740234375	0.287490234375	0.231748046875
22.0	0.000380859375	0.342705078125	0.338994140625	0.313037109375	0.256416015625
23.0	0.0003125	0.366767578125	0.355263671875	0.332041015625	0.277490234375
24.0	0.00025390625	0.380654296875	0.365244140625	0.344404296875	0.291044921875
25.0	0.000234375	0.383525390625	0.365625	0.347978515625	0.300185546875
26.0	0.000224609375	0.37435546875	0.356962890625	0.3426171875	0.3038671875
27.0	0.00015625	0.356005859375	0.34021484375	0.331689453125	0.299521484375
28.0	0.000107421875	0.331142578125	0.318154296875	0.315322265625	0.292099609375
29.0	7.8125e-5	0.3021875	0.292197265625	0.29400390625	0.2806640625
30.0	7.8125e-5	0.272392578125	0.265947265625	0.271220703125	0.267744140625
31.0	6.8359375e-5	0.2428515625	0.237138671875	0.248173828125	0.2525390625
32.0	5.859375e-5	0.21439453125	0.208681640625	0.223798828125	0.235546875
33.0	4.8828125e-5	0.18626953125	0.182744140625	0.200546875	0.218076171875
34.0	2.9296875e-5	0.16212890625	0.159541015625	0.1777734375	0.201279296875
35.0	2.9296875e-5	0.139794921875	0.13814453125	0.157255859375	0.183603515625
36.0	2.9296875e-5	0.11986328125	0.1190234375	0.137216796875	0.167119140625
37.0	2.9296875e-5	0.102890625	0.101953125	0.119873046875	0.151181640625
38.0	2.9296875e-5	0.087919921875	0.087490234375	0.104208984375	0.135625
39.0	2.9296875e-5	0.07521484375	0.074736328125	0.089697265625	0.122041015625
40.0	1.953125e-5	0.0639453125	0.063447265625	0.077333984375	0.108291015625
41.0	1.953125e-5	0.054892578125	0.0539453125	0.06634765625	0.09603515625
42.0	1.953125e-5	0.0472265625	0.04630859375	0.0571875	0.084765625
43.0	1.953125e-5	0.0401953125	0.039501953125	0.0491015625	0.074658203125
44.0	1.953125e-5	0.034482421875	0.033173828125	0.042099609375	0.065146484375
45.0	1.953125e-5	0.029345703125	0.028271484375	0.03625	0.05673828125
46.0	1.953125e-5	0.025419921875	0.0241015625	0.030771484375	0.04890625
47.0	1.953125e-5	0.021669921875	0.02044921875	0.026142578125	0.042802734375
48.0	1.953125e-5	0.018681640625	0.01728515625	0.022568359375	0.037412109375
49.0	1.953125e-5	0.016064453125	0.01501953125	0.019306640625	0.031787109375
50.0	1.953125e-5	0.013759765625	0.012724609375	0.01623046875	0.027529296875
51.0	1.953125e-5	0.011474609375	0.010888671875	0.014013671875	0.02330078125
52.0	1.953125e-5	0.0098828125	0.009384765625	0.0119921875	0.020029296875
53.0	1.953125e-5	0.0085546875	0.00791015625	0.0101953125	0.017646484375
54.0	0.0	0.007119140625	0.00654296875	0.008359375	0.015048828125
55.0	0.0	0.0058984375	0.005537109375	0.00712890625	0.01279296875
56.0	0.0	0.004990234375	0.0046875	0.00607421875	0.010966796875
57.0	0.0	0.004248046875	0.003974609375	0.005078125	0.009521484375
58.0	0.0	0.00361328125	0.003447265625	0.00439453125	0.00802734375
59.0	0.0	0.003173828125	0.00291015625	0.003701171875	0.00689453125
60.0	0.0	0.002666015625	0.00244140625	0.00310546875	0.005849609375
61.0	0.0	0.00228515625	0.002119140625	0.0025390625	0.005048828125
62.0	0.0	0.002001953125	0.0017578125	0.0021484375	0.004296875
63.0	0.0	0.001728515625	0.001484375	0.001767578125	0.003662109375
64.0	0.0	0.00150390625	0.0012890625	0.001572265625	0.003134765625
65.0	0.0	0.00126953125	0.00119140625	0.001357421875	0.0027734375
66.0	0.0	0.00107421875	0.001025390625	0.001220703125	0.002353515625
67.0	0.0	0.0009375	0.000859375	0.00103515625	0.001923828125
68.0	0.0	0.000810546875	0.000751953125	0.00091796875	0.001611328125
69.0	0.0	0.00068359375	0.000634765625	0.00080078125	0.001376953125
70.0	0.0	0.0005859375	0.000556640625	0.000693359375	0.00115234375
71.0	0.0	0.00048828125	0.000458984375	0.00060546875	0.0009765625
72.0	0.0	0.000439453125	0.000400390625	0.000517578125	0.000830078125
73.0	0.0	0.000361328125	0.000361328125	0.000458984375	0.000712890625
74.0	0.0	0.000302734375	0.00033203125	0.000380859375	0.000654296875
75.0	0.0	0.000263671875	0.00025390625	0.000302734375	0.00056640625
76.0	0.0	0.000244140625	0.00021484375	0.000244140625	0.00044921875
77.0	0.0	0.000185546875	0.000185546875	0.000205078125	0.000380859375
78.0	0.0	0.000166015625	0.000166015625	0.000146484375	0.00033203125
79.0	0.0	0.00015625	0.000146484375	0.000107421875	0.0002734375
80.0	0.0	0.000146484375	0.000126953125	9.765625e-5	0.000234375
81.0	0.0	0.000107421875	0.0001171875	7.8125e-5	0.000205078125
82.0	0.0	7.8125e-5	9.765625e-5	5.859375e-5	0.000166015625
83.0	0.0	3.90625e-5	6.8359375e-5	3.90625e-5	0.00013671875
84.0	0.0	1.953125e-5	4.8828125e-5	3.90625e-5	0.0001171875
85.0	0.0	1.953125e-5	3.90625e-5	3.90625e-5	0.000107421875
86.0	0.0	9.765625e-6	2.9296875e-5	3.90625e-5	0.000107421875
87.0	0.0	9.765625e-6	2.9296875e-5	2.9296875e-5	9.765625e-5
88.0	0.0	9.765625e-6	1.953125e-5	1.953125e-5	8.7890625e-5
89.0	0.0	9.765625e-6	1.953125e-5	1.953125e-5	6.8359375e-5
90.0	0.0	0.0	1.953125e-5	1.953125e-5	5.859375e-5
91.0	0.0	0.0	9.765625e-6	9.765625e-6	3.90625e-5
92.0	0.0	0.0	9.765625e-6	9.765625e-6	3.90625e-5
93.0	0.0	0.0	9.765625e-6	9.765625e-6	2.9296875e-5
94.0	0.0	0.0	9.765625e-6	0.0	2.9296875e-5
95.0	0.0	0.0	9.765625e-6	0.0	9.765625e-6
96.0	0.0	0.0	9.765625e-6	0.0	9.765625e-6
97.0	0.0	0.0	9.765625e-6	0.0	9.765625e-6
98.0	0.0	0.0	9.765625e-6	0.0	0.0
99.0	0.0	0.0	0.0	0.0	0.0
100.0	0.0	0.0	0.0	0.0	0.0
101.0	0.0	0.0	0.0	0.0	0.0
102.0	0.0	0.0	0.0	0.0	0.0
103.0	0.0	0.0	0.0	0.0	0.0
104.0	0.0	0.0	0.0	0.0	0.0
105.0	0.0	0.0	0.0	0.0	0.0
106.0	0.0	0.0	0.0	0.0	0.0
107.0	0.0	0.0	0.0	0.0	0.0
108.0	0.0	0.0	0.0	0.0	0.0
109.0	0.0	0.0	0.0	0.0	0.0
110.0	0.0	0.0	0.0	0.0	0.0
111.0	0.0	0.0	0.0	0.0	0.0
112.0	0.0	0.0	0.0	0.0	0.0
113.0	0.0	0.0	0.0	0.0	0.0
114.0	0.0	0.0	0.0	0.0	0.0
115.0	0.0	0.0	0.0	0.0	0.0
116.0	0.0	0.0	0.0	0.0	0.0
117.0	0.0	0.0	0.0	0.0	0.0
118.0	0.0	0.0	0.0	0.0	0.0
119.0	0.0	0.0	0.0	0.0	0.0
120.0	0.0	0.0	0.0	0.0	0.0
121.0	0.0	0.0	0.0	0.0	0.0
122.0	0.0	0.0	0.0	0.0	0.0
123.0	0.0	0.0	0.0	0.0	0.0
124.0	0.0	0.0	0.0	0.0	0.0
125.0	0.0	0.0	0.0	0.0	0.0
126.0	0.0	0.0	0.0	0.0	0.0
127.0	0.0	0.0	0.0	0.0	0.0
128.0	0.0	0.0	0.0	0.0	0.0
129.0	0.0	0.0	0.0	0.0	0.0
130.0	0.0	0.0	0.0	0.0	0.0
131.0	0.0	0.0	0.0	0.0	0.0
132.0	0.0	0.0	0.0	0.0	0.0
133.0	0.0	0.0	0.0	0.0	0.0
134.0	0.0	0.0	0.0	0.0	0.0
135.0	0.0	0.0	0.0	0.0	0.0
136.0	0.0	0.0	0.0	0.0	0.0
137.0	0.0	0.0	0.0	0.0	0.0
138.0	0.0	0.0	0.0	0.0	0.0
139.0	0.0	0.0	0.0	0.0	0.0
140.0	0.0	0.0	0.0	0.0	0.0
141.0	0.0	0.0	0.0	0.0	0.0
142.0	0.0	0.0	0.0	0.0	0.0
143.0	0.0	0.0	0.0	0.0	0.0
144.0	0.0	0.0	0.0	0.0	0.0
145.0	0.0	0.0	0.0	0.0	0.0
146.0	0.0	0.0	0.0	0.0	0.0
147.0	0.0	0.0	0.0	0.0	0.0
148.0	0.0	0.0	0.0	0.0	0.0
149.0	0.0	0.0	0.0	0.0	0.0
150.0	0.0	0.0	0.0	0.0	0.0
151.0	0.0	0.0	0.0	0.0	0.0
152.0	0.0	0.0	0.0	0.0	0.0
153.0	0.0	0.0	0.0	0.0	0.0
154.0	0.0	0.0	0.0	0.0	0.0
155.0	0.0	0.0	0.0	0.0	0.0
156.0	0.0	0.0	0.0	0.0	0.0
157.0	0.0	0.0	0.0	0.0	0.0
158.0	0.0	0.0	0.0	0.0	0.0
159.0	0.0	0.0	0.0	0.0	0.0
160.0	0.0	0.0	0.0	0.0	0.0
161.0	0.0	0.0	0.0	0.0	0.0
162.0	0.0	0.0	0.0	0.0	0.0
163.0	0.0	0.0	0.0	0.0	0.0
164.0	0.0	0.0	0.0	0.0	0.0
165.0	0.0	0.0	0.0	0.0	0.0
166.0	0.0	0.0	0.0	0.0	0.0
167.0	0.0	0.0	0.0	0.0	0.0
168.0	0.0	0.0	0.0	0.0	0.0
169.0	0.0	0.0	0.0	0.0	0.0
170.0	0.0	0.0	0.0	0.0	0.0
171.0	0.0	0.0	0.0	0.0	0.0
172.0	0.0	0.0	0.0	0.0	0.0
173.0	0.0	0.0	0.0	0.0	0.0
174.0	0.0	0.0	0.0	0.0	0.0
175.0	0.0	0.0	0.0	0.0	0.0
176.0	0.0	0.0	0.0	0.0	0.0
177.0	0.0	0.0	0.0	0.0	0.0
178.0	0.0	0.0	0.0	0.0	0.0
179.0	0.0	0.0	0.0	0.0	0.0
180.0	0.0	0.0	0.0	0.0	0.0
181.0	0.0	0.0	0.0	0.0	0.0
182.0	0.0	0.0	0.0	0.0	0.0
183.0	0.0	0.0	0.0	0.0	0.0
184.0	0.0	0.0	0.0	0.0	0.0
185.0	0.0	0.0	0.0	0.0	0.0
186.0	0.0	0.0	0.0	0.0	0.0
187.0	0.0	0.0	0.0	0.0	0.0
188.0	0.0	0.0	0.0	0.0	0.0
189.0	0.0	0.0	0.0	0.0	0.0
190.0	0.0	0.0	0.0	0.0	0.0
191.0	0.0	0.0	0.0	0.0	0.0
192.0	0.0	0.0	0.0	0.0	0.0
193.0	0.0	0.0	0.0	0.0	0.0
194.0	0.0	0.0	0.0	0.0	0.0
195.0	0.0	0.0	0.0	0.0	0.0
196.0	0.0	0.0	0.0	0.0	0.0
197.0	0.0	0.0	0.0	0.0	0.0
198.0	0.0	0.0	0.0	0.0	0.0
199.0	0.0	0.0	0.0	0.0	0.0
200.0	0.0	0.0	0.0	0.0	0.0
201.0	0.0	0.0	0.0	0.0	0.0
202.0	0.0	0.0	0.0	0.0	0.0
203.0	0.0	0.0	0.0	0.0	0.0
204.0	0.0	0.0	0.0	0.0	0.0
205.0	0.0	0.0	0.0	0.0	0.0
206.0	0.0	0.0	0.0	0.0	0.0
207.0	0.0	0.0	0.0	0.0	0.0
208.0	0.0	0.0	0.0	0.0	0.0
209.0	0.0	0.0	0.0	0.0	0.0
210.0	0.0	0.0	0.0	0.0	0.0
211.0	0.0	0.0	0.0	0.0	0.0
212.0	0.0	0.0	0.0	0.0	0.0
213.0	0.0	0.0	0.0	0.0	0.0
214.0	0.0	0.0	0.0	0.0	0.0
215.0	0.0	0.0	0.0	0.0	0.0
216.0	0.0	0.0	0.0	0.0	0.0
217.0	0.0	0.0	0.0	0.0	0.0
218.0	0.0	0.0	0.0	0.0	0.0
219.0	0.0	0.0	0.0	0.0	0.0
220.0	0.0	0.0	0.0	0.0	0.0
221.0	0.0	0.0	0.0	0.0	0.0
222.0	0.0	0.0	0.0	0.0	0.0
223.0	0.0	0.0	0.0	0.0	0.0
224.0	0.0	0.0	0.0	0.0	0.0
225.0	0.0	0.0	0.0	0.0	0.0
226.0	0.0	0.0	0.0	0.0	0.0
227.0	0.0	0.0	0.0	0.0	0.0
228.0	0.0	0.0	0.0	0.0	0.0
229.0	0.0	0.0	0.0	0.0	0.0
230.0	0.0	0.0	0.0	0.0	0.0
231.0	0.0	0.0	0.0	0.0	0.0
232.0	0.0	0.0	0.0	0.0	0.0
233.0	0.0	0.0	0.0	0.0	0.0
234.0	0.0	0.0	0.0	0.0	0.0
235.0	0.0	0.0	0.0	0.0	0.0
236.0	0.0	0.0	0.0	0.0	0.0
237.0	0.0	0.0	0.0	0.0	0.0
238.0	0.0	0.0	0.0	0.0	0.0
239.0	0.0	0.0	0.0	0.0	0.0
240.0	0.0	0.0	0.0	0.0	0.0
241.0	0.0	0.0	0.0	0.0	0.0
242.0	0.0	0.0	0.0	0.0	0.0
243.0	0.0	0.0	0.0	0.0	0.0
244.0	0.0	0.0	0.0	0.0	0.0
245.0	0.0	0.0	0.0	0.0	0.0
246.0	0.0	0.0	0.0	0.0	0.0
247.0	0.0	0.0	0.0	0.0	0.0
248.0	0.0	0.0	0.0	0.0	0.0
249.0	0.0	0.0	0.0	0.0	0.0
250.0	0.0	0.0	0.0	0.0	0.0
251.0	0.0	0.0	0.0	0.0	0.0
252.0	0.0	0.0	0.0	0.0	0.0
253.0	0.0	0.0	0.0	0.0	0.0
254.0	0.0	0.0	0.0	0.0	0.0
255.0	0.0	0.0	0.0	0.0	0.0
256.0	0.0	0.0	0.0	0.0	0.0
257.0	0.0	0.0	0.0	0.0	0.0
258.0	0.0	0.0	0.0	0.0	0.0
259.0	0.0	0.0	0.0	0.0	0.0
260.0	0.0	0.0	0.0	0.0	0.0
261.0	0.0	0.0	0.0	0.0	0.0
262.0	0.0	0.0	0.0	0.0	0.0
263.0	0.0	0.0	0.0	0.0	0.0
264.0	0.0	0.0	0.0	0.0	0.0
265.0	0.0	0.0	0.0	0.0	0.0
266.0	0.0	0.0	0.0	0.0	0.0
267.0	0.0	0.0	0.0	0.0	0.0
268.0	0.0	0.0	0.0	0.0	0.0
269.0	0.0	0.0	0.0	0.0	0.0
270.0	0.0	0.0	0.0	0.0	0.0
271.0	0.0	0.0	0.0	0.0	0.0
272.0	0.0	0.0	0.0	0.0	0.0
273.0	0.0	0.0	0.0	0.0	0.0
274.0	0.0	0.0	0.0	0.0	0.0
275.0	0.0	0.0	0.0	0.0	0.0
276.0	0.0	0.0	0.0	0.0	0.0
277.0	0.0	0.0	0.0	0.0	0.0
278.0	0.0	0.0	0.0	0.0	0.0
279.0	0.0	0.0	0.0	0.0	0.0
280.0	0.0	0.0	0.0	0.0	0.0
281.0	0.0	0.0	0.0	0.0	0.0
282.0	0.0	0.0	0.0	0.0	0.0
283.0	0.0	0.0	0.0	0.0	0.0
284.0	0.0	0.0	0.0	0.0	0.0
285.0	0.0	0.0	0.0	0.0	0.0
286.0	0.0	0.0	0.0	0.0	0.0
287.0	0.0	0.0	0.0	0.0	0.0
288.0	0.0	0.0	0.0	0.0	0.0
289.0	0.0	0.0	0.0	0.0	0.0
290.0	0.0	0.0	0.0	0.0	0.0
291.0	0.0	0.0	0.0	0.0	0.0
292.0	0.0	0.0	0.0	0.0	0.0
293.0	0.0	0.0	0.0	0.0	0.0
294.0	0.0	0.0	0.0	0.0	0.0
295.0	0.0	0.0	0.0	0.0	0.0
296.0	0.0	0.0	0.0	0.0	0.0
297.0	0.0	0.0	0.0	0.0	0.0
298.0	0.0	0.0	0.0	0.0	0.0
299.0	0.0	0.0	0.0	0.0	0.0
300.0	0.0	0.0	0.0	0.0	0.0
301.0	0.0	0.0	0.0	0.0	0.0
302.0	0.0	0.0	0.0	0.0	0.0
303.0	0.0	0.0	0.0	0.0	0.0
304.0	0.0	0.0	0.0	0.0	0.0
305.0	0.0	0.0	0.0	0.0	0.0
306.0	0.0	0.0	0.0	0.0	0.0
307.0	0.0	0.0	0.0	0.0	0.0
308.0	0.0	0.0	0.0	0.0	0.0
309.0	0.0	0.0	0.0	0.0	0.0
310.0	0.0	0.0	0.0	0.0	0.0
311.0	0.0	0.0	0.0	0.0	0.0
312.0	0.0	0.0	0.0	0.0	0.0
313.0	0.0	0.0	0.0	0.0	0.0
314.0	0.0	0.0	0.0	0.0	0.0
315.0	0.0	0.0	0.0	0.0	0.0
316.0	0.0	0.0	0.0	0.0	0.0
317.0	0.0	0.0	0.0	0.0	0.0
318.0	0.0	0.0	0.0	0.0	0.0
319.0	0.0	0.0	0.0	0.0	0.0
320.0	0.0	0.0	0.0	0.0	0.0
321.0	0.0	0.0	0.0	0.0	0.0
322.0	0.0	0.0	0.0	0.0	0.0
323.0	0.0	0.0	0.0	0.0	0.0
324.0	0.0	0.0	0.0	0.0	0.0
325.0	0.0	0.0	0.0	0.0	0.0
326.0	0.0	0.0	0.0	0.0	0.0
327.0	0.0	0.0	0.0	0.0	0.0
328.0	0.0	0.0	0.0	0.0	0.0
329.0	0.0	0.0	0.0	0.0	0.0
330.0	0.0	0.0	0.0	0.0	0.0
331.0	0.0	0.0	0.0	0.0	0.0
332.0	0.0	0.0	0.0	0.0	0.0
333.0	0.0	0.0	0.0	0.0	0.0
334.0	0.0	0.0	0.0	0.0	0.0
335.0	0.0	0.0	0.0	0.0	0.0
336.0	0.0	0.0	0.0	0.0	0.0
337.0	0.0	0.0	0.0	0.0	0.0
338.0	0.0	0.0	0.0	0.0	0.0
339.0	0.0	0.0	0.0	0.0	0.0
340.0	0.0	0.0	0.0	0.0	0.0
341.0	0.0	0.0	0.0	0.0	0.0
342.0	0.0	0.0	0.0	0.0	0.0
343.0	0.0	0.0	0.0	0.0	0.0
344.0	0.0	0.0	0.0	0.0	0.0
345.0	0.0	0.0	0.0	0.0	0.0
346.0	0.0	0.0	0.0	0.0	0.0
347.0	0.0	0.0	0.0	0.0	0.0
348.0	0.0	0.0	0.0	0.0	0.0
349.0	0.0	0.0	0.0	0.0	0.0
350.0	0.0	0.0	0.0	0.0	0.0
351.0	0.0	0.0	0.0	0.0	0.0
352.0	0.0	0.0	0.0	0.0	0.0
353.0	0.0	0.0	0.0	0.0	0.0
354.0	0.0	0.0	0.0	0.0	0.0
355.0	0.0	0.0	0.0	0.0	0.0
356.0	0.0	0.0	0.0	0.0	0.0
357.0	0.0	0.0	0.0	0.0	0.0
358.0	0.0	0.0	0.0	0.0	0.0
359.0	0.0	0.0	0.0	0.0	0.0
360.0	0.0	0.0	0.0	0.0	0.0
361.0	0.0	0.0	0.0	0.0	0.0
362.0	0.0	0.0	0.0	0.0	0.0
363.0	0.0	0.0	0.0	0.0	0.0
364.0	0.0	0.0	0.0	0.0	0.0
365.0	0.0	0.0	0.0	0.0	0.0
366.0	0.0	0.0	0.0	0.0	0.0
367.0	0.0	0.0	0.0	0.0	0.0
368.0	0.0	0.0	0.0	0.0	0.0
369.0	0.0	0.0	0.0	0.0	0.0
370.0	0.0	0.0	0.0	0.0	0.0
371.0	0.0	0.0	0.0	0.0	0.0
372.0	0.0	0.0	0.0	0.0	0.0
373.0	0.0	0.0	0.0	0.0	0.0
374.0	0.0	0.0	0.0	0.0	0.0
375.0	0.0	0.0	0.0	0.0	0.0
376.0	0.0	0.0	0.0	0.0	0.0
377.0	0.0	0.0	0.0	0.0	0.0
378.0	0.0	0.0	0.0	0.0	0.0
379.0	0.0	0.0	0.0	0.0	0.0
380.0	0.0	0.0	0.0	0.0	0.0
381.0	0.0	0.0	0.0	0.0	0.0
382.0	0.0	0.0	0.0	0.0	0.0
383.0	0.0	0.0	0.0	0.0	0.0
384.0	0.0	0.0	0.0	0.0	0.0
385.0	0.0	0.0	0.0	0.0	0.0
386.0	0.0	0.0	0.0	0.0	0.0
387.0	0.0	0.0	0.0	0.0	0.0
388.0	0.0	0.0	0.0	0.0	0.0
389.0	0.0	0.0	0.0	0.0	0.0
390.0	0.0	0.0	0.0	0.0	0.0
391.0	0.0	0.0	0.0	0.0	0.0
392.0	0.0	0.0	0.0	0.0	0.0
393.0	0.0	0.0	0.0	0.0	0.0
394.0	0.0	0.0	0.0	0.0	0.0
395.0	0.0	0.0	0.0	0.0	0.0
396.0	0.0	0.0	0.0	0.0	0.0
397.0	0.0	0.0	0.0	0.0	0.0
398.0	0.0	0.0	0.0	0.0	0.0
399.0	0.0	0.0	0.0	0.0	0.0
400.0	0.0	0.0	0.0	0.0	0.0
401.0	0.0	0.0	0.0	0.0	0.0
402.0	0.0	0.0	0.0	0.0	0.0
403.0	0.0	0.0	0.0	0.0	0.0
404.0	0.0	0.0	0.0	0.0	0.0
405.0	0.0	0.0	0.0	0.0	0.0
406.0	0.0	0.0	0.0	0.0	0.0
407.0	0.0	0.0	0.0	0.0	0.0
408.0	0.0	0.0	0.0	0.0	0.0
409.0	0.0	0.0	0.0	0.0	0.0
410.0	0.0	0.0	0.0	0.0	0.0
411.0	0.0	0.0	0.0	0.0	0.0
412.0	0.0	0.0	0.0	0.0	0.0
413.0	0.0	0.0	0.0	0.0	0.0
414.0	0.0	0.0	0.0	0.0	0.0
415.0	0.0	0.0	0.0	0.0	0.0
416.0	0.0	0.0	0.0	0.0	0.0
417.0	0.0	0.0	0.0	0.0	0.0
418.0	0.0	0.0	0.0	0.0	0.0
419.0	0.0	0.0	0.0	0.0	0.0
420.0	0.0	0.0	0.0	0.0	0.0
421.0	0.0	0.0	0.0	0.0	0.0
422.0	0.0	0.0	0.0	0.0	0.0
423.0	0.0	0.0	0.0	0.0	0.0
424.0	0.0	0.0	0.0	0.0	0.0
425.0	0.0	0.0	0.0	0.0	0.0
426.0	0.0	0.0	0.0	0.0	0.0
427.0	0.0	0.0	0.0	0.0	0.0
428.0	0.0	0.0	0.0	0.0	0.0
429.0	0.0	0.0	0.0	0.0	0.0
430.0	0.0	0.0	0.0	0.0	0.0
431.0	0.0	0.0	0.0	0.0	0.0
432.0	0.0	0.0	0.0	0.0	0.0
433.0	0.0	0.0	0.0	0.0	0.0
434.0	0.0	0.0	0.0	0.0	0.0
435.0	0.0	0.0	0.0	0.0	0.0
436.0	0.0	0.0	0.0	0.0	0.0
437.0	0.0	0.0	0.0	0.0	0.0
438.0	0.0	0.0	0.0	0.0	0.0
439.0	0.0	0.0	0.0	0.0	0.0
440.0	0.0	0.0	0.0	0.0	0.0
441.0	0.0	0.0	0.0	0.0	0.0
442.0	0.0	0.0	0.0	0.0	0.0
443.0	0.0	0.0	0.0	0.0	0.0
444.0	0.0	0.0	0.0	0.0	0.0
445.0	0.0	0.0	0.0	0.0	0.0
446.0	0.0	0.0	0.0	0.0	0.0
447.0	0.0	0.0	0.0	0.0	0.0
448.0	0.0	0.0	0.0	0.0	0.0
449.0	0.0	0.0	0.0	0.0	0.0
450.0	0.0	0.0	0.0	0.0	0.0
451.0	0.0	0.0	0.0	0.0	0.0
452.0	0.0	0.0	0.0	0.0	0.0
453.0	0.0	0.0	0.0	0.0	0.0
454.0	0.0	0.0	0.0	0.0	0.0
455.0	0.0	0.0	0.0	0.0	0.0
456.0	0.0	0.0	0.0	0.0	0.0
457.0	0.0	0.0	0.0	0.0	0.0
458.0	0.0	0.0	0.0	0.0	0.0
459.0	0.0	0.0	0.0	0.0	0.0
460.0	0.0	0.0	0.0	0.0	0.0
461.0	0.0	0.0	0.0	0.0	0.0
462.0	0.0	0.0	0.0	0.0	0.0
463.0	0.0	0.0	0.0	0.0	0.0
464.0	0.0	0.0	0.0	0.0	0.0
465.0	0.0	0.0	0.0	0.0	0.0
466.0	0.0	0.0	0.0	0.0	0.0
467.0	0.0	0.0	0.0	0.0	0.0
468.0	0.0	0.0	0.0	0.0	0.0
469.0	0.0	0.0	0.0	0.0	0.0
470.0	0.0	0.0	0.0	0.0	0.0
471.0	0.0	0.0	0.0	0.0	0.0
472.0	0.0	0.0	0.0	0.0	0.0
473.0	0.0	0.0	0.0	0.0	0.0
474.0	0.0	0.0	0.0	0.0	0.0
475.0	0.0	0.0	0.0	0.0	0.0
476.0	0.0	0.0	0.0	0.0	0.0
477.0	0.0	0.0	0.0	0.0	0.0
478.0	0.0	0.0	0.0	0.0	0.0
479.0	0.0	0.0	0.0	0.0	0.0
480.0	0.0	0.0	0.0	0.0	0.0
481.0	0.0	0.0	0.0	0.0	0.0
482.0	0.0	0.0	0.0	0.0	0.0
483.0	0.0	0.0	0.0	0.0	0.0
484.0	0.0	0.0	0.0	0.0	0.0
485.0	0.0	0.0	0.0	0.0	0.0
486.0	0.0	0.0	0.0	0.0	0.0
487.0	0.0	0.0	0.0	0.0	0.0
488.0	0.0	0.0	0.0	0.0	0.0
489.0	0.0	0.0	0.0	0.0	0.0
490.0	0.0	0.0	0.0	0.0	0.0
491.0	0.0	0.0	0.0	0.0	0.0
492.0	0.0	0.0	0.0	0.0	0.0
493.0	0.0	0.0	0.0	0.0	0.0
494.0	0.0	0.0	0.0	0.0	0.0
495.0	0.0	0.0	0.0	0.0	0.0
496.0	0.0	0.0	0.0	0.0	0.0
497.0	0.0	0.0	0.0	0.0	0.0
498.0	0.0	0.0	0.0	0.0	0.0
499.0	0.0	0.0	0.0	0.0	0.0
500.0	0.0	0.0	0.0	0.0	0.0
