0.0005078125	0.05064453125	0.04751953125	0.04919921875	0.054521484375	0.04953125	0.05421875	0.052626953125	0.059384765625	0.055810546875	0.049091796875	0.05482421875	0.054775390625	0.052177734375	0.047666015625	0.04892578125	0.049921875	0.0536328125	0.04958984375	0.04927734375	0.0543359375	0.05751953125	0.053154296875	0.053798828125	0.055224609375	0.0494921875	0.051982421875	0.052265625	0.051318359375	0.04478515625	0.05013671875	0.053193359375	0.0472265625	0.05046875	0.055673828125	0.049658203125	0.054462890625	0.05037109375	0.05498046875	0.05330078125	0.050419921875
0.000537109375	0.010283203125	0.053759765625	0.05193359375	0.052236328125	0.05541015625	0.055986328125	0.05501953125	0.05857421875	0.0558984375	0.051123046875	0.05451171875	0.054140625	0.052373046875	0.04763671875	0.048310546875	0.046689453125	0.05515625	0.04904296875	0.051904296875	0.053173828125	0.05267578125	0.05501953125	0.049306640625	0.051728515625	0.05419921875	0.05083984375	0.051796875	0.050302734375	0.05234375	0.049658203125	0.0514453125	0.056474609375	0.0452734375	0.05068359375	0.057900390625	0.0496484375	0.050517578125	0.05484375	0.04255859375	0.050224609375
0.0005078125	0.002880859375	0.011943359375	0.0541015625	0.055703125	0.0547265625	0.047705078125	0.054033203125	0.047802734375	0.05259765625	0.055654296875	0.04869140625	0.049130859375	0.0494140625	0.05521484375	0.04759765625	0.050478515625	0.054091796875	0.050048828125	0.0545703125	0.052666015625	0.056904296875	0.051572265625	0.046005859375	0.0544140625	0.0526171875	0.050634765625	0.05279296875	0.049609375	0.057001953125	0.05236328125	0.047080078125	0.056201171875	0.056162109375	0.04513671875	0.05576171875	0.048017578125	0.048798828125	0.051298828125	0.054833984375	0.04513671875
0.000576171875	0.0023828125	0.005380859375	0.013642578125	0.0447265625	0.050908203125	0.051572265625	0.053564453125	0.0476953125	0.052138671875	0.058408203125	0.053642578125	0.0553125	0.052177734375	0.054775390625	0.053359375	0.04982421875	0.04779296875	0.045537109375	0.054150390625	0.046123046875	0.052685546875	0.05123046875	0.0526953125	0.051962890625	0.05328125	0.0549609375	0.0526171875	0.05583984375	0.049921875	0.05333984375	0.05646484375	0.05037109375	0.05587890625	0.055224609375	0.045283203125	0.050458984375	0.049892578125	0.054453125	0.058935546875	0.04994140625
0.000478515625	0.001728515625	0.003369140625	0.00568359375	0.01138671875	0.0532421875	0.048720703125	0.05376953125	0.057763671875	0.048837890625	0.05169921875	0.054677734375	0.053427734375	0.04416015625	0.053681640625	0.049228515625	0.053017578125	0.05318359375	0.053759765625	0.054111328125	0.05603515625	0.05150390625	0.0573828125	0.056748046875	0.046640625	0.052978515625	0.05375	0.05431640625	0.05099609375	0.053193359375	0.0458984375	0.0530859375	0.05388671875	0.05150390625	0.05193359375	0.04765625	0.056953125	0.045859375	0.050205078125	0.051220703125	0.0547265625
0.00041015625	0.001396484375	0.00287109375	0.003466796875	0.0058984375	0.01486328125	0.04634765625	0.060146484375	0.0512109375	0.056259765625	0.052197265625	0.056376953125	0.052529296875	0.053037109375	0.048671875	0.0558984375	0.0423046875	0.0503515625	0.050576171875	0.057021484375	0.04529296875	0.046875	0.058193359375	0.043994140625	0.057841796875	0.056572265625	0.04841796875	0.053505859375	0.046552734375	0.05673828125	0.04869140625	0.053818359375	0.04892578125	0.043486328125	0.047822265625	0.05177734375	0.04736328125	0.05451171875	0.055634765625	0.059013671875	0.045751953125
0.000537109375	0.001416015625	0.002802734375	0.0030859375	0.00626953125	0.0078515625	0.0192578125	0.045185546875	0.054130859375	0.050732421875	0.0583203125	0.05259765625	0.0509375	0.04958984375	0.053974609375	0.0506640625	0.052421875	0.053134765625	0.05072265625	0.056884765625	0.04908203125	0.05443359375	0.05408203125	0.051328125	0.056630859375	0.044755859375	0.054658203125	0.051904296875	0.054140625	0.04818359375	0.045458984375	0.0512109375	0.054306640625	0.05517578125	0.0490234375	0.047548828125	0.057861328125	0.053671875	0.04998046875	0.0547265625	0.057412109375
0.000517578125	0.000634765625	0.0021484375	0.00408203125	0.0045703125	0.005693359375	0.018837890625	0.05091796875	0.051494140625	0.051591796875	0.046552734375	0.048017578125	0.055029296875	0.0526171875	0.05337890625	0.056513671875	0.0544140625	0.055576171875	0.05861328125	0.05005859375	0.051982421875	0.0521875	0.049462890625	0.05203125	0.053623046875	0.048505859375	0.05314453125	0.05060546875	0.050078125	0.0489453125	0.052763671875	0.051064453125	0.04986328125	0.05205078125	0.05697265625	0.054306640625	0.04875	0.051240234375	0.04431640625	0.0581640625	0.0539453125
0.000517578125	0.000439453125	0.00193359375	0.003466796875	0.003779296875	0.00451171875	0.007392578125	0.03830078125	0.043994140625	0.0538671875	0.051279296875	0.045849609375	0.052783203125	0.054345703125	0.051630859375	0.05541015625	0.05466796875	0.04833984375	0.053330078125	0.05078125	0.0557421875	0.052587890625	0.049443359375	0.047392578125	0.054423828125	0.046005859375	0.04837890625	0.052578125	0.0584765625	0.0539453125	0.052724609375	0.051376953125	0.055380859375	0.044267578125	0.04875	0.056591796875	0.048935546875	0.045439453125	0.043359375	0.051923828125	0.051982421875
0.00044921875	0.000556640625	0.001806640625	0.002216796875	0.00396484375	0.004697265625	0.006416015625	0.017783203125	0.04912109375	0.050654296875	0.042275390625	0.053525390625	0.054423828125	0.05798828125	0.0478125	0.049453125	0.05896484375	0.051826171875	0.049892578125	0.056611328125	0.05341796875	0.05294921875	0.053369140625	0.04958984375	0.04984375	0.051728515625	0.045185546875	0.053427734375	0.049111328125	0.056435546875	0.05458984375	0.0505859375	0.057080078125	0.050859375	0.049990234375	0.05453125	0.04806640625	0.0530078125	0.04962890625	0.054853515625	0.05462890625
0.000537109375	0.00060546875	0.001591796875	0.001962890625	0.003115234375	0.003818359375	0.006015625	0.01791015625	0.034638671875	0.05197265625	0.050234375	0.053515625	0.055009765625	0.04779296875	0.06046875	0.051630859375	0.054169921875	0.049375	0.054228515625	0.058720703125	0.05666015625	0.054599609375	0.04779296875	0.0552734375	0.05451171875	0.0508203125	0.05517578125	0.056748046875	0.0514453125	0.047783203125	0.061708984375	0.043896484375	0.054638671875	0.0546875	0.05173828125	0.046943359375	0.04693359375	0.04568359375	0.050888671875	0.05427734375	0.049921875
0.000546875	0.000498046875	0.0017578125	0.002001953125	0.00357421875	0.00408203125	0.0073046875	0.012158203125	0.034306640625	0.043408203125	0.04978515625	0.04666015625	0.056572265625	0.05234375	0.052275390625	0.052890625	0.04880859375	0.055068359375	0.053876953125	0.0559765625	0.0546484375	0.04681640625	0.050087890625	0.05837890625	0.045693359375	0.05337890625	0.0546875	0.052021484375	0.054326171875	0.05171875	0.050458984375	0.0530859375	0.05408203125	0.050732421875	0.052158203125	0.053896484375	0.057900390625	0.052802734375	0.055693359375	0.0572265625	0.056884765625
0.000498046875	0.00044921875	0.0017578125	0.001904296875	0.003408203125	0.004033203125	0.005361328125	0.009873046875	0.034794921875	0.040166015625	0.05076171875	0.05005859375	0.051669921875	0.0562109375	0.052421875	0.056982421875	0.0520703125	0.046435546875	0.054501953125	0.05517578125	0.051767578125	0.05263671875	0.0521875	0.040302734375	0.056796875	0.04900390625	0.05484375	0.05546875	0.05125	0.05298828125	0.049990234375	0.054375	0.0509765625	0.05412109375	0.05744140625	0.0539453125	0.049853515625	0.05037109375	0.055830078125	0.056787109375	0.05181640625
0.00046875	0.000498046875	0.000849609375	0.001806640625	0.00236328125	0.00341796875	0.006064453125	0.018447265625	0.01990234375	0.0355078125	0.050009765625	0.0564453125	0.054287109375	0.0565625	0.05240234375	0.047705078125	0.049462890625	0.059736328125	0.052236328125	0.05462890625	0.051943359375	0.0515625	0.04876953125	0.049306640625	0.05091796875	0.05380859375	0.05052734375	0.05513671875	0.04966796875	0.0421484375	0.050390625	0.04677734375	0.055361328125	0.055634765625	0.0499609375	0.04412109375	0.048349609375	0.05294921875	0.04923828125	0.04990234375	0.054677734375
0.000546875	0.00052734375	0.000693359375	0.002138671875	0.002412109375	0.00359375	0.0058984375	0.0138671875	0.0190234375	0.047177734375	0.0496875	0.04451171875	0.05228515625	0.047744140625	0.052646484375	0.058369140625	0.051103515625	0.052353515625	0.05240234375	0.051923828125	0.051435546875	0.057333984375	0.05513671875	0.05333984375	0.05123046875	0.05326171875	0.05162109375	0.054970703125	0.046611328125	0.053203125	0.05703125	0.054033203125	0.04138671875	0.04626953125	0.05228515625	0.0448046875	0.046767578125	0.047666015625	0.0519921875	0.059306640625	0.050830078125
0.00048828125	0.000546875	0.000498046875	0.001806640625	0.002373046875	0.003154296875	0.0051171875	0.0091015625	0.018095703125	0.044560546875	0.04609375	0.04943359375	0.050576171875	0.04228515625	0.05287109375	0.04923828125	0.058125	0.05283203125	0.05494140625	0.058271484375	0.04767578125	0.05375	0.055361328125	0.049404296875	0.049931640625	0.040703125	0.0539453125	0.049921875	0.05044921875	0.0487890625	0.055361328125	0.04728515625	0.05384765625	0.052138671875	0.05275390625	0.05111328125	0.0565625	0.0553515625	0.05341796875	0.04990234375	0.04912109375
0.000595703125	0.000439453125	0.0004296875	0.00177734375	0.0020703125	0.002958984375	0.0048828125	0.0109765625	0.033095703125	0.043095703125	0.05203125	0.05373046875	0.0555078125	0.05396484375	0.052451171875	0.0536328125	0.049375	0.052041015625	0.048017578125	0.050087890625	0.055283203125	0.051845703125	0.051455078125	0.04962890625	0.051357421875	0.05068359375	0.0511328125	0.04478515625	0.055205078125	0.047021484375	0.04634765625	0.050859375	0.0521875	0.047177734375	0.04982421875	0.054755859375	0.056318359375	0.053720703125	0.051201171875	0.050048828125	0.045283203125
0.000517578125	0.000537109375	0.0005859375	0.001591796875	0.00212890625	0.0033203125	0.005732421875	0.0119921875	0.032412109375	0.0426953125	0.04638671875	0.0512109375	0.052587890625	0.053564453125	0.056640625	0.052392578125	0.048994140625	0.053935546875	0.05388671875	0.053046875	0.055703125	0.048955078125	0.052470703125	0.057705078125	0.055341796875	0.053681640625	0.053642578125	0.052119140625	0.054677734375	0.0548046875	0.048447265625	0.047060546875	0.05146484375	0.05322265625	0.053984375	0.05423828125	0.0523046875	0.053837890625	0.051533203125	0.045537109375	0.0484765625
0.0004296875	0.000546875	0.00052734375	0.00083984375	0.002548828125	0.002578125	0.003828125	0.007421875	0.034462890625	0.03212890625	0.0407421875	0.04455078125	0.04962890625	0.0541796875	0.05517578125	0.046162109375	0.04490234375	0.055830078125	0.051484375	0.050087890625	0.048486328125	0.048974609375	0.05271484375	0.0515234375	0.057275390625	0.056943359375	0.056015625	0.050830078125	0.053115234375	0.054267578125	0.05287109375	0.055595703125	0.057802734375	0.052685546875	0.053515625	0.049423828125	0.053212890625	0.05671875	0.0487890625	0.056279296875	0.05044921875
0.00048828125	0.000419921875	0.000517578125	0.00076171875	0.002392578125	0.002763671875	0.004501953125	0.007412109375	0.029443359375	0.035947265625	0.04341796875	0.049287109375	0.05154296875	0.05708984375	0.055732421875	0.054326171875	0.051396484375	0.05193359375	0.052080078125	0.048505859375	0.05349609375	0.0567578125	0.05427734375	0.055673828125	0.055595703125	0.052734375	0.053642578125	0.056865234375	0.0490625	0.046552734375	0.056787109375	0.050869140625	0.043916015625	0.048291015625	0.0539453125	0.052529296875	0.048330078125	0.046328125	0.0549609375	0.052177734375	0.04921875
0.000537109375	0.000458984375	0.000478515625	0.000732421875	0.002001953125	0.00244140625	0.00396484375	0.0222265625	0.0249609375	0.032255859375	0.0380859375	0.048427734375	0.045146484375	0.0523046875	0.045166015625	0.054423828125	0.050068359375	0.050078125	0.04697265625	0.051025390625	0.050419921875	0.047333984375	0.049052734375	0.04853515625	0.050625	0.05560546875	0.0529296875	0.054931640625	0.0511328125	0.05310546875	0.05482421875	0.054990234375	0.04748046875	0.042822265625	0.052265625	0.0544140625	0.047255859375	0.050693359375	0.0499609375	0.04853515625	0.056484375
0.000537109375	0.00064453125	0.00044921875	0.000556640625	0.00203125	0.00294921875	0.003271484375	0.010625	0.025654296875	0.030908203125	0.044931640625	0.04365234375	0.050244140625	0.047685546875	0.051083984375	0.04826171875	0.051591796875	0.056552734375	0.054228515625	0.05041015625	0.0578515625	0.049931640625	0.045390625	0.056943359375	0.0504296875	0.053603515625	0.056865234375	0.055537109375	0.050390625	0.049033203125	0.052158203125	0.054345703125	0.059345703125	0.050458984375	0.053642578125	0.05357421875	0.05779296875	0.05994140625	0.051103515625	0.0511328125	0.053115234375
0.00048828125	0.000576171875	0.00044921875	0.000537109375	0.002021484375	0.003212890625	0.004130859375	0.01220703125	0.024287109375	0.03552734375	0.036865234375	0.040947265625	0.051220703125	0.0541796875	0.04962890625	0.057197265625	0.052119140625	0.043583984375	0.0538671875	0.05251953125	0.046748046875	0.053310546875	0.05525390625	0.057216796875	0.05708984375	0.04974609375	0.045830078125	0.056923828125	0.04859375	0.0538671875	0.05447265625	0.056953125	0.05072265625	0.05345703125	0.04765625	0.049482421875	0.052783203125	0.05154296875	0.051513671875	0.055126953125	0.059091796875
0.000537109375	0.00046875	0.000546875	0.000517578125	0.00212890625	0.002509765625	0.00548828125	0.01068359375	0.017958984375	0.02880859375	0.0451171875	0.03880859375	0.047744140625	0.047373046875	0.046240234375	0.05228515625	0.052607421875	0.056982421875	0.05419921875	0.05994140625	0.049794921875	0.05193359375	0.05201171875	0.05494140625	0.05044921875	0.05640625	0.05236328125	0.051298828125	0.055673828125	0.053857421875	0.045576171875	0.051953125	0.054619140625	0.0520703125	0.052001953125	0.054970703125	0.0533203125	0.051376953125	0.051611328125	0.04453125	0.04986328125
0.00056640625	0.000498046875	0.000576171875	0.00052734375	0.00181640625	0.003154296875	0.005439453125	0.01150390625	0.0235546875	0.0273046875	0.0375390625	0.038447265625	0.046279296875	0.04875	0.048896484375	0.0486328125	0.047119140625	0.05005859375	0.051591796875	0.05205078125	0.04703125	0.0542578125	0.056416015625	0.04857421875	0.05107421875	0.054384765625	0.039765625	0.053017578125	0.056337890625	0.052998046875	0.050478515625	0.05369140625	0.049013671875	0.053623046875	0.05625	0.056357421875	0.057822265625	0.051611328125	0.056474609375	0.041982421875	0.0541796875
0.000537109375	0.000537109375	0.000546875	0.000556640625	0.00080078125	0.002333984375	0.00490234375	0.0084375	0.01279296875	0.027197265625	0.031416015625	0.03904296875	0.043701171875	0.044462890625	0.04533203125	0.050966796875	0.041005859375	0.054580078125	0.04181640625	0.054404296875	0.0501953125	0.053134765625	0.046865234375	0.054365234375	0.045654296875	0.045888671875	0.0510546875	0.05037109375	0.053720703125	0.052080078125	0.05818359375	0.049892578125	0.053720703125	0.05193359375	0.057177734375	0.05580078125	0.05001953125	0.0500390625	0.0545703125	0.056875	0.054150390625
0.000556640625	0.0005859375	0.00060546875	0.000517578125	0.0008984375	0.0025390625	0.006025390625	0.009521484375	0.01232421875	0.02931640625	0.0325390625	0.035205078125	0.041728515625	0.042236328125	0.048564453125	0.045078125	0.05244140625	0.046171875	0.054873046875	0.0554296875	0.056533203125	0.04841796875	0.057001953125	0.04669921875	0.051689453125	0.054248046875	0.050361328125	0.046123046875	0.05345703125	0.0593359375	0.0565625	0.05435546875	0.05201171875	0.05357421875	0.05373046875	0.0550390625	0.049892578125	0.052900390625	0.049482421875	0.050537109375	0.051689453125
0.00052734375	0.000546875	0.000576171875	0.00052734375	0.00087890625	0.0023828125	0.005859375	0.009912109375	0.011689453125	0.01267578125	0.0268359375	0.034755859375	0.03953125	0.041728515625	0.0428515625	0.0490234375	0.046923828125	0.050732421875	0.04828125	0.051123046875	0.0540234375	0.04865234375	0.047734375	0.049267578125	0.04869140625	0.04416015625	0.050126953125	0.047568359375	0.051044921875	0.055537109375	0.057197265625	0.05146484375	0.0547265625	0.057744140625	0.047939453125	0.052177734375	0.05359375	0.0553515625	0.05298828125	0.047978515625	0.05802734375
0.0005859375	0.000478515625	0.00048828125	0.00044921875	0.000859375	0.003115234375	0.0045703125	0.007587890625	0.01212890625	0.018017578125	0.022939453125	0.0348046875	0.041533203125	0.0390234375	0.05126953125	0.051025390625	0.04919921875	0.0526171875	0.054736328125	0.04509765625	0.04740234375	0.05400390625	0.048779296875	0.054306640625	0.0511328125	0.05458984375	0.049052734375	0.048310546875	0.051572265625	0.057578125	0.0478515625	0.052001953125	0.0526953125	0.0551171875	0.05583984375	0.052099609375	0.052880859375	0.04923828125	0.04822265625	0.054609375	0.048427734375
0.000546875	0.0005859375	0.00052734375	0.000419921875	0.000595703125	0.00287109375	0.0067578125	0.007041015625	0.008916015625	0.015703125	0.026240234375	0.030322265625	0.03775390625	0.04185546875	0.042470703125	0.04673828125	0.05021484375	0.042470703125	0.047060546875	0.042060546875	0.053876953125	0.05255859375	0.051572265625	0.05912109375	0.051826171875	0.05427734375	0.05685546875	0.056337890625	0.048818359375	0.0522265625	0.05556640625	0.05052734375	0.052236328125	0.05318359375	0.047939453125	0.044150390625	0.051484375	0.05546875	0.056376953125	0.0578515625	0.046748046875
0.000537109375	0.000478515625	0.00052734375	0.00044921875	0.00048828125	0.000927734375	0.0028515625	0.00677734375	0.008974609375	0.011630859375	0.016298828125	0.03072265625	0.031328125	0.037890625	0.03859375	0.03654296875	0.045830078125	0.03771484375	0.044501953125	0.0513671875	0.04546875	0.055830078125	0.053720703125	0.05048828125	0.04841796875	0.046474609375	0.052607421875	0.04927734375	0.05171875	0.046962890625	0.05146484375	0.0530078125	0.047802734375	0.054384765625	0.054619140625	0.05392578125	0.0412890625	0.05298828125	0.053251953125	0.053388671875	0.0487890625
0.00060546875	0.000458984375	0.00048828125	0.00046875	0.0005859375	0.00076171875	0.002646484375	0.00677734375	0.008828125	0.01431640625	0.014697265625	0.03158203125	0.03302734375	0.03880859375	0.03853515625	0.0383984375	0.049091796875	0.05099609375	0.052333984375	0.050615234375	0.04083984375	0.05599609375	0.046533203125	0.0520703125	0.052216796875	0.052802734375	0.056201171875	0.053115234375	0.05400390625	0.05431640625	0.046787109375	0.0528515625	0.05705078125	0.055	0.05328125	0.044287109375	0.05662109375	0.05140625	0.053720703125	0.052607421875	0.05529296875
0.000439453125	0.000419921875	0.0005078125	0.000478515625	0.000517578125	0.000869140625	0.002802734375	0.00716796875	0.009404296875	0.01078125	0.013955078125	0.031044921875	0.030595703125	0.037236328125	0.042080078125	0.042763671875	0.03607421875	0.04658203125	0.0478125	0.050791015625	0.054140625	0.046650390625	0.04953125	0.0515625	0.049892578125	0.054033203125	0.047333984375	0.0503515625	0.056640625	0.0532421875	0.05189453125	0.055947265625	0.049287109375	0.05724609375	0.048251953125	0.0526171875	0.049912109375	0.053896484375	0.0475	0.055224609375	0.054248046875
0.000478515625	0.0004296875	0.000498046875	0.00056640625	0.000537109375	0.000869140625	0.002861328125	0.004599609375	0.007890625	0.01099609375	0.01337890625	0.031884765625	0.0321875	0.031728515625	0.039501953125	0.044501953125	0.041103515625	0.050859375	0.044228515625	0.048876953125	0.051611328125	0.0533984375	0.050634765625	0.04806640625	0.0412109375	0.050791015625	0.0535546875	0.0526171875	0.050078125	0.04783203125	0.05287109375	0.047421875	0.050634765625	0.05435546875	0.05255859375	0.057529296875	0.0463671875	0.050693359375	0.052109375	0.050205078125	0.053388671875
0.000458984375	0.000517578125	0.000634765625	0.00046875	0.000458984375	0.000888671875	0.002802734375	0.0068359375	0.00501953125	0.010810546875	0.01443359375	0.0170703125	0.029951171875	0.031376953125	0.04087890625	0.04046875	0.042734375	0.046376953125	0.050537109375	0.049892578125	0.04537109375	0.051953125	0.0475390625	0.05173828125	0.053310546875	0.05798828125	0.047646484375	0.055205078125	0.05294921875	0.0437109375	0.05107421875	0.047431640625	0.055126953125	0.051845703125	0.054189453125	0.0490234375	0.045654296875	0.056171875	0.043193359375	0.05572265625	0.048408203125
0.000478515625	0.0005078125	0.000537109375	0.000517578125	0.00060546875	0.000498046875	0.003115234375	0.002939453125	0.007001953125	0.010185546875	0.008994140625	0.011279296875	0.0321484375	0.030634765625	0.0334375	0.038017578125	0.048642578125	0.036357421875	0.045244140625	0.041767578125	0.0440625	0.05099609375	0.0517578125	0.054560546875	0.0545703125	0.054169921875	0.045458984375	0.053037109375	0.054091796875	0.051591796875	0.05078125	0.05787109375	0.05517578125	0.049404296875	0.047119140625	0.05197265625	0.051474609375	0.049248046875	0.056220703125	0.050517578125	0.051494140625
0.000546875	0.00046875	0.000478515625	0.000537109375	0.000419921875	0.000546875	0.000947265625	0.003173828125	0.008076171875	0.0063671875	0.010947265625	0.011865234375	0.0154296875	0.034990234375	0.032958984375	0.03404296875	0.0419140625	0.042880859375	0.03890625	0.0517578125	0.044931640625	0.05287109375	0.055888671875	0.055517578125	0.051953125	0.05533203125	0.052236328125	0.050556640625	0.04783203125	0.050361328125	0.0555078125	0.044541015625	0.052880859375	0.049482421875	0.05595703125	0.053671875	0.057978515625	0.05755859375	0.052294921875	0.053193359375	0.054501953125
0.000458984375	0.00046875	0.00052734375	0.0005078125	0.000478515625	0.00068359375	0.00083984375	0.00236328125	0.007265625	0.006728515625	0.0082421875	0.01455078125	0.0143359375	0.03216796875	0.0315234375	0.0326953125	0.0360546875	0.04212890625	0.04046875	0.04916015625	0.044736328125	0.04087890625	0.045439453125	0.048603515625	0.05271484375	0.055546875	0.049580078125	0.0554296875	0.056630859375	0.0552734375	0.052802734375	0.05107421875	0.0548828125	0.051044921875	0.049921875	0.0504296875	0.05279296875	0.0570703125	0.055205078125	0.052880859375	0.051552734375
0.00052734375	0.000517578125	0.0005078125	0.0004296875	0.000537109375	0.000498046875	0.000859375	0.0024609375	0.009501953125	0.006806640625	0.009111328125	0.01333984375	0.0135546875	0.034140625	0.039326171875	0.03376953125	0.045703125	0.04400390625	0.042900390625	0.051494140625	0.045869140625	0.051337890625	0.041103515625	0.046572265625	0.052626953125	0.047509765625	0.0480859375	0.05142578125	0.050302734375	0.049521484375	0.04830078125	0.056708984375	0.05232421875	0.054521484375	0.054462890625	0.050224609375	0.0563671875	0.0527734375	0.048720703125	0.05470703125	0.054345703125
0.00056640625	0.000556640625	0.00064453125	0.000556640625	0.00052734375	0.000595703125	0.0009765625	0.003056640625	0.0082421875	0.008642578125	0.007880859375	0.010693359375	0.015322265625	0.013994140625	0.027451171875	0.030810546875	0.0416015625	0.047177734375	0.038896484375	0.040654296875	0.049619140625	0.050341796875	0.0522265625	0.047958984375	0.053212890625	0.04765625	0.05677734375	0.049443359375	0.0526953125	0.054716796875	0.04615234375	0.055068359375	0.048291015625	0.051171875	0.0562890625	0.054609375	0.055537109375	0.05439453125	0.056044921875	0.04791015625	0.04908203125
0.00046875	0.0004296875	0.000478515625	0.000439453125	0.000458984375	0.000546875	0.000869140625	0.003798828125	0.003251953125	0.009072265625	0.00744140625	0.011201171875	0.017138671875	0.016689453125	0.029091796875	0.03708984375	0.03162109375	0.03796875	0.036455078125	0.041708984375	0.042568359375	0.054208984375	0.0458984375	0.050888671875	0.04505859375	0.052412109375	0.05564453125	0.05283203125	0.053828125	0.052705078125	0.05677734375	0.047021484375	0.052666015625	0.0496484375	0.050908203125	0.052451171875	0.054453125	0.05884765625	0.055380859375	0.055966796875	0.04951171875
