0.0009765625	0.533515625	0.56173828125	0.60498046875	0.620673828125	0.547998046875	0.605439453125	0.591767578125	0.48169921875	0.550185546875	0.595576171875	0.6344140625	0.555869140625	0.5434765625	0.61654296875	0.5847265625	0.6130078125	0.616123046875	0.582412109375	0.554189453125	0.603603515625	0.583720703125	0.585869140625	0.525087890625	0.5509765625	0.571279296875	0.530615234375	0.59384765625	0.57810546875	0.589462890625	0.597451171875	0.562392578125	0.585224609375	0.551796875	0.611328125	0.600712890625	0.55603515625	0.566513671875	0.554716796875	0.56271484375	0.56873046875
0.0009765625	0.035498046875	0.556103515625	0.527314453125	0.4992578125	0.560498046875	0.5501171875	0.590283203125	0.603759765625	0.55361328125	0.5351171875	0.562705078125	0.5873828125	0.544609375	0.555234375	0.56033203125	0.543505859375	0.4977734375	0.5651171875	0.5876953125	0.54724609375	0.527333984375	0.5937890625	0.525166015625	0.590576171875	0.55984375	0.63279296875	0.603671875	0.51884765625	0.577080078125	0.598046875	0.562890625	0.547265625	0.570009765625	0.62630859375	0.57484375	0.582158203125	0.56828125	0.567431640625	0.565810546875	0.516240234375
0.0009765625	0.00474609375	0.03779296875	0.553466796875	0.58408203125	0.544609375	0.556708984375	0.560283203125	0.6244140625	0.44001953125	0.577802734375	0.571396484375	0.590625	0.574697265625	0.604462890625	0.597587890625	0.51392578125	0.5988671875	0.595146484375	0.552021484375	0.596416015625	0.55541015625	0.591279296875	0.5746875	0.59259765625	0.587001953125	0.5561328125	0.539130859375	0.51642578125	0.618916015625	0.5766015625	0.569501953125	0.596201171875	0.569501953125	0.5391796875	0.552548828125	0.48716796875	0.604384765625	0.599091796875	0.520390625	0.571806640625
0.0009765625	0.004716796875	0.010380859375	0.03828125	0.52490234375	0.51736328125	0.54994140625	0.537802734375	0.55810546875	0.55107421875	0.5780078125	0.5775390625	0.61974609375	0.562080078125	0.5453515625	0.53689453125	0.57607421875	0.59677734375	0.61765625	0.588154296875	0.6279296875	0.5412109375	0.564599609375	0.558642578125	0.562216796875	0.54861328125	0.56814453125	0.546259765625	0.55412109375	0.6296875	0.581669921875	0.605478515625	0.59205078125	0.5452734375	0.590986328125	0.59283203125	0.592197265625	0.561669921875	0.532431640625	0.582724609375	0.5934375
0.0009765625	0.00283203125	0.0049609375	0.014931640625	0.0441796875	0.538564453125	0.552705078125	0.58111328125	0.59259765625	0.61349609375	0.60015625	0.567099609375	0.5744921875	0.617470703125	0.55064453125	0.60677734375	0.5464453125	0.604443359375	0.5229296875	0.501826171875	0.616083984375	0.577548828125	0.482900390625	0.5913671875	0.566064453125	0.598095703125	0.53806640625	0.57076171875	0.59376953125	0.553291015625	0.570576171875	0.5768359375	0.5452734375	0.5141015625	0.54646484375	0.583154296875	0.619365234375	0.512236328125	0.567548828125	0.5430859375	0.587861328125
0.0009765625	0.00232421875	0.0048828125	0.00810546875	0.013408203125	0.05970703125	0.564716796875	0.531923828125	0.545029296875	0.570244140625	0.542705078125	0.569697265625	0.56755859375	0.555546875	0.57455078125	0.5737890625	0.5838671875	0.495263671875	0.578701171875	0.580107421875	0.5947265625	0.541435546875	0.60802734375	0.602119140625	0.539111328125	0.547587890625	0.573203125	0.605302734375	0.5794140625	0.5909375	0.57806640625	0.561171875	0.593466796875	0.5894921875	0.580224609375	0.5396875	0.600166015625	0.500888671875	0.5669921875	0.5455859375	0.579599609375
0.0009765625	0.002060546875	0.004658203125	0.006123046875	0.013154296875	0.01912109375	0.06728515625	0.55232421875	0.53935546875	0.550068359375	0.632080078125	0.50740234375	0.51865234375	0.57015625	0.562255859375	0.588486328125	0.572021484375	0.562998046875	0.552646484375	0.594453125	0.557314453125	0.53357421875	0.597529296875	0.59626953125	0.548154296875	0.562998046875	0.60611328125	0.564169921875	0.590068359375	0.548525390625	0.57033203125	0.624267578125	0.550107421875	0.53099609375	0.55044921875	0.607421875	0.494599609375	0.5436328125	0.566240234375	0.612861328125	0.56828125
0.0009765625	0.00130859375	0.0030859375	0.006572265625	0.009482421875	0.01537109375	0.08724609375	0.308544921875	0.5742578125	0.56888671875	0.564306640625	0.566171875	0.538935546875	0.61017578125	0.580107421875	0.55314453125	0.588330078125	0.55416015625	0.62412109375	0.55279296875	0.5429296875	0.587568359375	0.570791015625	0.5591796875	0.50775390625	0.6215234375	0.56	0.604482421875	0.60701171875	0.56013671875	0.5773828125	0.61267578125	0.563037109375	0.56533203125	0.598623046875	0.598544921875	0.60126953125	0.512314453125	0.531201171875	0.6088671875	0.503134765625
0.0009765625	0.001005859375	0.002958984375	0.005439453125	0.006767578125	0.01294921875	0.0227734375	0.24701171875	0.294970703125	0.59603515625	0.6155078125	0.60025390625	0.571767578125	0.56578125	0.574853515625	0.568193359375	0.5611328125	0.552177734375	0.5680078125	0.51228515625	0.6301171875	0.54728515625	0.542890625	0.617275390625	0.60689453125	0.6116015625	0.5473046875	0.463955078125	0.553720703125	0.553251953125	0.551875	0.61166015625	0.589052734375	0.5405078125	0.533095703125	0.4367578125	0.564482421875	0.514716796875	0.57404296875	0.50158203125	0.564658203125
0.0009765625	0.0009765625	0.003115234375	0.00341796875	0.0068359375	0.011123046875	0.01669921875	0.084326171875	0.516640625	0.486845703125	0.555703125	0.60701171875	0.537666015625	0.6092578125	0.515029296875	0.56333984375	0.566845703125	0.594501953125	0.48767578125	0.54234375	0.588427734375	0.56828125	0.590283203125	0.55376953125	0.57638671875	0.584091796875	0.539931640625	0.5634765625	0.558818359375	0.517666015625	0.581328125	0.5220703125	0.593544921875	0.55294921875	0.53072265625	0.57666015625	0.563740234375	0.540849609375	0.622919921875	0.572236328125	0.528212890625
0.0009765625	0.0009765625	0.00234375	0.00365234375	0.00541015625	0.008681640625	0.014326171875	0.0596484375	0.3101953125	0.550830078125	0.50236328125	0.570908203125	0.516162109375	0.508212890625	0.59052734375	0.49677734375	0.5884765625	0.57171875	0.546884765625	0.568486328125	0.490087890625	0.60322265625	0.56642578125	0.532021484375	0.514462890625	0.527919921875	0.543134765625	0.555263671875	0.5121484375	0.56728515625	0.502431640625	0.5630078125	0.57970703125	0.482158203125	0.577275390625	0.560615234375	0.588935546875	0.597734375	0.5000390625	0.457431640625	0.542939453125
0.0009765625	0.0009765625	0.002275390625	0.003759765625	0.0061328125	0.008994140625	0.026240234375	0.04880859375	0.302099609375	0.426142578125	0.583603515625	0.561689453125	0.602275390625	0.604560546875	0.5802734375	0.56935546875	0.615791015625	0.5621875	0.5871484375	0.6178515625	0.56173828125	0.5341796875	0.603583984375	0.5875	0.55931640625	0.58767578125	0.591220703125	0.617978515625	0.582626953125	0.5703125	0.574775390625	0.54595703125	0.5737109375	0.51046875	0.53033203125	0.6130859375	0.589150390625	0.562802734375	0.514873046875	0.5609765625	0.539287109375
0.0009765625	0.0009765625	0.00236328125	0.003583984375	0.0060546875	0.009921875	0.01943359375	0.040234375	0.269267578125	0.4226171875	0.571943359375	0.602646484375	0.584267578125	0.58015625	0.535361328125	0.5434765625	0.5195703125	0.584921875	0.603212890625	0.594716796875	0.55486328125	0.5461328125	0.621240234375	0.59984375	0.531630859375	0.565185546875	0.560966796875	0.590966796875	0.5946484375	0.600087890625	0.511015625	0.6178515625	0.570859375	0.57390625	0.567822265625	0.589912109375	0.573173828125	0.532783203125	0.534619140625	0.567265625	0.5798046875
0.0009765625	0.0009765625	0.00125	0.003603515625	0.004521484375	0.0082421875	0.01978515625	0.1013671875	0.191357421875	0.363974609375	0.508095703125	0.615107421875	0.542451171875	0.5283203125	0.582919921875	0.56693359375	0.584482421875	0.52939453125	0.5965625	0.560625	0.593408203125	0.557353515625	0.48248046875	0.58875	0.587802734375	0.5522265625	0.610380859375	0.58833984375	0.534306640625	0.597177734375	0.62232421875	0.6291015625	0.49150390625	0.581064453125	0.59228515625	0.564794921875	0.53810546875	0.46662109375	0.551064453125	0.590458984375	0.54859375
0.0009765625	0.0009765625	0.0012109375	0.003349609375	0.004453125	0.00787109375	0.020927734375	0.096708984375	0.1541015625	0.498759765625	0.567412109375	0.557998046875	0.53283203125	0.596767578125	0.546025390625	0.595	0.583125	0.590751953125	0.560771484375	0.6070703125	0.534501953125	0.61330078125	0.517421875	0.585	0.538720703125	0.625771484375	0.570869140625	0.56244140625	0.588896484375	0.589619140625	0.5534375	0.570478515625	0.60376953125	0.612978515625	0.566953125	0.593349609375	0.551513671875	0.587685546875	0.544287109375	0.598173828125	0.586953125
0.0009765625	0.0009765625	0.00103515625	0.0026953125	0.004296875	0.00490234375	0.015126953125	0.079521484375	0.13771484375	0.535244140625	0.59556640625	0.50775390625	0.61060546875	0.551015625	0.512041015625	0.54359375	0.569384765625	0.571005859375	0.5526171875	0.550009765625	0.560498046875	0.555478515625	0.57822265625	0.572509765625	0.573935546875	0.582099609375	0.570263671875	0.616796875	0.556826171875	0.527001953125	0.578759765625	0.509765625	0.559326171875	0.520224609375	0.616044921875	0.600302734375	0.551396484375	0.4889453125	0.527451171875	0.511884765625	0.49302734375
0.0009765625	0.0009765625	0.0009765625	0.002666015625	0.004375	0.00822265625	0.01634765625	0.06662109375	0.421328125	0.5167578125	0.558515625	0.55869140625	0.5498046875	0.547939453125	0.5913671875	0.544208984375	0.58005859375	0.581875	0.580439453125	0.602763671875	0.453212890625	0.614990234375	0.499697265625	0.459990234375	0.5737890625	0.585029296875	0.553876953125	0.533203125	0.521943359375	0.502841796875	0.597197265625	0.4929296875	0.56640625	0.6174609375	0.616474609375	0.5945703125	0.507724609375	0.600078125	0.5668359375	0.5483984375	0.590068359375
0.0009765625	0.0009765625	0.0009765625	0.00248046875	0.005322265625	0.00826171875	0.038857421875	0.0733203125	0.426708984375	0.4946875	0.534814453125	0.599853515625	0.518486328125	0.572353515625	0.526484375	0.5473828125	0.5801171875	0.598701171875	0.592607421875	0.604677734375	0.5859375	0.622587890625	0.587763671875	0.588115234375	0.627568359375	0.5386328125	0.595849609375	0.597470703125	0.531416015625	0.573916015625	0.49431640625	0.61744140625	0.589892578125	0.490634765625	0.5803125	0.57453125	0.593154296875	0.557412109375	0.57423828125	0.570087890625	0.588369140625
0.0009765625	0.0009765625	0.0009765625	0.001328125	0.004990234375	0.006591796875	0.01701171875	0.056669921875	0.360634765625	0.48236328125	0.48865234375	0.480966796875	0.5718359375	0.55525390625	0.428330078125	0.601162109375	0.579912109375	0.6217578125	0.472421875	0.53552734375	0.536064453125	0.56986328125	0.499658203125	0.545634765625	0.570390625	0.53845703125	0.5412890625	0.55234375	0.56595703125	0.52255859375	0.52234375	0.555732421875	0.538935546875	0.56421875	0.5966015625	0.544609375	0.54734375	0.561494140625	0.532099609375	0.53166015625	0.53240234375
0.0009765625	0.0009765625	0.0009765625	0.001240234375	0.004384765625	0.007822265625	0.018046875	0.0467578125	0.401572265625	0.45873046875	0.51548828125	0.51873046875	0.58548828125	0.602236328125	0.575517578125	0.626640625	0.56658203125	0.5658984375	0.536806640625	0.5473046875	0.4668359375	0.505654296875	0.60833984375	0.55685546875	0.618564453125	0.547333984375	0.543232421875	0.553544921875	0.556962890625	0.5886328125	0.568232421875	0.555888671875	0.51513671875	0.619140625	0.574619140625	0.606298828125	0.584345703125	0.539716796875	0.592578125	0.488916015625	0.5739453125
0.0009765625	0.0009765625	0.0009765625	0.001416015625	0.00357421875	0.007177734375	0.022978515625	0.311640625	0.407236328125	0.49263671875	0.49052734375	0.59630859375	0.52857421875	0.561513671875	0.562666015625	0.585205078125	0.5551171875	0.548154296875	0.558359375	0.56841796875	0.58005859375	0.59357421875	0.545341796875	0.520556640625	0.58068359375	0.599853515625	0.588720703125	0.559404296875	0.571650390625	0.57796875	0.5723046875	0.6104296875	0.560888671875	0.611435546875	0.604365234375	0.578720703125	0.58169921875	0.58224609375	0.55068359375	0.567841796875	0.5682421875
0.0009765625	0.0009765625	0.0009765625	0.001025390625	0.00419921875	0.010908203125	0.017890625	0.194208984375	0.37751953125	0.407529296875	0.503798828125	0.48533203125	0.51751953125	0.564951171875	0.596552734375	0.58263671875	0.486328125	0.5822265625	0.539638671875	0.611708984375	0.512578125	0.54484375	0.558115234375	0.572490234375	0.595810546875	0.56693359375	0.586142578125	0.563681640625	0.526142578125	0.534716796875	0.54796875	0.5721875	0.5276171875	0.5614453125	0.554140625	0.54419921875	0.497099609375	0.56556640625	0.589052734375	0.594052734375	0.5764453125
0.0009765625	0.0009765625	0.0009765625	0.001015625	0.003974609375	0.01541015625	0.0149609375	0.155869140625	0.38818359375	0.446171875	0.4391015625	0.5095703125	0.550927734375	0.54728515625	0.54849609375	0.55666015625	0.606005859375	0.556318359375	0.557763671875	0.573046875	0.57337890625	0.5660546875	0.54572265625	0.530283203125	0.5922265625	0.541689453125	0.526083984375	0.587353515625	0.598271484375	0.565341796875	0.53876953125	0.539287109375	0.598701171875	0.578056640625	0.5772265625	0.61369140625	0.562587890625	0.56236328125	0.592802734375	0.542685546875	0.562294921875
0.0009765625	0.0009765625	0.0009765625	0.001025390625	0.0044921875	0.01576171875	0.074765625	0.157109375	0.352783203125	0.33103515625	0.479404296875	0.48224609375	0.567783203125	0.55490234375	0.53724609375	0.583037109375	0.5394140625	0.557119140625	0.57330078125	0.562255859375	0.582060546875	0.52470703125	0.575615234375	0.579697265625	0.57458984375	0.55	0.541279296875	0.559169921875	0.58322265625	0.56841796875	0.57640625	0.540244140625	0.557783203125	0.501591796875	0.582666015625	0.48220703125	0.56109375	0.49216796875	0.5509765625	0.56146484375	0.569443359375
0.0009765625	0.0009765625	0.0009765625	0.0009765625	0.0046484375	0.016865234375	0.084599609375	0.184658203125	0.348515625	0.336279296875	0.460419921875	0.5184375	0.46126953125	0.545146484375	0.55833984375	0.49072265625	0.59888671875	0.567197265625	0.485947265625	0.55068359375	0.57322265625	0.575341796875	0.522421875	0.521279296875	0.562255859375	0.586865234375	0.552841796875	0.626123046875	0.5715234375	0.579658203125	0.58875	0.590703125	0.6162890625	0.533701171875	0.59923828125	0.537412109375	0.555703125	0.563583984375	0.612177734375	0.57068359375	0.5781640625
0.0009765625	0.0009765625	0.0009765625	0.00099609375	0.0016796875	0.005068359375	0.07853515625	0.056650390625	0.230556640625	0.386923828125	0.390390625	0.4891796875	0.434970703125	0.530595703125	0.570576171875	0.5752734375	0.50982421875	0.50658203125	0.533369140625	0.560068359375	0.539892578125	0.57119140625	0.57236328125	0.568095703125	0.612978515625	0.577470703125	0.55984375	0.56060546875	0.530166015625	0.541826171875	0.581953125	0.5399609375	0.491962890625	0.571396484375	0.506064453125	0.579580078125	0.581298828125	0.548271484375	0.618564453125	0.589404296875	0.580146484375
0.0009765625	0.0009765625	0.0009765625	0.0009765625	0.001494140625	0.0198046875	0.11017578125	0.13275390625	0.16625	0.375	0.39263671875	0.45865234375	0.45939453125	0.471396484375	0.544853515625	0.572998046875	0.554208984375	0.5803515625	0.5498046875	0.578408203125	0.539609375	0.57662109375	0.44048828125	0.5948046875	0.502412109375	0.5609375	0.572421875	0.5108203125	0.5558203125	0.5690234375	0.575869140625	0.582734375	0.56955078125	0.531435546875	0.62080078125	0.574677734375	0.56220703125	0.57572265625	0.6147265625	0.558662109375	0.5828515625
0.0009765625	0.0009765625	0.0009765625	0.0009765625	0.001630859375	0.014599609375	0.049541015625	0.094619140625	0.1776171875	0.248125	0.44439453125	0.511923828125	0.47994140625	0.53833984375	0.567275390625	0.502578125	0.50498046875	0.54923828125	0.519326171875	0.562373046875	0.56880859375	0.5637890625	0.5640625	0.599091796875	0.572998046875	0.61171875	0.570224609375	0.453984375	0.569111328125	0.532109375	0.588828125	0.54041015625	0.569365234375	0.5742578125	0.539013671875	0.55646484375	0.51099609375	0.52052734375	0.5248828125	0.5155859375	0.557294921875
0.0009765625	0.0009765625	0.0009765625	0.0009765625	0.00166015625	0.009716796875	0.0582421875	0.080078125	0.16375	0.21595703125	0.4277734375	0.39919921875	0.495498046875	0.499599609375	0.601767578125	0.508154296875	0.528232421875	0.5607421875	0.56466796875	0.546826171875	0.621650390625	0.564140625	0.594814453125	0.53978515625	0.5279296875	0.595546875	0.564423828125	0.577255859375	0.588544921875	0.53212890625	0.5503125	0.619609375	0.526396484375	0.568603515625	0.554404296875	0.58552734375	0.5835546875	0.611474609375	0.587021484375	0.590673828125	0.59662109375
0.0009765625	0.0009765625	0.0009765625	0.0009765625	0.00109375	0.0142578125	0.09865234375	0.079541015625	0.12908203125	0.156611328125	0.41162109375	0.41412109375	0.48341796875	0.40701171875	0.486884765625	0.509287109375	0.532255859375	0.490556640625	0.560732421875	0.563740234375	0.546396484375	0.599921875	0.595576171875	0.56376953125	0.554658203125	0.505283203125	0.482802734375	0.531142578125	0.5953125	0.572587890625	0.5475390625	0.5491796875	0.591826171875	0.589189453125	0.58650390625	0.563076171875	0.57896484375	0.585400390625	0.599619140625	0.575244140625	0.52810546875
0.0009765625	0.0009765625	0.0009765625	0.0009765625	0.001064453125	0.001552734375	0.013486328125	0.08779296875	0.12623046875	0.23994140625	0.22498046875	0.424765625	0.43232421875	0.478427734375	0.532666015625	0.509296875	0.54732421875	0.51458984375	0.520771484375	0.555634765625	0.48568359375	0.548037109375	0.533779296875	0.52435546875	0.5490625	0.55607421875	0.59388671875	0.589267578125	0.56869140625	0.5872265625	0.445546875	0.554443359375	0.5948046875	0.557548828125	0.61068359375	0.595654296875	0.540810546875	0.56810546875	0.52611328125	0.58962890625	0.590849609375
0.0009765625	0.0009765625	0.0009765625	0.0009765625	0.00103515625	0.0015234375	0.01931640625	0.086142578125	0.11560546875	0.174541015625	0.251884765625	0.37349609375	0.412314453125	0.473974609375	0.550654296875	0.525947265625	0.535634765625	0.581572265625	0.534658203125	0.604755859375	0.575458984375	0.57064453125	0.5261328125	0.595556640625	0.560048828125	0.562607421875	0.572509765625	0.5040234375	0.550234375	0.548427734375	0.58326171875	0.534638671875	0.60041015625	0.58720703125	0.5496484375	0.611943359375	0.529482421875	0.566552734375	0.559990234375	0.57419921875	0.4873828125
0.0009765625	0.0009765625	0.0009765625	0.0009765625	0.0009765625	0.00166015625	0.011591796875	0.069599609375	0.11912109375	0.1588671875	0.217890625	0.432138671875	0.4114453125	0.485498046875	0.501796875	0.540322265625	0.5264453125	0.517412109375	0.550458984375	0.54732421875	0.49818359375	0.5051953125	0.473330078125	0.581005859375	0.51576171875	0.568056640625	0.5769921875	0.53712890625	0.5120703125	0.592548828125	0.59533203125	0.53359375	0.618720703125	0.601875	0.56525390625	0.4954296875	0.57958984375	0.573349609375	0.558779296875	0.533916015625	0.551064453125
0.0009765625	0.0009765625	0.0009765625	0.0009765625	0.0009765625	0.00154296875	0.01431640625	0.087255859375	0.12021484375	0.094189453125	0.20947265625	0.41091796875	0.4017578125	0.37421875	0.49888671875	0.5171484375	0.495703125	0.550341796875	0.4972265625	0.561240234375	0.553486328125	0.5553515625	0.55310546875	0.493046875	0.4906640625	0.592783203125	0.54580078125	0.59568359375	0.55056640625	0.579150390625	0.5647265625	0.570556640625	0.50814453125	0.6185546875	0.534716796875	0.562255859375	0.557646484375	0.559619140625	0.53666015625	0.589599609375	0.60724609375
0.0009765625	0.0009765625	0.0009765625	0.0009765625	0.00099609375	0.001572265625	0.027255859375	0.102001953125	0.105849609375	0.0847265625	0.15078125	0.188037109375	0.4428515625	0.400146484375	0.49423828125	0.5119140625	0.490400390625	0.56517578125	0.585771484375	0.5738671875	0.525419921875	0.559443359375	0.60263671875	0.6090625	0.5519140625	0.55431640625	0.577529296875	0.6130078125	0.566455078125	0.5722265625	0.610703125	0.569716796875	0.60212890625	0.566337890625	0.58125	0.593525390625	0.555791015625	0.59380859375	0.488212890625	0.554375	0.59296875
0.0009765625	0.0009765625	0.0009765625	0.0009765625	0.000986328125	0.00109375	0.017314453125	0.017919921875	0.13140625	0.111376953125	0.164140625	0.199228515625	0.3833984375	0.39095703125	0.472890625	0.528095703125	0.48861328125	0.48478515625	0.56955078125	0.49970703125	0.5390625	0.549990234375	0.602783203125	0.588583984375	0.611240234375	0.51521484375	0.5816015625	0.582734375	0.526826171875	0.59826171875	0.55505859375	0.5178515625	0.577001953125	0.596171875	0.60177734375	0.57517578125	0.5725390625	0.522880859375	0.523828125	0.561826171875	0.567265625
0.0009765625	0.0009765625	0.0009765625	0.0009765625	0.0009765625	0.00107421875	0.0016796875	0.018154296875	0.067158203125	0.14248046875	0.128037109375	0.16412109375	0.235908203125	0.390830078125	0.4208984375	0.485732421875	0.5583203125	0.501826171875	0.532626953125	0.509287109375	0.4653515625	0.54896484375	0.60271484375	0.472314453125	0.57337890625	0.578154296875	0.596103515625	0.587880859375	0.5594921875	0.58798828125	0.5438671875	0.5271484375	0.546923828125	0.540478515625	0.590126953125	0.572587890625	0.592421875	0.538740234375	0.560068359375	0.537861328125	0.560380859375
0.0009765625	0.0009765625	0.0009765625	0.0009765625	0.0009765625	0.001044921875	0.001767578125	0.0158984375	0.071376953125	0.117919921875	0.1456640625	0.186201171875	0.17888671875	0.4427734375	0.42080078125	0.52033203125	0.473876953125	0.505869140625	0.497109375	0.550546875	0.589658203125	0.57015625	0.541513671875	0.586376953125	0.57021484375	0.516435546875	0.428525390625	0.5937109375	0.612822265625	0.528671875	0.62365234375	0.506611328125	0.5984375	0.552197265625	0.531298828125	0.572333984375	0.579189453125	0.587666015625	0.5541796875	0.57095703125	0.60166015625
0.0009765625	0.0009765625	0.0009765625	0.0009765625	0.0009765625	0.00107421875	0.001748046875	0.013779296875	0.070947265625	0.116416015625	0.140458984375	0.19974609375	0.184912109375	0.37890625	0.411015625	0.420859375	0.437724609375	0.44267578125	0.47291015625	0.525830078125	0.548330078125	0.55294921875	0.53884765625	0.5233984375	0.534091796875	0.5751171875	0.593515625	0.56587890625	0.58736328125	0.53330078125	0.54748046875	0.51283203125	0.568662109375	0.536025390625	0.556884765625	0.566328125	0.5734375	0.615322265625	0.51677734375	0.557802734375	0.5611328125
0.0009765625	0.0009765625	0.0009765625	0.0009765625	0.0009765625	0.00109375	0.00171875	0.016259765625	0.1080078125	0.121484375	0.126845703125	0.124853515625	0.20115234375	0.278740234375	0.47146484375	0.446962890625	0.457958984375	0.5142578125	0.44287109375	0.5138671875	0.5045703125	0.5421484375	0.494287109375	0.58271484375	0.55259765625	0.57369140625	0.530810546875	0.616884765625	0.567783203125	0.5433984375	0.58947265625	0.528896484375	0.510546875	0.5157421875	0.47888671875	0.54505859375	0.5873828125	0.56423828125	0.599033203125	0.557919921875	0.565693359375
0.0009765625	0.0009765625	0.0009765625	0.0009765625	0.0009765625	0.000986328125	0.001513671875	0.01767578125	0.020966796875	0.118955078125	0.104111328125	0.100751953125	0.157421875	0.20826171875	0.376005859375	0.37423828125	0.3915234375	0.472919921875	0.53314453125	0.52294921875	0.473779296875	0.54919921875	0.55255859375	0.55958984375	0.595048828125	0.560751953125	0.581630859375	0.608623046875	0.598291015625	0.564296875	0.60998046875	0.553515625	0.531083984375	0.566435546875	0.5235546875	0.459580078125	0.51720703125	0.58294921875	0.595478515625	0.573662109375	0.583974609375
