4.8	0.0	0.0	0.0	0.0	0.0	0.0	0.0	0.0	0.0	0.0	0.0	0.0	0.0	0.0	0.0	0.0	0.0	0.0	0.0	0.0	0.0	0.0	0.0	0.0	0.0	0.0	0.0	0.0	0.0	0.0	0.0	0.0	0.0	0.0	0.0	0.0	0.0	0.0	0.0	0.0
4.8	12.68	0.0	0.0	0.0	0.0	0.0	0.0	0.0	0.0	0.0	0.0	0.0	0.0	0.0	0.0	0.0	0.0	0.0	0.0	0.0	0.0	0.0	0.0	0.0	0.0	0.0	0.0	0.0	0.0	0.0	0.0	0.0	0.0	0.0	0.0	0.0	0.0	0.0	0.0	0.0
5.0	9.2	14.16	0.0	0.0	0.0	0.0	0.0	0.0	0.0	0.0	0.0	0.0	0.0	0.0	0.0	0.0	0.0	0.0	0.0	0.0	0.0	0.0	0.0	0.0	0.0	0.0	0.0	0.0	0.0	0.0	0.0	0.0	0.0	0.0	0.0	0.0	0.0	0.0	0.0	0.0
5.0	9.12	11.72	15.08	0.0	0.0	0.0	0.0	0.0	0.0	0.0	0.0	0.0	0.0	0.0	0.0	0.0	0.0	0.0	0.0	0.0	0.0	0.0	0.0	0.0	0.0	0.0	0.0	0.0	0.0	0.0	0.0	0.0	0.0	0.0	0.0	0.0	0.0	0.0	0.0	0.0
5.0	8.32	9.88	12.4	15.52	0.0	0.0	0.0	0.0	0.0	0.0	0.0	0.0	0.0	0.0	0.0	0.0	0.0	0.0	0.0	0.0	0.0	0.0	0.0	0.0	0.0	0.0	0.0	0.0	0.0	0.0	0.0	0.0	0.0	0.0	0.0	0.0	0.0	0.0	0.0	0.0
4.8	7.88	9.72	11.52	14.2	17.56	0.0	0.0	0.0	0.0	0.0	0.0	0.0	0.0	0.0	0.0	0.0	0.0	0.0	0.0	0.0	0.0	0.0	0.0	0.0	0.0	0.0	0.0	0.0	0.0	0.0	0.0	0.0	0.0	0.0	0.0	0.0	0.0	0.0	0.0	0.0
5.0	7.84	9.68	11.04	13.8	16.0	20.68	0.0	0.0	0.0	0.0	0.0	0.0	0.0	0.0	0.0	0.0	0.0	0.0	0.0	0.0	0.0	0.0	0.0	0.0	0.0	0.0	0.0	0.0	0.0	0.0	0.0	0.0	0.0	0.0	0.0	0.0	0.0	0.0	0.0	0.0
5.0	7.0	9.0	10.88	12.28	15.68	19.92	24.76	0.0	0.0	0.0	0.0	0.0	0.0	0.0	0.0	0.0	0.0	0.0	0.0	0.0	0.0	0.0	0.0	0.0	0.0	0.0	0.0	0.0	0.0	0.0	0.0	0.0	0.0	0.0	0.0	0.0	0.0	0.0	0.0	0.0
5.0	7.0	8.8	10.28	11.76	14.2	17.96	21.76	23.76	0.0	0.0	0.0	0.0	0.0	0.0	0.0	0.0	0.0	0.0	0.0	0.0	0.0	0.0	0.0	0.0	0.0	0.0	0.0	0.0	0.0	0.0	0.0	0.0	0.0	0.0	0.0	0.0	0.0	0.0	0.0	0.0
5.0	7.0	9.08	9.96	11.92	13.96	16.44	20.4	24.84	26.32	0.0	0.0	0.0	0.0	0.0	0.0	0.0	0.0	0.0	0.0	0.0	0.0	0.0	0.0	0.0	0.0	0.0	0.0	0.0	0.0	0.0	0.0	0.0	0.0	0.0	0.0	0.0	0.0	0.0	0.0	0.0
5.0	7.0	8.52	9.96	11.72	13.24	16.0	19.96	22.88	25.16	27.28	0.0	0.0	0.0	0.0	0.0	0.0	0.0	0.0	0.0	0.0	0.0	0.0	0.0	0.0	0.0	0.0	0.0	0.0	0.0	0.0	0.0	0.0	0.0	0.0	0.0	0.0	0.0	0.0	0.0	0.0
5.0	7.04	8.44	10.12	11.72	14.32	18.12	18.8	22.24	25.0	28.4	30.28	0.0	0.0	0.0	0.0	0.0	0.0	0.0	0.0	0.0	0.0	0.0	0.0	0.0	0.0	0.0	0.0	0.0	0.0	0.0	0.0	0.0	0.0	0.0	0.0	0.0	0.0	0.0	0.0	0.0
4.6	7.0	8.92	9.92	12.84	14.08	16.92	18.56	22.92	24.0	26.52	29.2	34.44	0.0	0.0	0.0	0.0	0.0	0.0	0.0	0.0	0.0	0.0	0.0	0.0	0.0	0.0	0.0	0.0	0.0	0.0	0.0	0.0	0.0	0.0	0.0	0.0	0.0	0.0	0.0	0.0
4.4	7.04	7.96	10.08	11.92	14.08	16.92	21.0	22.44	23.36	26.92	28.68	32.56	34.2	0.0	0.0	0.0	0.0	0.0	0.0	0.0	0.0	0.0	0.0	0.0	0.0	0.0	0.0	0.0	0.0	0.0	0.0	0.0	0.0	0.0	0.0	0.0	0.0	0.0	0.0	0.0
4.8	7.0	8.0	10.4	12.04	14.32	17.76	20.88	22.32	25.76	26.24	27.6	30.96	35.8	27.48	0.0	0.0	0.0	0.0	0.0	0.0	0.0	0.0	0.0	0.0	0.0	0.0	0.0	0.0	0.0	0.0	0.0	0.0	0.0	0.0	0.0	0.0	0.0	0.0	0.0	0.0
4.8	7.08	7.88	10.12	12.04	13.84	17.56	20.32	22.08	25.44	26.56	27.56	29.44	36.12	29.12	27.04	0.0	0.0	0.0	0.0	0.0	0.0	0.0	0.0	0.0	0.0	0.0	0.0	0.0	0.0	0.0	0.0	0.0	0.0	0.0	0.0	0.0	0.0	0.0	0.0	0.0
5.0	7.12	8.04	10.0	13.36	16.52	17.0	21.44	26.2	26.32	27.08	27.92	29.56	32.4	32.0	26.92	26.84	0.0	0.0	0.0	0.0	0.0	0.0	0.0	0.0	0.0	0.0	0.0	0.0	0.0	0.0	0.0	0.0	0.0	0.0	0.0	0.0	0.0	0.0	0.0	0.0
5.0	7.04	8.0	10.36	13.24	16.4	20.96	22.44	26.4	25.64	27.76	27.52	30.16	31.56	38.56	27.88	26.96	25.4	0.0	0.0	0.0	0.0	0.0	0.0	0.0	0.0	0.0	0.0	0.0	0.0	0.0	0.0	0.0	0.0	0.0	0.0	0.0	0.0	0.0	0.0	0.0
4.6	7.04	8.0	9.48	12.92	17.56	22.72	22.32	26.04	27.16	27.2	27.64	29.92	31.16	40.36	28.72	27.28	26.96	26.08	0.0	0.0	0.0	0.0	0.0	0.0	0.0	0.0	0.0	0.0	0.0	0.0	0.0	0.0	0.0	0.0	0.0	0.0	0.0	0.0	0.0	0.0
5.0	7.16	8.12	9.8	13.76	17.48	22.8	21.92	26.8	27.72	27.96	29.52	30.48	33.2	38.92	28.72	27.96	26.36	25.6	25.12	0.0	0.0	0.0	0.0	0.0	0.0	0.0	0.0	0.0	0.0	0.0	0.0	0.0	0.0	0.0	0.0	0.0	0.0	0.0	0.0	0.0
5.0	7.24	8.36	10.68	13.48	17.52	23.64	28.12	28.12	29.0	28.08	30.92	32.36	35.64	30.28	28.96	27.24	26.84	26.88	25.56	25.2	0.0	0.0	0.0	0.0	0.0	0.0	0.0	0.0	0.0	0.0	0.0	0.0	0.0	0.0	0.0	0.0	0.0	0.0	0.0	0.0
5.0	7.28	8.64	10.76	16.96	23.84	26.6	30.8	29.48	28.88	31.28	31.6	35.28	31.12	28.68	27.72	27.6	25.92	26.84	25.4	24.8	24.96	0.0	0.0	0.0	0.0	0.0	0.0	0.0	0.0	0.0	0.0	0.0	0.0	0.0	0.0	0.0	0.0	0.0	0.0	0.0
4.8	7.24	8.88	10.44	17.36	24.52	25.92	32.12	30.04	35.12	32.12	35.68	40.12	28.96	27.72	27.44	27.0	26.12	25.8	25.68	25.12	24.32	25.4	0.0	0.0	0.0	0.0	0.0	0.0	0.0	0.0	0.0	0.0	0.0	0.0	0.0	0.0	0.0	0.0	0.0	0.0
5.0	7.44	9.0	12.72	17.68	25.0	34.56	35.36	31.88	34.56	34.72	41.0	28.12	28.04	26.76	27.08	26.36	26.28	25.8	26.24	26.0	25.76	25.12	24.44	0.0	0.0	0.0	0.0	0.0	0.0	0.0	0.0	0.0	0.0	0.0	0.0	0.0	0.0	0.0	0.0	0.0
4.8	7.48	8.96	12.92	19.28	25.08	40.96	38.04	32.0	38.44	39.04	27.72	27.68	27.24	27.24	26.16	26.68	25.76	25.92	25.6	25.56	25.24	25.12	24.56	24.72	0.0	0.0	0.0	0.0	0.0	0.0	0.0	0.0	0.0	0.0	0.0	0.0	0.0	0.0	0.0	0.0
5.0	7.68	9.52	13.4	14.44	34.12	47.32	35.92	32.08	33.28	32.88	27.4	27.36	26.84	26.56	26.92	26.64	26.36	25.88	25.56	25.76	25.76	25.2	24.28	25.12	25.28	0.0	0.0	0.0	0.0	0.0	0.0	0.0	0.0	0.0	0.0	0.0	0.0	0.0	0.0	0.0
5.0	7.92	10.28	26.88	16.24	48.36	31.32	31.84	30.76	30.8	28.48	27.2	26.6	27.16	26.68	26.08	26.32	26.52	25.84	25.84	25.48	25.12	25.16	25.04	24.88	24.76	25.16	0.0	0.0	0.0	0.0	0.0	0.0	0.0	0.0	0.0	0.0	0.0	0.0	0.0	0.0
5.0	7.88	10.68	31.16	14.4	41.2	32.2	30.48	31.48	30.36	28.12	27.0	26.92	26.72	26.72	25.96	25.64	25.52	25.6	25.8	24.96	24.96	25.28	25.04	25.44	25.16	24.28	24.6	0.0	0.0	0.0	0.0	0.0	0.0	0.0	0.0	0.0	0.0	0.0	0.0	0.0
4.6	8.08	10.64	32.52	13.48	46.68	31.76	29.52	29.72	30.6	27.72	27.84	26.52	26.6	26.4	25.92	25.72	25.96	25.68	25.4	25.52	25.04	25.44	24.72	24.8	25.4	24.56	24.88	24.12	0.0	0.0	0.0	0.0	0.0	0.0	0.0	0.0	0.0	0.0	0.0	0.0
5.0	8.08	13.04	6.24	5.28	49.8	29.6	30.4	31.76	29.88	28.0	27.52	27.16	26.2	26.44	26.0	25.84	25.68	25.36	25.52	25.8	25.8	25.6	25.0	25.16	25.56	24.48	24.88	24.64	24.44	0.0	0.0	0.0	0.0	0.0	0.0	0.0	0.0	0.0	0.0	0.0
5.0	8.32	13.56	5.72	5.28	8.92	40.56	32.0	32.48	31.0	30.68	28.36	27.96	26.84	26.88	27.08	25.76	25.6	25.44	25.32	25.2	25.48	24.8	24.8	25.32	24.64	24.72	25.52	25.36	24.84	23.84	0.0	0.0	0.0	0.0	0.0	0.0	0.0	0.0	0.0	0.0
4.8	8.84	32.28	5.76	4.8	8.48	40.52	29.72	31.72	30.56	31.96	27.6	27.4	27.12	26.68	26.16	25.72	25.92	25.36	25.28	25.32	24.76	25.52	24.72	24.96	25.0	25.64	25.44	24.44	24.52	25.28	24.68	0.0	0.0	0.0	0.0	0.0	0.0	0.0	0.0	0.0
4.8	9.48	6.36	5.0	5.0	8.12	36.8	31.2	32.32	33.72	30.52	28.56	27.04	26.96	26.24	26.0	26.28	26.0	25.56	25.56	25.36	25.16	25.04	25.44	24.76	25.0	24.64	24.36	24.64	24.32	25.32	24.44	25.0	0.0	0.0	0.0	0.0	0.0	0.0	0.0	0.0
4.8	9.56	6.28	4.8	5.0	8.72	39.6	32.68	34.44	33.16	31.64	28.68	27.4	27.56	26.84	26.16	26.0	25.6	26.2	25.2	24.72	25.52	25.44	25.08	25.76	24.92	24.96	25.2	24.84	24.16	24.72	24.44	24.0	24.92	0.0	0.0	0.0	0.0	0.0	0.0	0.0
5.0	10.8	5.64	4.8	5.0	8.96	42.56	34.08	34.44	33.2	31.16	32.0	28.0	27.28	27.36	26.68	26.76	26.56	25.72	25.08	25.28	25.36	24.6	25.16	24.92	24.96	24.76	25.04	24.76	24.84	24.2	23.84	23.8	24.44	24.88	0.0	0.0	0.0	0.0	0.0	0.0
5.0	13.84	4.8	5.0	4.8	5.4	38.04	39.88	33.88	34.36	34.68	30.96	28.16	27.56	27.44	26.88	26.56	25.92	25.4	25.44	25.16	25.44	24.48	24.64	24.92	25.0	24.56	24.92	24.84	24.92	24.92	24.68	24.92	24.6	24.36	25.0	0.0	0.0	0.0	0.0	0.0
5.0	5.8	5.0	5.0	4.8	4.96	10.16	40.96	35.72	33.48	34.64	31.84	31.84	27.68	27.24	26.8	26.6	26.2	26.64	26.16	25.72	25.56	25.28	24.32	25.08	24.96	24.6	25.08	24.44	25.08	24.88	25.04	25.04	24.4	25.36	24.4	24.96	0.0	0.0	0.0	0.0
4.8	4.6	4.8	4.6	5.0	5.8	8.6	41.96	34.56	35.4	33.24	31.28	30.48	27.08	27.56	27.32	25.64	26.52	25.92	25.36	25.12	24.92	25.16	24.88	24.88	24.8	24.12	24.68	25.04	25.16	24.84	24.44	25.16	24.88	24.84	24.36	24.68	25.4	0.0	0.0	0.0
5.0	4.8	4.6	4.8	5.0	4.84	10.32	39.76	34.6	34.96	33.68	31.88	30.4	27.84	27.36	27.4	27.24	26.28	25.88	25.52	25.64	24.68	25.12	25.32	24.84	24.32	24.48	25.24	24.4	24.72	24.6	25.12	24.08	24.4	24.8	24.44	25.04	24.72	25.8	0.0	0.0
5.0	4.6	4.8	4.6	4.8	4.6	10.68	40.24	35.68	34.8	33.56	34.04	30.72	30.44	27.88	27.52	27.12	26.84	25.88	26.2	25.2	25.36	25.08	25.24	25.12	24.92	25.24	24.84	24.6	24.8	24.48	23.92	24.76	24.84	24.56	24.32	24.72	24.4	24.72	24.8	0.0
5.0	5.0	5.0	5.0	4.8	5.0	9.6	42.28	43.32	34.32	35.36	33.36	30.4	31.04	27.2	27.72	27.28	26.84	26.2	26.44	26.32	25.72	25.04	25.12	25.28	25.24	24.8	24.72	24.56	25.08	25.32	25.08	25.24	24.24	24.72	25.0	24.12	24.96	24.48	24.56	24.52
