12.88	78.32	80.24	77.84	79.28	81.2	78.8	76.4	79.04	77.44	78.32	80.16	77.12	79.28	77.28	76.08	78.8	76.0	78.72	79.36	78.72	79.2	80.96	78.56	76.16	80.24	76.88	80.0	77.6	78.56	79.44	80.8	77.76	76.96	79.84	79.04	78.48	80.32	77.2	78.24	79.2
14.56	42.64	80.4	80.48	77.12	78.16	77.6	79.04	77.52	78.96	81.92	78.72	79.92	78.96	80.08	79.52	79.6	77.68	79.04	78.88	78.8	80.16	78.56	78.88	78.96	79.12	77.44	83.12	80.24	79.36	80.96	79.76	76.96	82.56	77.6	75.84	76.64	77.44	78.32	79.2	78.32
15.84	32.24	45.04	77.92	80.08	76.64	81.2	78.96	79.36	80.96	76.8	78.96	77.52	76.48	75.76	78.4	78.32	81.2	80.32	76.48	79.12	78.24	78.96	78.4	79.28	78.48	80.8	79.6	77.04	80.48	79.68	78.24	81.92	76.4	77.6	78.08	78.4	79.28	80.48	76.64	80.64
15.04	31.28	40.32	50.24	82.08	76.64	76.4	78.64	79.92	78.24	76.48	76.4	76.32	77.68	76.64	80.0	80.16	78.16	76.8	78.8	78.16	82.56	76.48	78.96	75.04	78.56	78.32	80.08	78.72	76.8	78.56	79.44	76.32	76.64	77.84	79.04	80.48	77.52	76.64	79.04	77.92
13.52	30.16	34.8	41.52	50.8	76.88	77.92	79.6	80.32	79.84	77.76	79.68	79.44	77.04	81.28	78.96	76.4	76.48	79.76	79.44	79.36	79.12	77.44	77.84	77.92	75.92	79.52	80.72	78.8	80.24	79.92	78.32	80.48	81.04	79.84	76.64	79.6	80.8	80.32	79.12	79.6
14.32	23.92	34.56	38.88	46.96	58.0	77.52	77.52	78.24	78.8	78.64	78.16	77.04	81.84	79.2	76.48	78.8	78.56	75.84	78.4	81.2	79.28	78.56	77.76	77.2	78.96	76.8	79.92	79.84	77.04	77.28	78.8	77.92	76.48	82.56	77.04	76.16	78.48	79.28	79.76	79.52
14.88	25.36	35.76	36.48	44.4	51.76	64.0	74.64	77.92	77.04	76.4	81.6	78.16	80.0	79.04	80.32	79.04	77.52	81.12	77.36	79.2	80.4	79.28	80.32	79.04	77.36	78.48	75.6	81.04	76.88	78.24	79.04	83.76	75.76	79.92	79.36	81.68	76.96	79.12	77.36	77.04
16.08	18.56	31.12	38.08	41.44	51.6	58.72	72.24	77.36	77.52	76.0	79.12	78.16	79.28	76.48	76.24	78.32	77.92	78.08	78.56	79.6	83.68	76.96	77.52	78.08	80.08	79.28	77.92	77.68	78.8	79.76	79.52	75.52	79.12	76.88	76.24	80.4	80.8	78.64	77.12	75.84
15.36	15.84	31.44	35.36	36.96	47.84	53.84	65.04	68.8	75.68	78.64	77.92	80.16	82.0	78.0	80.72	78.08	79.04	79.52	79.36	78.32	78.48	76.88	77.6	77.76	76.96	80.64	76.72	76.56	77.76	75.44	77.76	78.88	78.56	77.76	79.12	74.64	78.56	76.16	80.0	79.28
15.04	16.4	29.84	32.96	41.92	44.56	52.48	58.64	66.4	70.72	76.64	79.04	77.68	79.52	79.92	80.8	77.6	77.92	79.76	77.52	81.68	77.36	79.68	79.36	76.56	76.4	79.2	77.76	81.92	76.8	77.36	77.52	78.8	80.64	78.24	78.08	78.24	79.2	78.24	77.2	78.8
16.56	18.64	27.6	32.48	36.16	42.48	47.92	56.72	64.96	69.84	73.36	76.08	79.2	78.56	80.24	75.84	77.28	81.84	81.6	78.88	75.76	80.48	79.2	77.68	77.52	80.32	77.44	76.4	80.4	81.52	77.36	79.12	78.56	78.48	78.56	77.84	78.64	81.52	80.24	75.6	77.44
13.84	13.04	26.8	30.96	39.2	42.8	51.12	54.24	63.84	68.32	73.28	75.12	78.0	76.32	79.2	78.16	78.08	78.88	83.52	78.0	80.08	78.32	79.2	81.44	79.84	76.88	80.24	78.0	80.8	77.84	82.64	76.72	79.28	77.2	79.68	80.56	78.24	79.2	77.6	80.56	80.16
13.28	16.16	26.4	31.68	44.0	43.04	48.32	56.24	63.84	67.04	70.56	75.36	76.96	82.16	80.32	81.44	76.88	80.8	79.84	77.92	79.12	78.24	78.08	80.88	79.12	80.96	78.4	77.68	81.76	81.36	77.2	77.12	74.72	77.36	78.4	76.96	79.84	78.48	78.08	77.52	78.08
16.4	13.36	19.68	30.24	34.48	42.08	49.6	57.6	60.48	69.2	72.8	71.52	74.96	98.16	78.24	79.28	79.28	77.52	83.44	80.24	76.56	78.24	77.36	78.56	80.4	79.36	79.28	79.04	80.56	76.32	77.28	79.28	79.44	77.52	79.44	80.16	79.44	79.04	77.12	78.16	79.52
13.84	12.56	18.96	33.2	37.52	41.92	52.32	56.72	58.96	66.32	70.72	69.28	74.88	80.4	80.64	77.12	76.56	78.08	80.56	79.36	77.6	78.08	78.48	80.32	78.88	78.96	77.12	77.04	79.04	80.8	80.16	78.72	80.32	75.52	78.56	78.88	81.52	77.92	81.04	79.12	78.56
14.08	12.32	13.92	29.2	32.88	40.24	46.96	56.4	59.68	66.8	66.48	69.52	72.56	78.4	78.24	76.16	78.0	80.8	76.08	78.96	76.64	78.32	80.32	81.12	78.88	81.12	77.92	77.52	79.44	80.56	80.0	76.24	78.72	77.12	79.12	76.64	75.76	79.92	79.44	81.04	76.64
13.36	17.12	14.08	26.72	35.84	46.64	46.56	58.24	62.8	67.12	70.32	71.44	74.56	70.64	98.72	78.4	78.56	80.24	79.28	80.08	79.28	76.64	77.2	79.36	80.0	78.56	80.0	80.56	77.84	77.12	77.36	79.68	79.12	80.24	76.48	78.08	79.76	78.56	79.76	83.04	81.52
16.72	13.92	14.64	29.52	36.64	42.08	54.24	58.32	64.8	65.92	69.04	68.32	73.36	75.04	129.2	77.28	78.96	78.4	81.44	81.28	77.68	79.12	77.28	77.44	77.52	78.16	77.28	78.24	78.56	77.92	75.76	78.96	79.6	77.2	79.2	78.64	80.48	76.96	77.52	81.44	79.12
12.48	15.04	14.24	21.36	37.04	44.48	55.28	56.96	63.44	66.24	68.64	69.44	71.2	71.36	79.44	81.44	79.28	81.28	79.68	80.08	78.0	77.6	78.32	76.8	76.56	78.0	81.28	79.84	80.56	77.52	79.12	80.08	80.24	75.12	80.96	81.2	80.64	78.48	78.0	77.36	78.64
14.96	16.0	15.12	20.32	36.72	42.72	53.12	57.04	64.56	66.08	70.72	69.2	68.8	71.92	95.36	82.48	81.68	78.96	77.76	76.64	76.32	78.24	76.48	77.84	77.84	78.08	81.44	75.28	77.6	76.32	79.2	79.68	78.0	78.4	78.56	77.76	79.76	78.08	79.76	76.56	76.48
14.0	14.56	14.64	21.12	34.08	40.24	52.0	66.72	62.96	67.04	66.16	69.12	69.84	91.84	122.8	83.84	80.08	77.92	78.56	78.48	78.8	76.0	80.4	79.44	81.36	76.88	76.56	77.76	81.04	78.24	78.88	77.44	78.0	77.84	78.96	78.64	79.04	79.36	78.4	79.92	79.6
12.88	14.4	14.32	16.32	37.28	50.0	53.36	61.36	65.04	65.36	70.88	71.84	72.56	185.12	86.88	84.4	80.48	81.28	79.6	77.44	78.64	79.68	80.88	81.52	76.8	81.84	80.08	80.88	80.4	78.0	79.2	80.8	77.12	74.88	77.76	77.84	77.36	76.96	82.16	75.12	79.04
14.56	15.92	14.32	16.8	36.88	51.44	55.44	64.0	64.08	67.68	68.88	70.88	71.2	93.04	86.48	80.0	79.2	78.88	78.96	77.6	77.36	76.72	79.12	80.96	78.16	78.72	79.92	77.92	79.44	76.32	79.36	76.88	78.88	78.32	79.2	80.8	78.88	78.72	80.64	78.16	78.16
16.48	16.16	16.32	18.24	39.28	52.96	60.88	63.04	64.48	63.36	68.56	108.4	101.68	92.56	87.68	83.52	79.04	79.92	78.32	80.64	78.48	79.28	82.0	77.6	81.28	77.68	77.28	76.08	77.2	81.92	78.88	78.8	75.92	80.16	80.16	76.72	75.92	80.96	81.84	78.88	78.64
16.16	13.12	16.08	17.12	53.92	49.28	101.28	100.88	64.32	89.6	188.72	104.96	97.36	89.04	86.32	82.08	80.88	80.56	80.32	77.76	78.16	82.0	79.84	78.16	79.52	79.28	77.6	79.04	81.92	78.96	81.04	76.72	77.28	78.64	79.12	80.4	79.6	78.88	75.92	76.64	80.64
16.32	14.16	17.92	17.68	423.84	54.4	139.12	302.32	249.04	173.28	136.72	101.2	92.96	87.44	84.64	84.32	86.72	82.96	80.32	82.56	81.36	82.4	77.84	78.16	78.0	76.96	80.0	77.44	78.4	81.84	77.12	78.88	79.44	76.96	77.84	79.28	78.08	78.24	76.4	79.12	80.48
16.08	14.72	16.56	29.12	500.0	297.52	296.0	248.64	172.08	125.76	109.84	100.32	91.84	90.64	86.96	83.92	81.12	84.64	81.84	78.72	78.32	79.36	80.16	79.6	76.56	78.96	80.24	77.6	78.32	78.24	79.52	80.16	78.16	78.24	78.56	79.84	78.24	78.32	80.88	77.28	77.28
14.8	15.52	14.56	184.96	423.12	342.72	268.0	208.8	165.76	131.2	103.84	98.16	93.36	87.04	83.84	82.72	83.04	84.32	80.0	80.4	80.8	77.76	78.96	77.76	75.12	78.32	80.0	76.08	78.64	77.6	78.88	78.08	79.2	80.32	78.24	78.0	79.2	77.68	80.4	79.68	79.2
12.48	15.28	15.36	129.36	461.52	288.64	255.52	206.72	158.24	125.36	102.72	99.12	89.52	87.04	86.88	84.56	85.04	82.88	79.12	76.64	83.68	81.84	80.24	79.92	80.8	78.96	77.6	78.8	81.36	78.16	79.6	79.92	79.28	79.2	77.52	76.48	79.52	78.4	80.16	77.36	79.04
17.2	16.16	18.72	287.68	17.84	307.84	238.32	194.0	144.48	117.68	104.16	99.04	91.76	85.76	87.84	84.08	82.48	81.28	84.48	79.04	80.64	79.12	77.44	79.6	78.56	78.8	80.16	79.44	79.36	77.44	76.4	81.76	77.84	80.0	80.24	77.44	79.04	78.4	80.0	77.84	78.24
12.96	14.96	18.48	328.4	18.32	28.72	230.08	190.48	142.88	119.04	108.72	94.64	92.24	87.76	85.44	84.0	82.16	81.2	81.84	83.36	82.72	80.96	78.8	78.0	79.6	81.2	83.44	80.08	79.52	75.52	78.96	78.56	78.96	79.68	78.24	78.64	77.52	78.88	77.92	77.44	80.4
13.12	14.16	166.96	287.12	16.72	24.08	238.08	180.48	152.24	115.6	104.8	95.6	92.72	88.48	86.96	83.6	83.04	82.88	82.08	79.52	82.4	77.52	77.92	78.4	79.84	77.84	77.6	80.48	79.12	78.16	79.84	80.72	79.44	80.4	80.16	79.52	78.8	81.04	77.44	82.64	79.28
15.84	14.0	327.84	17.28	18.32	27.6	220.24	178.96	132.8	117.52	104.16	96.08	92.96	88.48	85.52	79.76	85.44	81.52	80.8	80.08	79.52	79.04	79.76	82.56	79.44	76.64	77.76	80.08	82.24	79.44	82.4	78.72	80.56	78.24	77.68	79.04	77.76	77.44	80.96	76.24	77.84
16.96	15.76	252.32	15.04	14.56	28.0	243.76	179.84	128.64	109.44	104.08	96.24	93.2	88.56	87.92	85.36	85.28	82.88	85.12	82.32	79.68	80.4	78.56	80.4	80.48	76.4	82.48	77.28	82.64	79.6	80.4	75.36	78.08	79.36	78.0	79.44	77.84	79.76	75.52	79.12	77.36
12.56	15.28	191.68	14.48	17.04	30.08	251.36	171.92	125.6	110.24	103.76	101.44	93.6	91.36	83.68	83.36	84.08	83.92	83.2	80.32	78.56	80.88	79.2	77.92	78.56	77.92	77.68	80.16	79.84	76.8	79.68	81.36	78.72	80.56	80.72	78.64	78.48	82.88	77.04	78.88	77.6
17.76	18.24	15.52	17.92	15.04	17.92	254.88	158.32	120.32	113.04	103.12	98.24	91.12	86.56	87.52	88.64	81.6	86.24	81.92	80.48	80.96	81.6	79.92	80.08	78.24	76.08	80.96	78.32	80.24	84.56	78.48	76.24	75.6	79.68	81.28	77.28	79.44	82.72	77.76	81.52	80.4
13.04	287.92	15.2	18.32	19.2	17.2	29.36	164.48	116.72	103.44	105.76	100.56	100.08	88.32	84.32	87.52	84.24	84.32	83.04	81.52	82.88	79.52	81.68	77.52	79.44	81.52	78.0	77.68	77.6	79.28	79.92	80.48	78.64	80.16	82.4	78.24	80.32	79.92	78.96	77.92	77.44
14.64	14.48	18.72	14.96	17.28	18.8	24.24	139.2	115.84	107.2	103.28	98.56	97.6	88.8	92.16	86.32	82.56	84.16	82.56	80.96	78.72	76.08	78.88	79.12	75.68	77.28	77.84	78.88	75.76	79.44	80.4	77.12	78.88	79.76	77.36	77.36	80.8	78.96	77.68	79.44	76.8
12.32	17.92	14.32	17.52	15.68	16.88	31.2	136.32	111.68	107.28	106.96	102.64	98.64	89.76	88.24	85.84	85.84	84.24	85.36	83.2	85.6	80.8	80.16	79.44	80.08	79.6	77.44	79.12	80.64	76.88	78.56	81.76	77.76	77.52	79.92	77.04	76.88	79.6	79.52	80.72	79.36
14.48	16.96	15.76	16.88	15.2	16.24	32.72	117.92	116.48	107.84	107.76	104.8	97.36	94.08	85.92	88.08	85.52	84.72	83.76	84.16	81.36	79.12	79.76	79.84	81.6	80.64	80.48	79.52	79.12	78.32	76.16	75.28	77.36	80.0	80.16	78.4	77.84	82.0	80.16	78.0	79.36
14.88	19.44	20.08	16.56	16.0	15.28	30.72	114.24	116.32	108.0	106.08	100.88	94.88	98.32	89.92	85.84	89.12	82.64	82.0	85.12	84.56	82.16	82.96	81.76	78.48	79.36	80.08	79.36	81.2	80.8	80.0	79.92	81.92	82.88	79.44	78.8	76.16	78.48	76.56	77.12	78.24
