1.0	0.0	0.0	0.0	0.0	0.0
2.0	0.00166015625	0.00185546875	0.00203125	0.001826171875	0.0021484375
3.0	0.0043359375	0.00517578125	0.005048828125	0.004013671875	0.006181640625
4.0	0.01322265625	0.0149609375	0.015576171875	0.01177734375	0.017392578125
5.0	0.036826171875	0.040400390625	0.043779296875	0.03494140625	0.04974609375
6.0	0.09439453125	0.100947265625	0.10482421875	0.089755859375	0.12666015625
7.0	0.2005859375	0.21033203125	0.21546875	0.198662109375	0.26474609375
8.0	0.368662109375	0.369609375	0.376650390625	0.36029296875	0.4273046875
9.0	0.5770703125	0.567783203125	0.56388671875	0.521123046875	0.5470703125
10.0	0.76525390625	0.755498046875	0.724755859375	0.62810546875	0.610185546875
11.0	0.893310546875	0.8822265625	0.82431640625	0.668564453125	0.625732421875
12.0	0.96142578125	0.9440234375	0.861845703125	0.6603125	0.61193359375
13.0	0.98916015625	0.96947265625	0.860791015625	0.62232421875	0.580888671875
14.0	0.997275390625	0.97958984375	0.8346484375	0.569599609375	0.54423828125
15.0	0.99939453125	0.983974609375	0.78912109375	0.5130859375	0.501513671875
16.0	0.999931640625	0.985732421875	0.722939453125	0.45875	0.46046875
17.0	1.0	0.986328125	0.6371875	0.410478515625	0.419990234375
18.0	1.0	0.98650390625	0.5330859375	0.366435546875	0.37890625
19.0	1.0	0.986396484375	0.4232421875	0.32630859375	0.338837890625
20.0	1.0	0.985986328125	0.325322265625	0.29005859375	0.303017578125
21.0	1.0	0.985546875	0.248740234375	0.255859375	0.26958984375
22.0	1.0	0.984853515625	0.1976953125	0.225849609375	0.2398828125
23.0	1.0	0.9841796875	0.168046875	0.1983203125	0.2110546875
24.0	1.0	0.98341796875	0.1492578125	0.174541015625	0.18525390625
25.0	1.0	0.9826953125	0.136630859375	0.152939453125	0.162841796875
26.0	1.0	0.981962890625	0.12541015625	0.132744140625	0.142294921875
27.0	1.0	0.981181640625	0.11423828125	0.11505859375	0.12341796875
28.0	1.0	0.9804296875	0.10404296875	0.098662109375	0.107333984375
29.0	1.0	0.979658203125	0.09365234375	0.085693359375	0.093291015625
30.0	1.0	0.978876953125	0.08447265625	0.074091796875	0.080302734375
31.0	1.0	0.978125	0.075126953125	0.06322265625	0.069443359375
32.0	1.0	0.977451171875	0.066435546875	0.05455078125	0.059853515625
33.0	1.0	0.976767578125	0.05869140625	0.0471484375	0.051884765625
34.0	1.0	0.97609375	0.05212890625	0.040869140625	0.045087890625
35.0	1.0	0.975537109375	0.045849609375	0.03529296875	0.0387109375
36.0	1.0	0.9750390625	0.04037109375	0.03009765625	0.03267578125
37.0	1.0	0.974638671875	0.0351171875	0.0255078125	0.028193359375
38.0	1.0	0.97421875	0.03037109375	0.021708984375	0.024140625
39.0	1.0	0.973828125	0.026357421875	0.018095703125	0.02052734375
40.0	1.0	0.9734765625	0.022646484375	0.01572265625	0.017373046875
41.0	1.0	0.973203125	0.0195703125	0.01353515625	0.014873046875
42.0	1.0	0.972861328125	0.016875	0.0115625	0.01265625
43.0	1.0	0.97259765625	0.01458984375	0.009794921875	0.010732421875
44.0	1.0	0.97234375	0.01267578125	0.008251953125	0.009267578125
45.0	1.0	0.97212890625	0.010830078125	0.006982421875	0.007880859375
46.0	1.0	0.971875	0.009267578125	0.005888671875	0.00681640625
47.0	1.0	0.9716796875	0.00783203125	0.005166015625	0.005888671875
48.0	1.0	0.97146484375	0.006669921875	0.00443359375	0.00498046875
49.0	1.0	0.971298828125	0.00576171875	0.003720703125	0.0042578125
50.0	1.0	0.971142578125	0.005	0.003232421875	0.0036328125
51.0	1.0	0.97107421875	0.004296875	0.002734375	0.003037109375
52.0	1.0	0.97095703125	0.00369140625	0.002333984375	0.002568359375
53.0	1.0	0.970869140625	0.003291015625	0.001982421875	0.00208984375
54.0	1.0	0.970791015625	0.00283203125	0.00171875	0.001943359375
55.0	1.0	0.970751953125	0.00236328125	0.001513671875	0.00166015625
56.0	1.0	0.97068359375	0.002080078125	0.001259765625	0.001337890625
57.0	1.0	0.970654296875	0.001826171875	0.0010546875	0.001083984375
58.0	1.0	0.9705859375	0.001591796875	0.000927734375	0.000947265625
59.0	1.0	0.97056640625	0.00140625	0.000791015625	0.000830078125
60.0	1.0	0.9705078125	0.001220703125	0.000693359375	0.000712890625
61.0	1.0	0.97048828125	0.001064453125	0.000595703125	0.000615234375
62.0	1.0	0.97041015625	0.000908203125	0.0005078125	0.00052734375
63.0	1.0	0.970390625	0.000830078125	0.000400390625	0.000419921875
64.0	1.0	0.9703515625	0.000732421875	0.000302734375	0.000390625
65.0	1.0	0.9703515625	0.00060546875	0.000263671875	0.0003125
66.0	1.0	0.9703125	0.000537109375	0.00025390625	0.000263671875
67.0	1.0	0.9703125	0.00046875	0.000234375	0.00021484375
68.0	1.0	0.970283203125	0.00041015625	0.000205078125	0.0001953125
69.0	1.0	0.97029296875	0.0003515625	0.0001953125	0.00015625
70.0	1.0	0.970263671875	0.0002734375	0.00017578125	0.000126953125
71.0	1.0	0.9702734375	0.000234375	0.00013671875	0.0001171875
72.0	1.0	0.970244140625	0.0001953125	0.00013671875	9.765625e-5
73.0	1.0	0.97025390625	0.00017578125	0.0001171875	9.765625e-5
74.0	1.0	0.970224609375	0.00015625	0.000107421875	7.8125e-5
75.0	1.0	0.970234375	0.00013671875	8.7890625e-5	6.8359375e-5
76.0	1.0	0.97021484375	0.000107421875	7.8125e-5	5.859375e-5
77.0	1.0	0.970234375	9.765625e-5	6.8359375e-5	2.9296875e-5
78.0	1.0	0.97021484375	9.765625e-5	4.8828125e-5	2.9296875e-5
79.0	1.0	0.970234375	8.7890625e-5	3.90625e-5	1.953125e-5
80.0	1.0	0.97021484375	6.8359375e-5	3.90625e-5	1.953125e-5
81.0	1.0	0.970234375	4.8828125e-5	2.9296875e-5	1.953125e-5
82.0	1.0	0.97021484375	3.90625e-5	9.765625e-6	1.953125e-5
83.0	1.0	0.970234375	2.9296875e-5	9.765625e-6	1.953125e-5
84.0	1.0	0.97021484375	2.9296875e-5	9.765625e-6	1.953125e-5
85.0	1.0	0.970234375	1.953125e-5	9.765625e-6	9.765625e-6
86.0	1.0	0.97021484375	9.765625e-6	9.765625e-6	9.765625e-6
87.0	1.0	0.970234375	0.0	9.765625e-6	9.765625e-6
88.0	1.0	0.97021484375	0.0	9.765625e-6	9.765625e-6
89.0	1.0	0.970234375	0.0	9.765625e-6	9.765625e-6
90.0	1.0	0.97021484375	0.0	9.765625e-6	9.765625e-6
91.0	1.0	0.970234375	0.0	0.0	9.765625e-6
92.0	1.0	0.97021484375	0.0	0.0	9.765625e-6
93.0	1.0	0.970234375	0.0	0.0	9.765625e-6
94.0	1.0	0.97021484375	0.0	0.0	0.0
95.0	1.0	0.970234375	0.0	0.0	0.0
96.0	1.0	0.97021484375	0.0	0.0	0.0
97.0	1.0	0.970234375	0.0	0.0	0.0
98.0	1.0	0.97021484375	0.0	0.0	0.0
99.0	1.0	0.970234375	0.0	0.0	0.0
100.0	1.0	0.97021484375	0.0	0.0	0.0
101.0	1.0	0.970234375	0.0	0.0	0.0
102.0	1.0	0.97021484375	0.0	0.0	0.0
103.0	1.0	0.970234375	0.0	0.0	0.0
104.0	1.0	0.97021484375	0.0	0.0	0.0
105.0	1.0	0.970234375	0.0	0.0	0.0
106.0	1.0	0.97021484375	0.0	0.0	0.0
107.0	1.0	0.970234375	0.0	0.0	0.0
108.0	1.0	0.97021484375	0.0	0.0	0.0
109.0	1.0	0.970234375	0.0	0.0	0.0
110.0	1.0	0.97021484375	0.0	0.0	0.0
111.0	1.0	0.970234375	0.0	0.0	0.0
112.0	1.0	0.97021484375	0.0	0.0	0.0
113.0	1.0	0.970234375	0.0	0.0	0.0
114.0	1.0	0.97021484375	0.0	0.0	0.0
115.0	1.0	0.970234375	0.0	0.0	0.0
116.0	1.0	0.97021484375	0.0	0.0	0.0
117.0	1.0	0.970234375	0.0	0.0	0.0
118.0	1.0	0.97021484375	0.0	0.0	0.0
119.0	1.0	0.970234375	0.0	0.0	0.0
120.0	1.0	0.97021484375	0.0	0.0	0.0
121.0	1.0	0.970234375	0.0	0.0	0.0
122.0	1.0	0.97021484375	0.0	0.0	0.0
123.0	1.0	0.970234375	0.0	0.0	0.0
124.0	1.0	0.97021484375	0.0	0.0	0.0
125.0	1.0	0.970234375	0.0	0.0	0.0
126.0	1.0	0.97021484375	0.0	0.0	0.0
127.0	1.0	0.970234375	0.0	0.0	0.0
128.0	1.0	0.97021484375	0.0	0.0	0.0
129.0	1.0	0.970234375	0.0	0.0	0.0
130.0	1.0	0.97021484375	0.0	0.0	0.0
131.0	1.0	0.970234375	0.0	0.0	0.0
132.0	1.0	0.97021484375	0.0	0.0	0.0
133.0	1.0	0.970234375	0.0	0.0	0.0
134.0	1.0	0.97021484375	0.0	0.0	0.0
135.0	1.0	0.970234375	0.0	0.0	0.0
136.0	1.0	0.97021484375	0.0	0.0	0.0
137.0	1.0	0.970234375	0.0	0.0	0.0
138.0	1.0	0.97021484375	0.0	0.0	0.0
139.0	1.0	0.970234375	0.0	0.0	0.0
140.0	1.0	0.97021484375	0.0	0.0	0.0
141.0	1.0	0.970234375	0.0	0.0	0.0
142.0	1.0	0.97021484375	0.0	0.0	0.0
143.0	1.0	0.970234375	0.0	0.0	0.0
144.0	1.0	0.97021484375	0.0	0.0	0.0
145.0	1.0	0.970234375	0.0	0.0	0.0
146.0	1.0	0.97021484375	0.0	0.0	0.0
147.0	1.0	0.970234375	0.0	0.0	0.0
148.0	1.0	0.97021484375	0.0	0.0	0.0
149.0	1.0	0.970234375	0.0	0.0	0.0
150.0	1.0	0.97021484375	0.0	0.0	0.0
151.0	1.0	0.970234375	0.0	0.0	0.0
152.0	1.0	0.97021484375	0.0	0.0	0.0
153.0	1.0	0.970234375	0.0	0.0	0.0
154.0	1.0	0.97021484375	0.0	0.0	0.0
155.0	1.0	0.970234375	0.0	0.0	0.0
156.0	1.0	0.97021484375	0.0	0.0	0.0
157.0	1.0	0.970234375	0.0	0.0	0.0
158.0	1.0	0.97021484375	0.0	0.0	0.0
159.0	1.0	0.970234375	0.0	0.0	0.0
160.0	1.0	0.97021484375	0.0	0.0	0.0
161.0	1.0	0.970234375	0.0	0.0	0.0
162.0	1.0	0.97021484375	0.0	0.0	0.0
163.0	1.0	0.970234375	0.0	0.0	0.0
164.0	1.0	0.97021484375	0.0	0.0	0.0
165.0	1.0	0.970234375	0.0	0.0	0.0
166.0	1.0	0.97021484375	0.0	0.0	0.0
167.0	1.0	0.970234375	0.0	0.0	0.0
168.0	1.0	0.97021484375	0.0	0.0	0.0
169.0	1.0	0.970234375	0.0	0.0	0.0
170.0	1.0	0.97021484375	0.0	0.0	0.0
171.0	1.0	0.970234375	0.0	0.0	0.0
172.0	1.0	0.97021484375	0.0	0.0	0.0
173.0	1.0	0.970234375	0.0	0.0	0.0
174.0	1.0	0.97021484375	0.0	0.0	0.0
175.0	1.0	0.970234375	0.0	0.0	0.0
176.0	1.0	0.97021484375	0.0	0.0	0.0
177.0	1.0	0.970234375	0.0	0.0	0.0
178.0	1.0	0.97021484375	0.0	0.0	0.0
179.0	1.0	0.970234375	0.0	0.0	0.0
180.0	1.0	0.97021484375	0.0	0.0	0.0
181.0	1.0	0.970234375	0.0	0.0	0.0
182.0	1.0	0.97021484375	0.0	0.0	0.0
183.0	1.0	0.970234375	0.0	0.0	0.0
184.0	1.0	0.97021484375	0.0	0.0	0.0
185.0	1.0	0.970234375	0.0	0.0	0.0
186.0	1.0	0.97021484375	0.0	0.0	0.0
187.0	1.0	0.970234375	0.0	0.0	0.0
188.0	1.0	0.97021484375	0.0	0.0	0.0
189.0	1.0	0.970234375	0.0	0.0	0.0
190.0	1.0	0.97021484375	0.0	0.0	0.0
191.0	1.0	0.970234375	0.0	0.0	0.0
192.0	1.0	0.97021484375	0.0	0.0	0.0
193.0	1.0	0.970234375	0.0	0.0	0.0
194.0	1.0	0.97021484375	0.0	0.0	0.0
195.0	1.0	0.970234375	0.0	0.0	0.0
196.0	1.0	0.97021484375	0.0	0.0	0.0
197.0	1.0	0.970234375	0.0	0.0	0.0
198.0	1.0	0.97021484375	0.0	0.0	0.0
199.0	1.0	0.970234375	0.0	0.0	0.0
200.0	1.0	0.97021484375	0.0	0.0	0.0
201.0	1.0	0.970234375	0.0	0.0	0.0
202.0	1.0	0.97021484375	0.0	0.0	0.0
203.0	1.0	0.970234375	0.0	0.0	0.0
204.0	1.0	0.97021484375	0.0	0.0	0.0
205.0	1.0	0.970234375	0.0	0.0	0.0
206.0	1.0	0.97021484375	0.0	0.0	0.0
207.0	1.0	0.970234375	0.0	0.0	0.0
208.0	1.0	0.97021484375	0.0	0.0	0.0
209.0	1.0	0.970234375	0.0	0.0	0.0
210.0	1.0	0.97021484375	0.0	0.0	0.0
211.0	1.0	0.970234375	0.0	0.0	0.0
212.0	1.0	0.97021484375	0.0	0.0	0.0
213.0	1.0	0.970234375	0.0	0.0	0.0
214.0	1.0	0.97021484375	0.0	0.0	0.0
215.0	1.0	0.970234375	0.0	0.0	0.0
216.0	1.0	0.97021484375	0.0	0.0	0.0
217.0	1.0	0.970234375	0.0	0.0	0.0
218.0	1.0	0.97021484375	0.0	0.0	0.0
219.0	1.0	0.970234375	0.0	0.0	0.0
220.0	1.0	0.97021484375	0.0	0.0	0.0
221.0	1.0	0.970234375	0.0	0.0	0.0
222.0	1.0	0.97021484375	0.0	0.0	0.0
223.0	1.0	0.970234375	0.0	0.0	0.0
224.0	1.0	0.97021484375	0.0	0.0	0.0
225.0	1.0	0.970234375	0.0	0.0	0.0
226.0	1.0	0.97021484375	0.0	0.0	0.0
227.0	1.0	0.970234375	0.0	0.0	0.0
228.0	1.0	0.97021484375	0.0	0.0	0.0
229.0	1.0	0.970234375	0.0	0.0	0.0
230.0	1.0	0.97021484375	0.0	0.0	0.0
231.0	1.0	0.970234375	0.0	0.0	0.0
232.0	1.0	0.97021484375	0.0	0.0	0.0
233.0	1.0	0.970234375	0.0	0.0	0.0
234.0	1.0	0.97021484375	0.0	0.0	0.0
235.0	1.0	0.970234375	0.0	0.0	0.0
236.0	1.0	0.97021484375	0.0	0.0	0.0
237.0	1.0	0.970234375	0.0	0.0	0.0
238.0	1.0	0.97021484375	0.0	0.0	0.0
239.0	1.0	0.970234375	0.0	0.0	0.0
240.0	1.0	0.97021484375	0.0	0.0	0.0
241.0	1.0	0.970234375	0.0	0.0	0.0
242.0	1.0	0.97021484375	0.0	0.0	0.0
243.0	1.0	0.970234375	0.0	0.0	0.0
244.0	1.0	0.97021484375	0.0	0.0	0.0
245.0	1.0	0.970234375	0.0	0.0	0.0
246.0	1.0	0.97021484375	0.0	0.0	0.0
247.0	1.0	0.970234375	0.0	0.0	0.0
248.0	1.0	0.97021484375	0.0	0.0	0.0
249.0	1.0	0.970234375	0.0	0.0	0.0
250.0	1.0	0.97021484375	0.0	0.0	0.0
251.0	1.0	0.970234375	0.0	0.0	0.0
252.0	1.0	0.97021484375	0.0	0.0	0.0
253.0	1.0	0.970234375	0.0	0.0	0.0
254.0	1.0	0.97021484375	0.0	0.0	0.0
255.0	1.0	0.970234375	0.0	0.0	0.0
256.0	1.0	0.97021484375	0.0	0.0	0.0
257.0	1.0	0.970234375	0.0	0.0	0.0
258.0	1.0	0.97021484375	0.0	0.0	0.0
259.0	1.0	0.970234375	0.0	0.0	0.0
260.0	1.0	0.97021484375	0.0	0.0	0.0
261.0	1.0	0.970234375	0.0	0.0	0.0
262.0	1.0	0.97021484375	0.0	0.0	0.0
263.0	1.0	0.970234375	0.0	0.0	0.0
264.0	1.0	0.97021484375	0.0	0.0	0.0
265.0	1.0	0.970234375	0.0	0.0	0.0
266.0	1.0	0.97021484375	0.0	0.0	0.0
267.0	1.0	0.970234375	0.0	0.0	0.0
268.0	1.0	0.97021484375	0.0	0.0	0.0
269.0	1.0	0.970234375	0.0	0.0	0.0
270.0	1.0	0.97021484375	0.0	0.0	0.0
271.0	1.0	0.970234375	0.0	0.0	0.0
272.0	1.0	0.97021484375	0.0	0.0	0.0
273.0	1.0	0.970234375	0.0	0.0	0.0
274.0	1.0	0.97021484375	0.0	0.0	0.0
275.0	1.0	0.970234375	0.0	0.0	0.0
276.0	1.0	0.97021484375	0.0	0.0	0.0
277.0	1.0	0.970234375	0.0	0.0	0.0
278.0	1.0	0.97021484375	0.0	0.0	0.0
279.0	1.0	0.970234375	0.0	0.0	0.0
280.0	1.0	0.97021484375	0.0	0.0	0.0
281.0	1.0	0.970234375	0.0	0.0	0.0
282.0	1.0	0.97021484375	0.0	0.0	0.0
283.0	1.0	0.970234375	0.0	0.0	0.0
284.0	1.0	0.97021484375	0.0	0.0	0.0
285.0	1.0	0.970234375	0.0	0.0	0.0
286.0	1.0	0.97021484375	0.0	0.0	0.0
287.0	1.0	0.970234375	0.0	0.0	0.0
288.0	1.0	0.97021484375	0.0	0.0	0.0
289.0	1.0	0.970234375	0.0	0.0	0.0
290.0	1.0	0.97021484375	0.0	0.0	0.0
291.0	1.0	0.970234375	0.0	0.0	0.0
292.0	1.0	0.97021484375	0.0	0.0	0.0
293.0	1.0	0.970234375	0.0	0.0	0.0
294.0	1.0	0.97021484375	0.0	0.0	0.0
295.0	1.0	0.970234375	0.0	0.0	0.0
296.0	1.0	0.97021484375	0.0	0.0	0.0
297.0	1.0	0.970234375	0.0	0.0	0.0
298.0	1.0	0.97021484375	0.0	0.0	0.0
299.0	1.0	0.970234375	0.0	0.0	0.0
300.0	1.0	0.97021484375	0.0	0.0	0.0
301.0	1.0	0.970234375	0.0	0.0	0.0
302.0	1.0	0.97021484375	0.0	0.0	0.0
303.0	1.0	0.970234375	0.0	0.0	0.0
304.0	1.0	0.97021484375	0.0	0.0	0.0
305.0	1.0	0.970234375	0.0	0.0	0.0
306.0	1.0	0.97021484375	0.0	0.0	0.0
307.0	1.0	0.970234375	0.0	0.0	0.0
308.0	1.0	0.97021484375	0.0	0.0	0.0
309.0	1.0	0.970234375	0.0	0.0	0.0
310.0	1.0	0.97021484375	0.0	0.0	0.0
311.0	1.0	0.970234375	0.0	0.0	0.0
312.0	1.0	0.97021484375	0.0	0.0	0.0
313.0	1.0	0.970234375	0.0	0.0	0.0
314.0	1.0	0.97021484375	0.0	0.0	0.0
315.0	1.0	0.970234375	0.0	0.0	0.0
316.0	1.0	0.97021484375	0.0	0.0	0.0
317.0	1.0	0.970234375	0.0	0.0	0.0
318.0	1.0	0.97021484375	0.0	0.0	0.0
319.0	1.0	0.970234375	0.0	0.0	0.0
320.0	1.0	0.97021484375	0.0	0.0	0.0
321.0	1.0	0.970234375	0.0	0.0	0.0
322.0	1.0	0.97021484375	0.0	0.0	0.0
323.0	1.0	0.970234375	0.0	0.0	0.0
324.0	1.0	0.97021484375	0.0	0.0	0.0
325.0	1.0	0.970234375	0.0	0.0	0.0
326.0	1.0	0.97021484375	0.0	0.0	0.0
327.0	1.0	0.970234375	0.0	0.0	0.0
328.0	1.0	0.97021484375	0.0	0.0	0.0
329.0	1.0	0.970234375	0.0	0.0	0.0
330.0	1.0	0.97021484375	0.0	0.0	0.0
331.0	1.0	0.970234375	0.0	0.0	0.0
332.0	1.0	0.97021484375	0.0	0.0	0.0
333.0	1.0	0.970234375	0.0	0.0	0.0
334.0	1.0	0.97021484375	0.0	0.0	0.0
335.0	1.0	0.970234375	0.0	0.0	0.0
336.0	1.0	0.97021484375	0.0	0.0	0.0
337.0	1.0	0.970234375	0.0	0.0	0.0
338.0	1.0	0.97021484375	0.0	0.0	0.0
339.0	1.0	0.970234375	0.0	0.0	0.0
340.0	1.0	0.97021484375	0.0	0.0	0.0
341.0	1.0	0.970234375	0.0	0.0	0.0
342.0	1.0	0.97021484375	0.0	0.0	0.0
343.0	1.0	0.970234375	0.0	0.0	0.0
344.0	1.0	0.97021484375	0.0	0.0	0.0
345.0	1.0	0.970234375	0.0	0.0	0.0
346.0	1.0	0.97021484375	0.0	0.0	0.0
347.0	1.0	0.970234375	0.0	0.0	0.0
348.0	1.0	0.97021484375	0.0	0.0	0.0
349.0	1.0	0.970234375	0.0	0.0	0.0
350.0	1.0	0.97021484375	0.0	0.0	0.0
351.0	1.0	0.970234375	0.0	0.0	0.0
352.0	1.0	0.97021484375	0.0	0.0	0.0
353.0	1.0	0.970234375	0.0	0.0	0.0
354.0	1.0	0.97021484375	0.0	0.0	0.0
355.0	1.0	0.970234375	0.0	0.0	0.0
356.0	1.0	0.97021484375	0.0	0.0	0.0
357.0	1.0	0.970234375	0.0	0.0	0.0
358.0	1.0	0.97021484375	0.0	0.0	0.0
359.0	1.0	0.970234375	0.0	0.0	0.0
360.0	1.0	0.97021484375	0.0	0.0	0.0
361.0	1.0	0.970234375	0.0	0.0	0.0
362.0	1.0	0.97021484375	0.0	0.0	0.0
363.0	1.0	0.970234375	0.0	0.0	0.0
364.0	1.0	0.97021484375	0.0	0.0	0.0
365.0	1.0	0.970234375	0.0	0.0	0.0
366.0	1.0	0.97021484375	0.0	0.0	0.0
367.0	1.0	0.970234375	0.0	0.0	0.0
368.0	1.0	0.97021484375	0.0	0.0	0.0
369.0	1.0	0.970234375	0.0	0.0	0.0
370.0	1.0	0.97021484375	0.0	0.0	0.0
371.0	1.0	0.970234375	0.0	0.0	0.0
372.0	1.0	0.97021484375	0.0	0.0	0.0
373.0	1.0	0.970234375	0.0	0.0	0.0
374.0	1.0	0.97021484375	0.0	0.0	0.0
375.0	1.0	0.970234375	0.0	0.0	0.0
376.0	1.0	0.97021484375	0.0	0.0	0.0
377.0	1.0	0.970234375	0.0	0.0	0.0
378.0	1.0	0.97021484375	0.0	0.0	0.0
379.0	1.0	0.970234375	0.0	0.0	0.0
380.0	1.0	0.97021484375	0.0	0.0	0.0
381.0	1.0	0.970234375	0.0	0.0	0.0
382.0	1.0	0.97021484375	0.0	0.0	0.0
383.0	1.0	0.970234375	0.0	0.0	0.0
384.0	1.0	0.97021484375	0.0	0.0	0.0
385.0	1.0	0.970234375	0.0	0.0	0.0
386.0	1.0	0.97021484375	0.0	0.0	0.0
387.0	1.0	0.970234375	0.0	0.0	0.0
388.0	1.0	0.97021484375	0.0	0.0	0.0
389.0	1.0	0.970234375	0.0	0.0	0.0
390.0	1.0	0.97021484375	0.0	0.0	0.0
391.0	1.0	0.970234375	0.0	0.0	0.0
392.0	1.0	0.97021484375	0.0	0.0	0.0
393.0	1.0	0.970234375	0.0	0.0	0.0
394.0	1.0	0.97021484375	0.0	0.0	0.0
395.0	1.0	0.970234375	0.0	0.0	0.0
396.0	1.0	0.97021484375	0.0	0.0	0.0
397.0	1.0	0.970234375	0.0	0.0	0.0
398.0	1.0	0.97021484375	0.0	0.0	0.0
399.0	1.0	0.970234375	0.0	0.0	0.0
400.0	1.0	0.97021484375	0.0	0.0	0.0
401.0	1.0	0.970234375	0.0	0.0	0.0
402.0	1.0	0.97021484375	0.0	0.0	0.0
403.0	1.0	0.970234375	0.0	0.0	0.0
404.0	1.0	0.97021484375	0.0	0.0	0.0
405.0	1.0	0.970234375	0.0	0.0	0.0
406.0	1.0	0.97021484375	0.0	0.0	0.0
407.0	1.0	0.970234375	0.0	0.0	0.0
408.0	1.0	0.97021484375	0.0	0.0	0.0
409.0	1.0	0.970234375	0.0	0.0	0.0
410.0	1.0	0.97021484375	0.0	0.0	0.0
411.0	1.0	0.970234375	0.0	0.0	0.0
412.0	1.0	0.97021484375	0.0	0.0	0.0
413.0	1.0	0.970234375	0.0	0.0	0.0
414.0	1.0	0.97021484375	0.0	0.0	0.0
415.0	1.0	0.970234375	0.0	0.0	0.0
416.0	1.0	0.97021484375	0.0	0.0	0.0
417.0	1.0	0.970234375	0.0	0.0	0.0
418.0	1.0	0.97021484375	0.0	0.0	0.0
419.0	1.0	0.970234375	0.0	0.0	0.0
420.0	1.0	0.97021484375	0.0	0.0	0.0
421.0	1.0	0.970234375	0.0	0.0	0.0
422.0	1.0	0.97021484375	0.0	0.0	0.0
423.0	1.0	0.970234375	0.0	0.0	0.0
424.0	1.0	0.97021484375	0.0	0.0	0.0
425.0	1.0	0.970234375	0.0	0.0	0.0
426.0	1.0	0.97021484375	0.0	0.0	0.0
427.0	1.0	0.970234375	0.0	0.0	0.0
428.0	1.0	0.97021484375	0.0	0.0	0.0
429.0	1.0	0.970234375	0.0	0.0	0.0
430.0	1.0	0.97021484375	0.0	0.0	0.0
431.0	1.0	0.970234375	0.0	0.0	0.0
432.0	1.0	0.97021484375	0.0	0.0	0.0
433.0	1.0	0.970234375	0.0	0.0	0.0
434.0	1.0	0.97021484375	0.0	0.0	0.0
435.0	1.0	0.970234375	0.0	0.0	0.0
436.0	1.0	0.97021484375	0.0	0.0	0.0
437.0	1.0	0.970234375	0.0	0.0	0.0
438.0	1.0	0.97021484375	0.0	0.0	0.0
439.0	1.0	0.970234375	0.0	0.0	0.0
440.0	1.0	0.97021484375	0.0	0.0	0.0
441.0	1.0	0.970234375	0.0	0.0	0.0
442.0	1.0	0.97021484375	0.0	0.0	0.0
443.0	1.0	0.970234375	0.0	0.0	0.0
444.0	1.0	0.97021484375	0.0	0.0	0.0
445.0	1.0	0.970234375	0.0	0.0	0.0
446.0	1.0	0.97021484375	0.0	0.0	0.0
447.0	1.0	0.970234375	0.0	0.0	0.0
448.0	1.0	0.97021484375	0.0	0.0	0.0
449.0	1.0	0.970234375	0.0	0.0	0.0
450.0	1.0	0.97021484375	0.0	0.0	0.0
451.0	1.0	0.970234375	0.0	0.0	0.0
452.0	1.0	0.97021484375	0.0	0.0	0.0
453.0	1.0	0.970234375	0.0	0.0	0.0
454.0	1.0	0.97021484375	0.0	0.0	0.0
455.0	1.0	0.970234375	0.0	0.0	0.0
456.0	1.0	0.97021484375	0.0	0.0	0.0
457.0	1.0	0.970234375	0.0	0.0	0.0
458.0	1.0	0.97021484375	0.0	0.0	0.0
459.0	1.0	0.970234375	0.0	0.0	0.0
460.0	1.0	0.97021484375	0.0	0.0	0.0
461.0	1.0	0.970234375	0.0	0.0	0.0
462.0	1.0	0.97021484375	0.0	0.0	0.0
463.0	1.0	0.970234375	0.0	0.0	0.0
464.0	1.0	0.97021484375	0.0	0.0	0.0
465.0	1.0	0.970234375	0.0	0.0	0.0
466.0	1.0	0.97021484375	0.0	0.0	0.0
467.0	1.0	0.970234375	0.0	0.0	0.0
468.0	1.0	0.97021484375	0.0	0.0	0.0
469.0	1.0	0.970234375	0.0	0.0	0.0
470.0	1.0	0.97021484375	0.0	0.0	0.0
471.0	1.0	0.970234375	0.0	0.0	0.0
472.0	1.0	0.97021484375	0.0	0.0	0.0
473.0	1.0	0.970234375	0.0	0.0	0.0
474.0	1.0	0.97021484375	0.0	0.0	0.0
475.0	1.0	0.970234375	0.0	0.0	0.0
476.0	1.0	0.97021484375	0.0	0.0	0.0
477.0	1.0	0.970234375	0.0	0.0	0.0
478.0	1.0	0.97021484375	0.0	0.0	0.0
479.0	1.0	0.970234375	0.0	0.0	0.0
480.0	1.0	0.97021484375	0.0	0.0	0.0
481.0	1.0	0.970234375	0.0	0.0	0.0
482.0	1.0	0.97021484375	0.0	0.0	0.0
483.0	1.0	0.970234375	0.0	0.0	0.0
484.0	1.0	0.97021484375	0.0	0.0	0.0
485.0	1.0	0.970234375	0.0	0.0	0.0
486.0	1.0	0.97021484375	0.0	0.0	0.0
487.0	1.0	0.970234375	0.0	0.0	0.0
488.0	1.0	0.97021484375	0.0	0.0	0.0
489.0	1.0	0.970234375	0.0	0.0	0.0
490.0	1.0	0.97021484375	0.0	0.0	0.0
491.0	1.0	0.970234375	0.0	0.0	0.0
492.0	1.0	0.97021484375	0.0	0.0	0.0
493.0	1.0	0.970234375	0.0	0.0	0.0
494.0	1.0	0.97021484375	0.0	0.0	0.0
495.0	1.0	0.970234375	0.0	0.0	0.0
496.0	1.0	0.97021484375	0.0	0.0	0.0
497.0	1.0	0.970234375	0.0	0.0	0.0
498.0	1.0	0.97021484375	0.0	0.0	0.0
499.0	1.0	0.970234375	0.0	0.0	0.0
500.0	1.0	0.97021484375	0.0	0.0	0.0
