1.0	0.0009765625	0.0009765625	0.0009765625	0.0009765625	0.0009765625
2.0	0.0018717447916666667	0.002001953125	0.002001953125	0.002262369791666667	0.0018880208333333333
3.0	0.003108723958333333	0.003597005208333333	0.0034016927083333334	0.004052734375	0.0030924479166666665
4.0	0.004671223958333333	0.005696614583333333	0.005094401041666667	0.0060384114583333336	0.004801432291666667
5.0	0.006852213541666667	0.008251953125	0.007340494791666667	0.008219401041666666	0.006575520833333333
6.0	0.009407552083333333	0.011376953125	0.010367838541666667	0.011100260416666667	0.008821614583333333
7.0	0.012581380208333333	0.015299479166666666	0.013899739583333333	0.014908854166666667	0.011767578125
8.0	0.016780598958333334	0.020182291666666668	0.018180338541666667	0.01923828125	0.015283203125
9.0	0.02158203125	0.026822916666666665	0.023990885416666666	0.025113932291666665	0.020279947916666666
10.0	0.027913411458333332	0.034684244791666666	0.030240885416666665	0.032975260416666666	0.025244140625
11.0	0.036295572916666664	0.04462890625	0.038623046875	0.042724609375	0.03201497395833333
12.0	0.04708658854166667	0.05865885416666667	0.049332682291666666	0.054541015625	0.040478515625
13.0	0.059423828125	0.07638346354166667	0.06204427083333333	0.07052408854166667	0.05099283854166667
14.0	0.07342122395833334	0.096875	0.07809244791666667	0.089208984375	0.0626953125
15.0	0.0921875	0.12140299479166666	0.09840494791666667	0.111865234375	0.07757161458333334
16.0	0.11442057291666667	0.14925130208333334	0.123095703125	0.136669921875	0.095849609375
17.0	0.13986002604166667	0.18191731770833333	0.150732421875	0.16466471354166667	0.11507161458333333
18.0	0.16809895833333333	0.21702473958333332	0.183544921875	0.19552408854166667	0.13907877604166666
19.0	0.19973958333333333	0.256005859375	0.218115234375	0.228515625	0.16370442708333333
20.0	0.231396484375	0.29440104166666664	0.25240885416666664	0.2603352864583333	0.18805338541666666
21.0	0.26292317708333335	0.3270345052083333	0.2855631510416667	0.289794921875	0.21287434895833332
22.0	0.2928385416666667	0.3524576822916667	0.31666666666666665	0.30986328125	0.235986328125
23.0	0.320556640625	0.36673177083333336	0.3431640625	0.32537434895833334	0.255615234375
24.0	0.339599609375	0.37430013020833336	0.3595377604166667	0.333837890625	0.27364908854166664
25.0	0.35154622395833335	0.370703125	0.3700358072916667	0.33297526041666664	0.28391927083333335
26.0	0.356201171875	0.35862630208333335	0.36663411458333334	0.329052734375	0.2884114583333333
27.0	0.35084635416666665	0.3372884114583333	0.3560546875	0.318408203125	0.29078776041666665
28.0	0.34130859375	0.31298828125	0.33689778645833335	0.3019205729166667	0.2862141927083333
29.0	0.32333984375	0.28370768229166665	0.31194661458333334	0.28299153645833336	0.27716471354166666
30.0	0.299951171875	0.255859375	0.28522135416666666	0.25869140625	0.26536458333333335
31.0	0.27451171875	0.22713216145833334	0.25442708333333336	0.23466796875	0.25413411458333335
32.0	0.2478515625	0.20125325520833334	0.224658203125	0.21140950520833332	0.24138997395833334
33.0	0.21988932291666666	0.17444661458333333	0.19627278645833332	0.190625	0.22548828125
34.0	0.19446614583333333	0.15294596354166667	0.17037760416666667	0.17138671875	0.20966796875
35.0	0.17137044270833332	0.13126627604166666	0.14806315104166667	0.15244140625	0.19329427083333334
36.0	0.14817708333333332	0.11248372395833334	0.12740885416666667	0.13487955729166667	0.176220703125
37.0	0.12771809895833333	0.09703776041666666	0.109326171875	0.11863606770833333	0.15970052083333333
38.0	0.10974934895833334	0.0828125	0.09461263020833334	0.103564453125	0.14443359375
39.0	0.09456380208333333	0.071240234375	0.08134765625	0.09013671875	0.13046875
40.0	0.08108723958333333	0.06123046875	0.06995442708333334	0.07849934895833334	0.11663411458333334
41.0	0.07018229166666666	0.05227864583333333	0.060107421875	0.0685546875	0.10462239583333334
42.0	0.05986328125	0.044108072916666664	0.051741536458333334	0.05847981770833333	0.09264322916666666
43.0	0.050439453125	0.037451171875	0.04391276041666667	0.050618489583333336	0.082177734375
44.0	0.04332682291666667	0.031982421875	0.037581380208333334	0.04358723958333333	0.07247721354166667
45.0	0.03668619791666667	0.027473958333333333	0.032242838541666666	0.037646484375	0.0642578125
46.0	0.031266276041666666	0.023291015625	0.027555338541666665	0.03282877604166667	0.05577799479166667
47.0	0.027099609375	0.019645182291666667	0.023697916666666666	0.028434244791666667	0.048681640625
48.0	0.022835286458333333	0.016357421875	0.020556640625	0.024235026041666666	0.04241536458333333
49.0	0.019124348958333332	0.013736979166666666	0.01728515625	0.020914713541666668	0.03707682291666667
50.0	0.016438802083333332	0.011702473958333333	0.014632161458333333	0.017887369791666666	0.032389322916666664
51.0	0.013655598958333333	0.010009765625	0.012272135416666666	0.015364583333333333	0.028515625
52.0	0.011800130208333334	0.008577473958333333	0.010579427083333334	0.013264973958333334	0.024479166666666666
53.0	0.010400390625	0.0073893229166666664	0.008984375	0.011393229166666666	0.021305338541666666
54.0	0.008870442708333334	0.006363932291666667	0.007763671875	0.009651692708333333	0.018098958333333335
55.0	0.007584635416666667	0.00537109375	0.006754557291666667	0.008430989583333333	0.015771484375
56.0	0.006559244791666667	0.004654947916666667	0.005696614583333333	0.007080078125	0.0134765625
57.0	0.00576171875	0.003727213541666667	0.0048177083333333336	0.00615234375	0.011604817708333333
58.0	0.0047037760416666664	0.0031412760416666668	0.0040852864583333336	0.0050618489583333336	0.009781901041666667
59.0	0.004150390625	0.0026692708333333334	0.0032552083333333335	0.004280598958333334	0.008447265625
60.0	0.003515625	0.0023274739583333333	0.002880859375	0.0035481770833333333	0.007340494791666667
61.0	0.002994791666666667	0.002001953125	0.002506510416666667	0.002864583333333333	0.006136067708333333
62.0	0.00244140625	0.001611328125	0.0020670572916666667	0.0023600260416666665	0.0050618489583333336
63.0	0.0019856770833333332	0.0013509114583333333	0.0017903645833333333	0.002099609375	0.004264322916666666
64.0	0.0017415364583333334	0.0010904947916666667	0.0016438802083333333	0.0017415364583333334	0.0036783854166666666
65.0	0.0015299479166666667	0.0008626302083333333	0.0013671875	0.001513671875	0.003125
66.0	0.0012858072916666667	0.0007486979166666667	0.0011881510416666666	0.0012044270833333334	0.002750651041666667
67.0	0.0010904947916666667	0.0006184895833333333	0.0010091145833333334	0.001025390625	0.0023274739583333333
68.0	0.0009602864583333333	0.0005208333333333333	0.000830078125	0.0008626302083333333	0.002018229166666667
69.0	0.0008463541666666667	0.000439453125	0.00078125	0.0008138020833333334	0.0018717447916666667
70.0	0.0006998697916666667	0.000439453125	0.0007161458333333333	0.0006673177083333333	0.0015625
71.0	0.0005859375	0.00037434895833333336	0.000634765625	0.0005208333333333333	0.0013346354166666667
72.0	0.0005045572916666667	0.0003255208333333333	0.0005045572916666667	0.000390625	0.0012044270833333334
73.0	0.000390625	0.0003255208333333333	0.00035807291666666664	0.0002766927083333333	0.0009602864583333333
74.0	0.0003255208333333333	0.00030924479166666665	0.00030924479166666665	0.0001953125	0.0007975260416666667
75.0	0.00026041666666666666	0.00026041666666666666	0.0002766927083333333	0.0001953125	0.0006184895833333333
76.0	0.00021158854166666667	0.000244140625	0.0001953125	0.00017903645833333332	0.000537109375
77.0	0.0001953125	0.00021158854166666667	0.00016276041666666666	0.000146484375	0.0005045572916666667
78.0	0.00017903645833333332	0.0001953125	0.00016276041666666666	0.00011393229166666667	0.00047200520833333334
79.0	0.00016276041666666666	0.00017903645833333332	0.00016276041666666666	9.765625e-5	0.000390625
80.0	0.00011393229166666667	0.00013020833333333333	0.000146484375	6.510416666666667e-5	0.00035807291666666664
81.0	9.765625e-5	0.00013020833333333333	0.00013020833333333333	6.510416666666667e-5	0.00029296875
82.0	8.138020833333333e-5	8.138020833333333e-5	0.00013020833333333333	6.510416666666667e-5	0.00029296875
83.0	8.138020833333333e-5	8.138020833333333e-5	0.00011393229166666667	3.255208333333333e-5	0.00022786458333333334
84.0	6.510416666666667e-5	8.138020833333333e-5	9.765625e-5	3.255208333333333e-5	0.00021158854166666667
85.0	6.510416666666667e-5	3.255208333333333e-5	8.138020833333333e-5	1.6276041666666666e-5	0.00017903645833333332
86.0	4.8828125e-5	0.0	4.8828125e-5	1.6276041666666666e-5	0.000146484375
87.0	3.255208333333333e-5	0.0	3.255208333333333e-5	1.6276041666666666e-5	6.510416666666667e-5
88.0	3.255208333333333e-5	0.0	3.255208333333333e-5	1.6276041666666666e-5	6.510416666666667e-5
89.0	3.255208333333333e-5	0.0	3.255208333333333e-5	1.6276041666666666e-5	6.510416666666667e-5
90.0	3.255208333333333e-5	0.0	3.255208333333333e-5	1.6276041666666666e-5	6.510416666666667e-5
91.0	3.255208333333333e-5	0.0	3.255208333333333e-5	1.6276041666666666e-5	6.510416666666667e-5
92.0	3.255208333333333e-5	0.0	3.255208333333333e-5	1.6276041666666666e-5	3.255208333333333e-5
93.0	1.6276041666666666e-5	0.0	1.6276041666666666e-5	0.0	3.255208333333333e-5
94.0	1.6276041666666666e-5	0.0	0.0	0.0	1.6276041666666666e-5
95.0	0.0	0.0	0.0	0.0	0.0
96.0	0.0	0.0	0.0	0.0	0.0
97.0	0.0	0.0	0.0	0.0	0.0
98.0	0.0	0.0	0.0	0.0	0.0
99.0	0.0	0.0	0.0	0.0	0.0
100.0	0.0	0.0	0.0	0.0	0.0
101.0	0.0	0.0	0.0	0.0	0.0
102.0	0.0	0.0	0.0	0.0	0.0
103.0	0.0	0.0	0.0	0.0	0.0
104.0	0.0	0.0	0.0	0.0	0.0
105.0	0.0	0.0	0.0	0.0	0.0
106.0	0.0	0.0	0.0	0.0	0.0
107.0	0.0	0.0	0.0	0.0	0.0
108.0	0.0	0.0	0.0	0.0	0.0
109.0	0.0	0.0	0.0	0.0	0.0
110.0	0.0	0.0	0.0	0.0	0.0
111.0	0.0	0.0	0.0	0.0	0.0
112.0	0.0	0.0	0.0	0.0	0.0
113.0	0.0	0.0	0.0	0.0	0.0
114.0	0.0	0.0	0.0	0.0	0.0
115.0	0.0	0.0	0.0	0.0	0.0
116.0	0.0	0.0	0.0	0.0	0.0
117.0	0.0	0.0	0.0	0.0	0.0
118.0	0.0	0.0	0.0	0.0	0.0
119.0	0.0	0.0	0.0	0.0	0.0
120.0	0.0	0.0	0.0	0.0	0.0
121.0	0.0	0.0	0.0	0.0	0.0
122.0	0.0	0.0	0.0	0.0	0.0
123.0	0.0	0.0	0.0	0.0	0.0
124.0	0.0	0.0	0.0	0.0	0.0
125.0	0.0	0.0	0.0	0.0	0.0
126.0	0.0	0.0	0.0	0.0	0.0
127.0	0.0	0.0	0.0	0.0	0.0
128.0	0.0	0.0	0.0	0.0	0.0
129.0	0.0	0.0	0.0	0.0	0.0
130.0	0.0	0.0	0.0	0.0	0.0
131.0	0.0	0.0	0.0	0.0	0.0
132.0	0.0	0.0	0.0	0.0	0.0
133.0	0.0	0.0	0.0	0.0	0.0
134.0	0.0	0.0	0.0	0.0	0.0
135.0	0.0	0.0	0.0	0.0	0.0
136.0	0.0	0.0	0.0	0.0	0.0
137.0	0.0	0.0	0.0	0.0	0.0
138.0	0.0	0.0	0.0	0.0	0.0
139.0	0.0	0.0	0.0	0.0	0.0
140.0	0.0	0.0	0.0	0.0	0.0
141.0	0.0	0.0	0.0	0.0	0.0
142.0	0.0	0.0	0.0	0.0	0.0
143.0	0.0	0.0	0.0	0.0	0.0
144.0	0.0	0.0	0.0	0.0	0.0
145.0	0.0	0.0	0.0	0.0	0.0
146.0	0.0	0.0	0.0	0.0	0.0
147.0	0.0	0.0	0.0	0.0	0.0
148.0	0.0	0.0	0.0	0.0	0.0
149.0	0.0	0.0	0.0	0.0	0.0
150.0	0.0	0.0	0.0	0.0	0.0
151.0	0.0	0.0	0.0	0.0	0.0
152.0	0.0	0.0	0.0	0.0	0.0
153.0	0.0	0.0	0.0	0.0	0.0
154.0	0.0	0.0	0.0	0.0	0.0
155.0	0.0	0.0	0.0	0.0	0.0
156.0	0.0	0.0	0.0	0.0	0.0
157.0	0.0	0.0	0.0	0.0	0.0
158.0	0.0	0.0	0.0	0.0	0.0
159.0	0.0	0.0	0.0	0.0	0.0
160.0	0.0	0.0	0.0	0.0	0.0
161.0	0.0	0.0	0.0	0.0	0.0
162.0	0.0	0.0	0.0	0.0	0.0
163.0	0.0	0.0	0.0	0.0	0.0
164.0	0.0	0.0	0.0	0.0	0.0
165.0	0.0	0.0	0.0	0.0	0.0
166.0	0.0	0.0	0.0	0.0	0.0
167.0	0.0	0.0	0.0	0.0	0.0
168.0	0.0	0.0	0.0	0.0	0.0
169.0	0.0	0.0	0.0	0.0	0.0
170.0	0.0	0.0	0.0	0.0	0.0
171.0	0.0	0.0	0.0	0.0	0.0
172.0	0.0	0.0	0.0	0.0	0.0
173.0	0.0	0.0	0.0	0.0	0.0
174.0	0.0	0.0	0.0	0.0	0.0
175.0	0.0	0.0	0.0	0.0	0.0
176.0	0.0	0.0	0.0	0.0	0.0
177.0	0.0	0.0	0.0	0.0	0.0
178.0	0.0	0.0	0.0	0.0	0.0
179.0	0.0	0.0	0.0	0.0	0.0
180.0	0.0	0.0	0.0	0.0	0.0
181.0	0.0	0.0	0.0	0.0	0.0
182.0	0.0	0.0	0.0	0.0	0.0
183.0	0.0	0.0	0.0	0.0	0.0
184.0	0.0	0.0	0.0	0.0	0.0
185.0	0.0	0.0	0.0	0.0	0.0
186.0	0.0	0.0	0.0	0.0	0.0
187.0	0.0	0.0	0.0	0.0	0.0
188.0	0.0	0.0	0.0	0.0	0.0
189.0	0.0	0.0	0.0	0.0	0.0
190.0	0.0	0.0	0.0	0.0	0.0
191.0	0.0	0.0	0.0	0.0	0.0
192.0	0.0	0.0	0.0	0.0	0.0
193.0	0.0	0.0	0.0	0.0	0.0
194.0	0.0	0.0	0.0	0.0	0.0
195.0	0.0	0.0	0.0	0.0	0.0
196.0	0.0	0.0	0.0	0.0	0.0
197.0	0.0	0.0	0.0	0.0	0.0
198.0	0.0	0.0	0.0	0.0	0.0
199.0	0.0	0.0	0.0	0.0	0.0
200.0	0.0	0.0	0.0	0.0	0.0
201.0	0.0	0.0	0.0	0.0	0.0
202.0	0.0	0.0	0.0	0.0	0.0
203.0	0.0	0.0	0.0	0.0	0.0
204.0	0.0	0.0	0.0	0.0	0.0
205.0	0.0	0.0	0.0	0.0	0.0
206.0	0.0	0.0	0.0	0.0	0.0
207.0	0.0	0.0	0.0	0.0	0.0
208.0	0.0	0.0	0.0	0.0	0.0
209.0	0.0	0.0	0.0	0.0	0.0
210.0	0.0	0.0	0.0	0.0	0.0
211.0	0.0	0.0	0.0	0.0	0.0
212.0	0.0	0.0	0.0	0.0	0.0
213.0	0.0	0.0	0.0	0.0	0.0
214.0	0.0	0.0	0.0	0.0	0.0
215.0	0.0	0.0	0.0	0.0	0.0
216.0	0.0	0.0	0.0	0.0	0.0
217.0	0.0	0.0	0.0	0.0	0.0
218.0	0.0	0.0	0.0	0.0	0.0
219.0	0.0	0.0	0.0	0.0	0.0
220.0	0.0	0.0	0.0	0.0	0.0
221.0	0.0	0.0	0.0	0.0	0.0
222.0	0.0	0.0	0.0	0.0	0.0
223.0	0.0	0.0	0.0	0.0	0.0
224.0	0.0	0.0	0.0	0.0	0.0
225.0	0.0	0.0	0.0	0.0	0.0
226.0	0.0	0.0	0.0	0.0	0.0
227.0	0.0	0.0	0.0	0.0	0.0
228.0	0.0	0.0	0.0	0.0	0.0
229.0	0.0	0.0	0.0	0.0	0.0
230.0	0.0	0.0	0.0	0.0	0.0
231.0	0.0	0.0	0.0	0.0	0.0
232.0	0.0	0.0	0.0	0.0	0.0
233.0	0.0	0.0	0.0	0.0	0.0
234.0	0.0	0.0	0.0	0.0	0.0
235.0	0.0	0.0	0.0	0.0	0.0
236.0	0.0	0.0	0.0	0.0	0.0
237.0	0.0	0.0	0.0	0.0	0.0
238.0	0.0	0.0	0.0	0.0	0.0
239.0	0.0	0.0	0.0	0.0	0.0
240.0	0.0	0.0	0.0	0.0	0.0
241.0	0.0	0.0	0.0	0.0	0.0
242.0	0.0	0.0	0.0	0.0	0.0
243.0	0.0	0.0	0.0	0.0	0.0
244.0	0.0	0.0	0.0	0.0	0.0
245.0	0.0	0.0	0.0	0.0	0.0
246.0	0.0	0.0	0.0	0.0	0.0
247.0	0.0	0.0	0.0	0.0	0.0
248.0	0.0	0.0	0.0	0.0	0.0
249.0	0.0	0.0	0.0	0.0	0.0
250.0	0.0	0.0	0.0	0.0	0.0
251.0	0.0	0.0	0.0	0.0	0.0
252.0	0.0	0.0	0.0	0.0	0.0
253.0	0.0	0.0	0.0	0.0	0.0
254.0	0.0	0.0	0.0	0.0	0.0
255.0	0.0	0.0	0.0	0.0	0.0
256.0	0.0	0.0	0.0	0.0	0.0
257.0	0.0	0.0	0.0	0.0	0.0
258.0	0.0	0.0	0.0	0.0	0.0
259.0	0.0	0.0	0.0	0.0	0.0
260.0	0.0	0.0	0.0	0.0	0.0
261.0	0.0	0.0	0.0	0.0	0.0
262.0	0.0	0.0	0.0	0.0	0.0
263.0	0.0	0.0	0.0	0.0	0.0
264.0	0.0	0.0	0.0	0.0	0.0
265.0	0.0	0.0	0.0	0.0	0.0
266.0	0.0	0.0	0.0	0.0	0.0
267.0	0.0	0.0	0.0	0.0	0.0
268.0	0.0	0.0	0.0	0.0	0.0
269.0	0.0	0.0	0.0	0.0	0.0
270.0	0.0	0.0	0.0	0.0	0.0
271.0	0.0	0.0	0.0	0.0	0.0
272.0	0.0	0.0	0.0	0.0	0.0
273.0	0.0	0.0	0.0	0.0	0.0
274.0	0.0	0.0	0.0	0.0	0.0
275.0	0.0	0.0	0.0	0.0	0.0
276.0	0.0	0.0	0.0	0.0	0.0
277.0	0.0	0.0	0.0	0.0	0.0
278.0	0.0	0.0	0.0	0.0	0.0
279.0	0.0	0.0	0.0	0.0	0.0
280.0	0.0	0.0	0.0	0.0	0.0
281.0	0.0	0.0	0.0	0.0	0.0
282.0	0.0	0.0	0.0	0.0	0.0
283.0	0.0	0.0	0.0	0.0	0.0
284.0	0.0	0.0	0.0	0.0	0.0
285.0	0.0	0.0	0.0	0.0	0.0
286.0	0.0	0.0	0.0	0.0	0.0
287.0	0.0	0.0	0.0	0.0	0.0
288.0	0.0	0.0	0.0	0.0	0.0
289.0	0.0	0.0	0.0	0.0	0.0
290.0	0.0	0.0	0.0	0.0	0.0
291.0	0.0	0.0	0.0	0.0	0.0
292.0	0.0	0.0	0.0	0.0	0.0
293.0	0.0	0.0	0.0	0.0	0.0
294.0	0.0	0.0	0.0	0.0	0.0
295.0	0.0	0.0	0.0	0.0	0.0
296.0	0.0	0.0	0.0	0.0	0.0
297.0	0.0	0.0	0.0	0.0	0.0
298.0	0.0	0.0	0.0	0.0	0.0
299.0	0.0	0.0	0.0	0.0	0.0
300.0	0.0	0.0	0.0	0.0	0.0
301.0	0.0	0.0	0.0	0.0	0.0
302.0	0.0	0.0	0.0	0.0	0.0
303.0	0.0	0.0	0.0	0.0	0.0
304.0	0.0	0.0	0.0	0.0	0.0
305.0	0.0	0.0	0.0	0.0	0.0
306.0	0.0	0.0	0.0	0.0	0.0
307.0	0.0	0.0	0.0	0.0	0.0
308.0	0.0	0.0	0.0	0.0	0.0
309.0	0.0	0.0	0.0	0.0	0.0
310.0	0.0	0.0	0.0	0.0	0.0
311.0	0.0	0.0	0.0	0.0	0.0
312.0	0.0	0.0	0.0	0.0	0.0
313.0	0.0	0.0	0.0	0.0	0.0
314.0	0.0	0.0	0.0	0.0	0.0
315.0	0.0	0.0	0.0	0.0	0.0
316.0	0.0	0.0	0.0	0.0	0.0
317.0	0.0	0.0	0.0	0.0	0.0
318.0	0.0	0.0	0.0	0.0	0.0
319.0	0.0	0.0	0.0	0.0	0.0
320.0	0.0	0.0	0.0	0.0	0.0
321.0	0.0	0.0	0.0	0.0	0.0
322.0	0.0	0.0	0.0	0.0	0.0
323.0	0.0	0.0	0.0	0.0	0.0
324.0	0.0	0.0	0.0	0.0	0.0
325.0	0.0	0.0	0.0	0.0	0.0
326.0	0.0	0.0	0.0	0.0	0.0
327.0	0.0	0.0	0.0	0.0	0.0
328.0	0.0	0.0	0.0	0.0	0.0
329.0	0.0	0.0	0.0	0.0	0.0
330.0	0.0	0.0	0.0	0.0	0.0
331.0	0.0	0.0	0.0	0.0	0.0
332.0	0.0	0.0	0.0	0.0	0.0
333.0	0.0	0.0	0.0	0.0	0.0
334.0	0.0	0.0	0.0	0.0	0.0
335.0	0.0	0.0	0.0	0.0	0.0
336.0	0.0	0.0	0.0	0.0	0.0
337.0	0.0	0.0	0.0	0.0	0.0
338.0	0.0	0.0	0.0	0.0	0.0
339.0	0.0	0.0	0.0	0.0	0.0
340.0	0.0	0.0	0.0	0.0	0.0
341.0	0.0	0.0	0.0	0.0	0.0
342.0	0.0	0.0	0.0	0.0	0.0
343.0	0.0	0.0	0.0	0.0	0.0
344.0	0.0	0.0	0.0	0.0	0.0
345.0	0.0	0.0	0.0	0.0	0.0
346.0	0.0	0.0	0.0	0.0	0.0
347.0	0.0	0.0	0.0	0.0	0.0
348.0	0.0	0.0	0.0	0.0	0.0
349.0	0.0	0.0	0.0	0.0	0.0
350.0	0.0	0.0	0.0	0.0	0.0
351.0	0.0	0.0	0.0	0.0	0.0
352.0	0.0	0.0	0.0	0.0	0.0
353.0	0.0	0.0	0.0	0.0	0.0
354.0	0.0	0.0	0.0	0.0	0.0
355.0	0.0	0.0	0.0	0.0	0.0
356.0	0.0	0.0	0.0	0.0	0.0
357.0	0.0	0.0	0.0	0.0	0.0
358.0	0.0	0.0	0.0	0.0	0.0
359.0	0.0	0.0	0.0	0.0	0.0
360.0	0.0	0.0	0.0	0.0	0.0
361.0	0.0	0.0	0.0	0.0	0.0
362.0	0.0	0.0	0.0	0.0	0.0
363.0	0.0	0.0	0.0	0.0	0.0
364.0	0.0	0.0	0.0	0.0	0.0
365.0	0.0	0.0	0.0	0.0	0.0
366.0	0.0	0.0	0.0	0.0	0.0
367.0	0.0	0.0	0.0	0.0	0.0
368.0	0.0	0.0	0.0	0.0	0.0
369.0	0.0	0.0	0.0	0.0	0.0
370.0	0.0	0.0	0.0	0.0	0.0
371.0	0.0	0.0	0.0	0.0	0.0
372.0	0.0	0.0	0.0	0.0	0.0
373.0	0.0	0.0	0.0	0.0	0.0
374.0	0.0	0.0	0.0	0.0	0.0
375.0	0.0	0.0	0.0	0.0	0.0
376.0	0.0	0.0	0.0	0.0	0.0
377.0	0.0	0.0	0.0	0.0	0.0
378.0	0.0	0.0	0.0	0.0	0.0
379.0	0.0	0.0	0.0	0.0	0.0
380.0	0.0	0.0	0.0	0.0	0.0
381.0	0.0	0.0	0.0	0.0	0.0
382.0	0.0	0.0	0.0	0.0	0.0
383.0	0.0	0.0	0.0	0.0	0.0
384.0	0.0	0.0	0.0	0.0	0.0
385.0	0.0	0.0	0.0	0.0	0.0
386.0	0.0	0.0	0.0	0.0	0.0
387.0	0.0	0.0	0.0	0.0	0.0
388.0	0.0	0.0	0.0	0.0	0.0
389.0	0.0	0.0	0.0	0.0	0.0
390.0	0.0	0.0	0.0	0.0	0.0
391.0	0.0	0.0	0.0	0.0	0.0
392.0	0.0	0.0	0.0	0.0	0.0
393.0	0.0	0.0	0.0	0.0	0.0
394.0	0.0	0.0	0.0	0.0	0.0
395.0	0.0	0.0	0.0	0.0	0.0
396.0	0.0	0.0	0.0	0.0	0.0
397.0	0.0	0.0	0.0	0.0	0.0
398.0	0.0	0.0	0.0	0.0	0.0
399.0	0.0	0.0	0.0	0.0	0.0
400.0	0.0	0.0	0.0	0.0	0.0
401.0	0.0	0.0	0.0	0.0	0.0
402.0	0.0	0.0	0.0	0.0	0.0
403.0	0.0	0.0	0.0	0.0	0.0
404.0	0.0	0.0	0.0	0.0	0.0
405.0	0.0	0.0	0.0	0.0	0.0
406.0	0.0	0.0	0.0	0.0	0.0
407.0	0.0	0.0	0.0	0.0	0.0
408.0	0.0	0.0	0.0	0.0	0.0
409.0	0.0	0.0	0.0	0.0	0.0
410.0	0.0	0.0	0.0	0.0	0.0
411.0	0.0	0.0	0.0	0.0	0.0
412.0	0.0	0.0	0.0	0.0	0.0
413.0	0.0	0.0	0.0	0.0	0.0
414.0	0.0	0.0	0.0	0.0	0.0
415.0	0.0	0.0	0.0	0.0	0.0
416.0	0.0	0.0	0.0	0.0	0.0
417.0	0.0	0.0	0.0	0.0	0.0
418.0	0.0	0.0	0.0	0.0	0.0
419.0	0.0	0.0	0.0	0.0	0.0
420.0	0.0	0.0	0.0	0.0	0.0
421.0	0.0	0.0	0.0	0.0	0.0
422.0	0.0	0.0	0.0	0.0	0.0
423.0	0.0	0.0	0.0	0.0	0.0
424.0	0.0	0.0	0.0	0.0	0.0
425.0	0.0	0.0	0.0	0.0	0.0
426.0	0.0	0.0	0.0	0.0	0.0
427.0	0.0	0.0	0.0	0.0	0.0
428.0	0.0	0.0	0.0	0.0	0.0
429.0	0.0	0.0	0.0	0.0	0.0
430.0	0.0	0.0	0.0	0.0	0.0
431.0	0.0	0.0	0.0	0.0	0.0
432.0	0.0	0.0	0.0	0.0	0.0
433.0	0.0	0.0	0.0	0.0	0.0
434.0	0.0	0.0	0.0	0.0	0.0
435.0	0.0	0.0	0.0	0.0	0.0
436.0	0.0	0.0	0.0	0.0	0.0
437.0	0.0	0.0	0.0	0.0	0.0
438.0	0.0	0.0	0.0	0.0	0.0
439.0	0.0	0.0	0.0	0.0	0.0
440.0	0.0	0.0	0.0	0.0	0.0
441.0	0.0	0.0	0.0	0.0	0.0
442.0	0.0	0.0	0.0	0.0	0.0
443.0	0.0	0.0	0.0	0.0	0.0
444.0	0.0	0.0	0.0	0.0	0.0
445.0	0.0	0.0	0.0	0.0	0.0
446.0	0.0	0.0	0.0	0.0	0.0
447.0	0.0	0.0	0.0	0.0	0.0
448.0	0.0	0.0	0.0	0.0	0.0
449.0	0.0	0.0	0.0	0.0	0.0
450.0	0.0	0.0	0.0	0.0	0.0
451.0	0.0	0.0	0.0	0.0	0.0
452.0	0.0	0.0	0.0	0.0	0.0
453.0	0.0	0.0	0.0	0.0	0.0
454.0	0.0	0.0	0.0	0.0	0.0
455.0	0.0	0.0	0.0	0.0	0.0
456.0	0.0	0.0	0.0	0.0	0.0
457.0	0.0	0.0	0.0	0.0	0.0
458.0	0.0	0.0	0.0	0.0	0.0
459.0	0.0	0.0	0.0	0.0	0.0
460.0	0.0	0.0	0.0	0.0	0.0
461.0	0.0	0.0	0.0	0.0	0.0
462.0	0.0	0.0	0.0	0.0	0.0
463.0	0.0	0.0	0.0	0.0	0.0
464.0	0.0	0.0	0.0	0.0	0.0
465.0	0.0	0.0	0.0	0.0	0.0
466.0	0.0	0.0	0.0	0.0	0.0
467.0	0.0	0.0	0.0	0.0	0.0
468.0	0.0	0.0	0.0	0.0	0.0
469.0	0.0	0.0	0.0	0.0	0.0
470.0	0.0	0.0	0.0	0.0	0.0
471.0	0.0	0.0	0.0	0.0	0.0
472.0	0.0	0.0	0.0	0.0	0.0
473.0	0.0	0.0	0.0	0.0	0.0
474.0	0.0	0.0	0.0	0.0	0.0
475.0	0.0	0.0	0.0	0.0	0.0
476.0	0.0	0.0	0.0	0.0	0.0
477.0	0.0	0.0	0.0	0.0	0.0
478.0	0.0	0.0	0.0	0.0	0.0
479.0	0.0	0.0	0.0	0.0	0.0
480.0	0.0	0.0	0.0	0.0	0.0
481.0	0.0	0.0	0.0	0.0	0.0
482.0	0.0	0.0	0.0	0.0	0.0
483.0	0.0	0.0	0.0	0.0	0.0
484.0	0.0	0.0	0.0	0.0	0.0
485.0	0.0	0.0	0.0	0.0	0.0
486.0	0.0	0.0	0.0	0.0	0.0
487.0	0.0	0.0	0.0	0.0	0.0
488.0	0.0	0.0	0.0	0.0	0.0
489.0	0.0	0.0	0.0	0.0	0.0
490.0	0.0	0.0	0.0	0.0	0.0
491.0	0.0	0.0	0.0	0.0	0.0
492.0	0.0	0.0	0.0	0.0	0.0
493.0	0.0	0.0	0.0	0.0	0.0
494.0	0.0	0.0	0.0	0.0	0.0
495.0	0.0	0.0	0.0	0.0	0.0
496.0	0.0	0.0	0.0	0.0	0.0
497.0	0.0	0.0	0.0	0.0	0.0
498.0	0.0	0.0	0.0	0.0	0.0
499.0	0.0	0.0	0.0	0.0	0.0
500.0	0.0	0.0	0.0	0.0	0.0
