0.0	0.0009765625	0.0009765625	0.0009765625	0.0009765625	0.0009765625
0.0125	0.011298828125	0.01849609375	0.02673828125	0.0023046875	0.009248046875
0.025	0.153154296875	0.132431640625	0.1937109375	0.167392578125	0.18720703125
0.0375	0.36744140625	0.3915625	0.4055859375	0.363916015625	0.27923828125
0.05	0.487646484375	0.535009765625	0.57408203125	0.449833984375	0.47484375
0.0625	0.628251953125	0.668466796875	0.63595703125	0.616982421875	0.5437109375
0.075	0.741005859375	0.7472265625	0.6778515625	0.676171875	0.619775390625
0.0875	0.76716796875	0.76560546875	0.79189453125	0.68310546875	0.66654296875
0.1	0.83537109375	0.837783203125	0.831640625	0.747412109375	0.70064453125
0.1125	0.869814453125	0.868818359375	0.826044921875	0.771123046875	0.726640625
0.125	0.89234375	0.89162109375	0.881640625	0.79478515625	0.749296875
0.1375	0.9144921875	0.9140234375	0.90060546875	0.812705078125	0.77470703125
0.15	0.930791015625	0.926611328125	0.9115625	0.828955078125	0.791357421875
0.1625	0.94107421875	0.940048828125	0.9246875	0.839453125	0.804853515625
0.175	0.948837890625	0.95154296875	0.931435546875	0.85078125	0.819599609375
0.1875	0.958828125	0.9578515625	0.937080078125	0.86091796875	0.832060546875
0.2	0.964609375	0.964501953125	0.9423828125	0.870205078125	0.841220703125
0.2125	0.971142578125	0.97107421875	0.94451171875	0.878251953125	0.85234375
0.225	0.973828125	0.975244140625	0.9471875	0.8852734375	0.856650390625
0.2375	0.9777734375	0.978212890625	0.94845703125	0.88798828125	0.865625
0.25	0.981728515625	0.982158203125	0.952548828125	0.895234375	0.872802734375
0.2625	0.9847265625	0.983603515625	0.95251953125	0.9026953125	0.88099609375
0.275	0.986201171875	0.985859375	0.951962890625	0.902255859375	0.88830078125
0.2875	0.988408203125	0.9887890625	0.95408203125	0.908955078125	0.891767578125
0.3	0.989150390625	0.98966796875	0.95265625	0.912080078125	0.895830078125
0.3125	0.991025390625	0.99130859375	0.95310546875	0.917060546875	0.901767578125
0.325	0.992421875	0.9920703125	0.955556640625	0.920537109375	0.90533203125
0.3375	0.99326171875	0.993193359375	0.95583984375	0.92189453125	0.90802734375
0.35	0.9940234375	0.994560546875	0.95302734375	0.9267578125	0.91177734375
0.3625	0.99482421875	0.99501953125	0.953154296875	0.928740234375	0.91724609375
0.375	0.995712890625	0.995693359375	0.95640625	0.93056640625	0.919912109375
0.3875	0.995830078125	0.996435546875	0.956328125	0.932587890625	0.92384765625
0.4	0.99666015625	0.996650390625	0.95201171875	0.935234375	0.925703125
