0.96484375	0.0	0.0	0.0	0.0	0.0	0.0	0.0	0.0	0.0	0.0	0.0	0.0	0.0	0.0	0.0	0.0	0.0	0.0	0.0	0.0	0.0	0.0	0.0	0.0	0.0	0.0	0.0	0.0	0.0	0.0	0.0	0.0	0.0	0.0	0.0	0.0	0.0	0.0	0.0	0.0
0.96484375	0.962451171875	0.0	0.0	0.0	0.0	0.0	0.0	0.0	0.0	0.0	0.0	0.0	0.0	0.0	0.0	0.0	0.0	0.0	0.0	0.0	0.0	0.0	0.0	0.0	0.0	0.0	0.0	0.0	0.0	0.0	0.0	0.0	0.0	0.0	0.0	0.0	0.0	0.0	0.0	0.0
0.96484375	0.962421875	0.962421875	0.0	0.0	0.0	0.0	0.0	0.0	0.0	0.0	0.0	0.0	0.0	0.0	0.0	0.0	0.0	0.0	0.0	0.0	0.0	0.0	0.0	0.0	0.0	0.0	0.0	0.0	0.0	0.0	0.0	0.0	0.0	0.0	0.0	0.0	0.0	0.0	0.0	0.0
0.96484375	0.96240234375	0.96240234375	0.96240234375	0.0	0.0	0.0	0.0	0.0	0.0	0.0	0.0	0.0	0.0	0.0	0.0	0.0	0.0	0.0	0.0	0.0	0.0	0.0	0.0	0.0	0.0	0.0	0.0	0.0	0.0	0.0	0.0	0.0	0.0	0.0	0.0	0.0	0.0	0.0	0.0	0.0
0.96484375	0.961640625	0.962421875	0.96244140625	0.96240234375	0.0	0.0	0.0	0.0	0.0	0.0	0.0	0.0	0.0	0.0	0.0	0.0	0.0	0.0	0.0	0.0	0.0	0.0	0.0	0.0	0.0	0.0	0.0	0.0	0.0	0.0	0.0	0.0	0.0	0.0	0.0	0.0	0.0	0.0	0.0	0.0
0.96484375	0.926982421875	0.9623828125	0.962412109375	0.962421875	0.9624609375	0.0	0.0	0.0	0.0	0.0	0.0	0.0	0.0	0.0	0.0	0.0	0.0	0.0	0.0	0.0	0.0	0.0	0.0	0.0	0.0	0.0	0.0	0.0	0.0	0.0	0.0	0.0	0.0	0.0	0.0	0.0	0.0	0.0	0.0	0.0
0.96484375	0.9621875	0.96240234375	0.96240234375	0.962421875	0.96248046875	0.96244140625	0.0	0.0	0.0	0.0	0.0	0.0	0.0	0.0	0.0	0.0	0.0	0.0	0.0	0.0	0.0	0.0	0.0	0.0	0.0	0.0	0.0	0.0	0.0	0.0	0.0	0.0	0.0	0.0	0.0	0.0	0.0	0.0	0.0	0.0
0.96484375	0.961435546875	0.96240234375	0.96240234375	0.962431640625	0.962412109375	0.96240234375	0.96248046875	0.0	0.0	0.0	0.0	0.0	0.0	0.0	0.0	0.0	0.0	0.0	0.0	0.0	0.0	0.0	0.0	0.0	0.0	0.0	0.0	0.0	0.0	0.0	0.0	0.0	0.0	0.0	0.0	0.0	0.0	0.0	0.0	0.0
0.96484375	0.931220703125	0.941181640625	0.962421875	0.96240234375	0.962421875	0.9624609375	0.962490234375	0.96244140625	0.0	0.0	0.0	0.0	0.0	0.0	0.0	0.0	0.0	0.0	0.0	0.0	0.0	0.0	0.0	0.0	0.0	0.0	0.0	0.0	0.0	0.0	0.0	0.0	0.0	0.0	0.0	0.0	0.0	0.0	0.0	0.0
0.96484375	0.961845703125	0.96240234375	0.96240234375	0.962177734375	0.9624609375	0.96240234375	0.962568359375	0.9624609375	0.962607421875	0.0	0.0	0.0	0.0	0.0	0.0	0.0	0.0	0.0	0.0	0.0	0.0	0.0	0.0	0.0	0.0	0.0	0.0	0.0	0.0	0.0	0.0	0.0	0.0	0.0	0.0	0.0	0.0	0.0	0.0	0.0
0.96484375	0.900302734375	0.9617578125	0.96240234375	0.96240234375	0.962412109375	0.962421875	0.962548828125	0.96248046875	0.96251953125	0.962509765625	0.0	0.0	0.0	0.0	0.0	0.0	0.0	0.0	0.0	0.0	0.0	0.0	0.0	0.0	0.0	0.0	0.0	0.0	0.0	0.0	0.0	0.0	0.0	0.0	0.0	0.0	0.0	0.0	0.0	0.0
0.96484375	0.9025390625	0.942783203125	0.96240234375	0.96240234375	0.96240234375	0.962509765625	0.962431640625	0.96255859375	0.92404296875	0.961689453125	0.92322265625	0.0	0.0	0.0	0.0	0.0	0.0	0.0	0.0	0.0	0.0	0.0	0.0	0.0	0.0	0.0	0.0	0.0	0.0	0.0	0.0	0.0	0.0	0.0	0.0	0.0	0.0	0.0	0.0	0.0
0.96484375	0.869228515625	0.962412109375	0.96240234375	0.96240234375	0.96240234375	0.962421875	0.962451171875	0.96251953125	0.96248046875	0.96169921875	0.961728515625	0.96166015625	0.0	0.0	0.0	0.0	0.0	0.0	0.0	0.0	0.0	0.0	0.0	0.0	0.0	0.0	0.0	0.0	0.0	0.0	0.0	0.0	0.0	0.0	0.0	0.0	0.0	0.0	0.0	0.0
0.96484375	0.903662109375	0.907236328125	0.96240234375	0.96240234375	0.96240234375	0.962412109375	0.962470703125	0.923984375	0.9625	0.961806640625	0.9616796875	0.96162109375	0.961455078125	0.0	0.0	0.0	0.0	0.0	0.0	0.0	0.0	0.0	0.0	0.0	0.0	0.0	0.0	0.0	0.0	0.0	0.0	0.0	0.0	0.0	0.0	0.0	0.0	0.0	0.0	0.0
0.96484375	0.927568359375	0.94603515625	0.96240234375	0.96240234375	0.96244140625	0.96240234375	0.96244140625	0.9625	0.961484375	0.961630859375	0.961552734375	0.961708984375	0.960927734375	0.0653515625	0.0	0.0	0.0	0.0	0.0	0.0	0.0	0.0	0.0	0.0	0.0	0.0	0.0	0.0	0.0	0.0	0.0	0.0	0.0	0.0	0.0	0.0	0.0	0.0	0.0	0.0
0.96484375	0.950419921875	0.916162109375	0.96240234375	0.96240234375	0.96240234375	0.962421875	0.96248046875	0.96251953125	0.961513671875	0.96123046875	0.96169921875	0.9615234375	0.896279296875	0.3269140625	0.0007421875	0.0	0.0	0.0	0.0	0.0	0.0	0.0	0.0	0.0	0.0	0.0	0.0	0.0	0.0	0.0	0.0	0.0	0.0	0.0	0.0	0.0	0.0	0.0	0.0	0.0
0.96484375	0.929267578125	0.93580078125	0.9578515625	0.94837890625	0.962412109375	0.962431640625	0.96244140625	0.9611328125	0.961279296875	0.961484375	0.961455078125	0.96146484375	0.908671875	0.501962890625	0.00068359375	0.00041015625	0.0	0.0	0.0	0.0	0.0	0.0	0.0	0.0	0.0	0.0	0.0	0.0	0.0	0.0	0.0	0.0	0.0	0.0	0.0	0.0	0.0	0.0	0.0	0.0
0.96484375	0.9524609375	0.88935546875	0.90060546875	0.96244140625	0.962421875	0.9624609375	0.962451171875	0.961435546875	0.961494140625	0.88447265625	0.961494140625	0.926279296875	0.912607421875	0.0006640625	0.000517578125	0.00041015625	0.000380859375	0.0	0.0	0.0	0.0	0.0	0.0	0.0	0.0	0.0	0.0	0.0	0.0	0.0	0.0	0.0	0.0	0.0	0.0	0.0	0.0	0.0	0.0	0.0
0.96484375	0.9247265625	0.93072265625	0.912412109375	0.942880859375	0.92603515625	0.9624609375	0.9625	0.961181640625	0.961181640625	0.96130859375	0.96123046875	0.920908203125	0.897236328125	0.027177734375	0.00041015625	0.00041015625	0.000458984375	0.00048828125	0.0	0.0	0.0	0.0	0.0	0.0	0.0	0.0	0.0	0.0	0.0	0.0	0.0	0.0	0.0	0.0	0.0	0.0	0.0	0.0	0.0	0.0
0.96484375	0.96162109375	0.910244140625	0.908232421875	0.958955078125	0.962421875	0.9240234375	0.962431640625	0.961162109375	0.961396484375	0.96126953125	0.915927734375	0.912529296875	0.617392578125	0.00091796875	0.000419921875	0.000380859375	0.000400390625	0.0004296875	0.00046875	0.0	0.0	0.0	0.0	0.0	0.0	0.0	0.0	0.0	0.0	0.0	0.0	0.0	0.0	0.0	0.0	0.0	0.0	0.0	0.0	0.0
0.96484375	0.8435546875	0.933369140625	0.901904296875	0.9248046875	0.962412109375	0.962421875	0.9609765625	0.92279296875	0.961005859375	0.961162109375	0.91298828125	0.88880859375	0.273662109375	0.000302734375	0.000361328125	0.000400390625	0.000400390625	0.000458984375	0.000419921875	0.00041015625	0.0	0.0	0.0	0.0	0.0	0.0	0.0	0.0	0.0	0.0	0.0	0.0	0.0	0.0	0.0	0.0	0.0	0.0	0.0	0.0
0.96484375	0.929326171875	0.8725390625	0.96228515625	0.884990234375	0.96240234375	0.962421875	0.96083984375	0.96099609375	0.96126953125	0.833427734375	0.892216796875	0.240224609375	0.000361328125	0.00033203125	0.00044921875	0.000380859375	0.000400390625	0.0004296875	0.000400390625	1.953125e-5	9.765625e-6	0.0	0.0	0.0	0.0	0.0	0.0	0.0	0.0	0.0	0.0	0.0	0.0	0.0	0.0	0.0	0.0	0.0	0.0	0.0
0.96484375	0.841826171875	0.928076171875	0.9350390625	0.888173828125	0.924140625	0.962421875	0.9608984375	0.960927734375	0.789140625	0.829658203125	0.0008984375	0.308310546875	0.00033203125	0.00029296875	0.00033203125	0.00041015625	0.00041015625	2.9296875e-5	9.765625e-6	1.953125e-5	9.765625e-6	0.0	0.0	0.0	0.0	0.0	0.0	0.0	0.0	0.0	0.0	0.0	0.0	0.0	0.0	0.0	0.0	0.0	0.0	0.0
0.96484375	0.9612890625	0.924765625	0.78919921875	0.9620703125	0.9241796875	0.96091796875	0.96060546875	0.961162109375	0.69416015625	0.70306640625	0.0008203125	0.000322265625	0.000400390625	0.0003515625	0.0003125	0.000361328125	0.000400390625	1.953125e-5	2.9296875e-5	9.765625e-6	9.765625e-6	1.953125e-5	9.765625e-6	0.0	0.0	0.0	0.0	0.0	0.0	0.0	0.0	0.0	0.0	0.0	0.0	0.0	0.0	0.0	0.0	0.0
0.96484375	0.901474609375	0.91091796875	0.897177734375	0.8798828125	0.88583984375	0.96078125	0.96056640625	0.961044921875	0.67005859375	0.000849609375	0.000439453125	0.000361328125	0.000419921875	0.00044921875	0.000380859375	0.0004296875	0.0	0.0	1.953125e-5	9.765625e-6	0.0	9.765625e-6	0.0	9.765625e-6	0.0	0.0	0.0	0.0	0.0	0.0	0.0	0.0	0.0	0.0	0.0	0.0	0.0	0.0	0.0	0.0
0.96484375	0.949384765625	0.9390234375	0.76296875	0.233203125	0.79841796875	0.883984375	0.960380859375	0.000947265625	0.354609375	0.001005859375	0.000390625	0.0004296875	0.00048828125	0.000419921875	0.0004296875	0.0	1.953125e-5	9.765625e-6	0.0	0.0	0.0	1.953125e-5	0.0	0.0	0.0	0.0	0.0	0.0	0.0	0.0	0.0	0.0	0.0	0.0	0.0	0.0	0.0	0.0	0.0	0.0
0.96484375	0.9368359375	0.8776171875	0.448349609375	0.165791015625	0.15404296875	0.449130859375	0.853388671875	0.000771484375	0.000966796875	0.000380859375	0.000322265625	0.000478515625	0.000341796875	0.00044921875	0.0	9.765625e-6	9.765625e-6	9.765625e-6	9.765625e-6	0.0	0.0	0.0	1.953125e-5	2.9296875e-5	9.765625e-6	1.953125e-5	0.0	0.0	0.0	0.0	0.0	0.0	0.0	0.0	0.0	0.0	0.0	0.0	0.0	0.0
0.96484375	0.92556640625	0.914365234375	0.308994140625	0.186064453125	0.25818359375	0.38017578125	0.00099609375	0.000966796875	0.000439453125	0.000478515625	0.000341796875	0.000439453125	3.90625e-5	0.0	9.765625e-6	1.953125e-5	0.0	0.0	2.9296875e-5	0.0	0.0	2.9296875e-5	0.0	0.0	1.953125e-5	2.9296875e-5	1.953125e-5	0.0	0.0	0.0	0.0	0.0	0.0	0.0	0.0	0.0	0.0	0.0	0.0	0.0
0.96484375	0.9208984375	0.818017578125	0.462705078125	0.158388671875	0.076962890625	0.4053125	0.000439453125	0.001171875	0.000634765625	0.000498046875	0.000439453125	0.00037109375	7.8125e-5	6.8359375e-5	0.0	1.953125e-5	9.765625e-6	2.9296875e-5	9.765625e-6	9.765625e-6	0.0	1.953125e-5	1.953125e-5	1.953125e-5	0.0	9.765625e-6	2.9296875e-5	0.0	0.0	0.0	0.0	0.0	0.0	0.0	0.0	0.0	0.0	0.0	0.0	0.0
0.96484375	0.922958984375	0.858271484375	0.00783203125	0.002744140625	0.065234375	0.00044921875	0.000693359375	0.0004296875	0.000595703125	0.000419921875	0.00044921875	9.765625e-6	5.859375e-5	0.0001171875	0.0	9.765625e-6	0.0	1.953125e-5	9.765625e-6	1.953125e-5	9.765625e-6	0.0	0.0	9.765625e-6	0.0	2.9296875e-5	1.953125e-5	0.0	1.953125e-5	0.0	0.0	0.0	0.0	0.0	0.0	0.0	0.0	0.0	0.0	0.0
0.96484375	0.87978515625	0.812314453125	0.007021484375	0.00345703125	0.005810546875	0.00083984375	0.000478515625	0.00025390625	0.0005859375	0.000537109375	2.9296875e-5	8.7890625e-5	3.90625e-5	6.8359375e-5	3.90625e-5	9.765625e-6	9.765625e-6	9.765625e-6	9.765625e-6	9.765625e-6	0.0	9.765625e-6	9.765625e-6	9.765625e-6	9.765625e-6	1.953125e-5	9.765625e-6	0.0	9.765625e-6	9.765625e-6	0.0	0.0	0.0	0.0	0.0	0.0	0.0	0.0	0.0	0.0
0.96484375	0.920380859375	0.142158203125	0.006611328125	0.002529296875	0.00080078125	0.000947265625	0.00060546875	0.00037109375	0.0001171875	0.000146484375	2.9296875e-5	4.8828125e-5	9.765625e-5	4.8828125e-5	7.8125e-5	9.765625e-6	0.0	0.0	2.9296875e-5	9.765625e-6	9.765625e-6	1.953125e-5	0.0	9.765625e-6	0.0	0.0	0.0	9.765625e-6	0.0	0.0	1.953125e-5	0.0	0.0	0.0	0.0	0.0	0.0	0.0	0.0	0.0
0.96484375	0.95625	0.00677734375	0.0018359375	0.000771484375	0.000615234375	0.00080078125	0.00044921875	0.0004296875	0.000185546875	0.000126953125	7.8125e-5	5.859375e-5	1.953125e-5	9.765625e-6	4.8828125e-5	9.765625e-6	9.765625e-6	3.90625e-5	0.0	9.765625e-6	0.0	1.953125e-5	0.0	2.9296875e-5	2.9296875e-5	0.0	0.0	9.765625e-6	0.0	0.0	1.953125e-5	9.765625e-6	0.0	0.0	0.0	0.0	0.0	0.0	0.0	0.0
0.96484375	0.90650390625	0.008154296875	0.001181640625	0.000390625	0.00091796875	0.00103515625	0.000390625	0.00044921875	0.00017578125	0.000234375	5.859375e-5	3.90625e-5	8.7890625e-5	4.8828125e-5	1.953125e-5	3.90625e-5	9.765625e-6	9.765625e-6	1.953125e-5	0.0	0.0	9.765625e-6	9.765625e-6	3.90625e-5	9.765625e-6	9.765625e-6	9.765625e-6	0.0	9.765625e-6	1.953125e-5	0.0	9.765625e-6	9.765625e-6	0.0	0.0	0.0	0.0	0.0	0.0	0.0
0.96484375	0.9595703125	0.00619140625	0.00134765625	0.00064453125	0.00072265625	0.001064453125	0.00037109375	0.000283203125	0.0001171875	0.00013671875	0.00015625	3.90625e-5	2.9296875e-5	2.9296875e-5	4.8828125e-5	3.90625e-5	3.90625e-5	0.0	9.765625e-6	9.765625e-6	9.765625e-6	0.0	9.765625e-6	1.953125e-5	9.765625e-6	0.0	0.0	1.953125e-5	9.765625e-6	0.0	0.0	9.765625e-6	0.0	9.765625e-6	0.0	0.0	0.0	0.0	0.0	0.0
0.96484375	0.736689453125	0.001259765625	0.00064453125	0.0012890625	0.00103515625	0.00064453125	0.00048828125	0.00041015625	0.0001171875	0.000166015625	0.0001953125	4.8828125e-5	2.9296875e-5	7.8125e-5	5.859375e-5	5.859375e-5	4.8828125e-5	9.765625e-6	0.0	0.0	1.953125e-5	1.953125e-5	0.0	0.0	9.765625e-6	0.0	9.765625e-6	1.953125e-5	9.765625e-6	0.0	9.765625e-6	9.765625e-6	0.0	1.953125e-5	9.765625e-6	0.0	0.0	0.0	0.0	0.0
0.96484375	0.006591796875	0.00087890625	0.0009375	0.000625	0.0008203125	0.000556640625	0.000595703125	0.000283203125	0.00048828125	0.00017578125	0.0001171875	0.0001953125	0.000107421875	6.8359375e-5	5.859375e-5	4.8828125e-5	6.8359375e-5	1.953125e-5	0.0	9.765625e-6	1.953125e-5	0.0	9.765625e-6	9.765625e-6	9.765625e-6	1.953125e-5	9.765625e-6	0.0	0.0	2.9296875e-5	0.0	9.765625e-6	9.765625e-6	1.953125e-5	1.953125e-5	9.765625e-6	0.0	0.0	0.0	0.0
0.96484375	0.001533203125	0.000830078125	0.000517578125	0.000419921875	0.000595703125	0.000546875	0.00056640625	0.00037109375	0.000244140625	0.000244140625	0.000146484375	0.00015625	1.953125e-5	5.859375e-5	5.859375e-5	6.8359375e-5	3.90625e-5	5.859375e-5	9.765625e-6	9.765625e-6	0.0	9.765625e-6	0.0	9.765625e-6	1.953125e-5	9.765625e-6	0.0	1.953125e-5	0.0	0.0	9.765625e-6	2.9296875e-5	1.953125e-5	1.953125e-5	1.953125e-5	1.953125e-5	0.0	0.0	0.0	0.0
0.96484375	0.001845703125	0.00060546875	0.000556640625	0.000634765625	0.0009375	0.000849609375	0.00037109375	0.00044921875	0.00041015625	0.000263671875	0.000166015625	0.000205078125	7.8125e-5	8.7890625e-5	8.7890625e-5	5.859375e-5	2.9296875e-5	4.8828125e-5	3.90625e-5	0.0	0.0	9.765625e-6	9.765625e-6	0.0	0.0	9.765625e-6	0.0	1.953125e-5	9.765625e-6	9.765625e-6	9.765625e-6	9.765625e-6	9.765625e-6	9.765625e-6	9.765625e-6	1.953125e-5	0.0	0.0	0.0	0.0
0.96484375	0.0005859375	0.00064453125	0.00044921875	0.000654296875	0.000927734375	0.000673828125	0.000625	0.00033203125	0.000439453125	0.000185546875	0.0001171875	8.7890625e-5	0.00013671875	2.9296875e-5	6.8359375e-5	4.8828125e-5	7.8125e-5	5.859375e-5	1.953125e-5	0.0	0.0	1.953125e-5	0.0	0.0	0.0	9.765625e-6	0.0	0.0	9.765625e-6	0.0	0.0	0.0	0.0	0.0	9.765625e-6	2.9296875e-5	0.0	9.765625e-6	2.9296875e-5	0.0
0.96484375	0.00056640625	0.0005859375	0.000751953125	0.000439453125	0.000576171875	0.000625	0.0005078125	0.0007421875	0.0003125	0.00037109375	0.000185546875	0.00021484375	0.000107421875	4.8828125e-5	5.859375e-5	6.8359375e-5	6.8359375e-5	9.765625e-6	4.8828125e-5	5.859375e-5	0.0	9.765625e-6	9.765625e-6	0.0	9.765625e-6	9.765625e-6	2.9296875e-5	0.0	1.953125e-5	9.765625e-6	0.0	1.953125e-5	1.953125e-5	1.953125e-5	9.765625e-6	1.953125e-5	1.953125e-5	9.765625e-6	0.0	0.0
