0.963134765625	0.0	0.0	0.0	0.0	0.0	0.0	0.0	0.0	0.0	0.0	0.0	0.0	0.0	0.0	0.0	0.0	0.0	0.0	0.0	0.0	0.0	0.0	0.0	0.0	0.0	0.0	0.0	0.0	0.0	0.0	0.0	0.0	0.0	0.0	0.0	0.0	0.0	0.0	0.0	0.0
0.963134765625	0.9619140625	0.0	0.0	0.0	0.0	0.0	0.0	0.0	0.0	0.0	0.0	0.0	0.0	0.0	0.0	0.0	0.0	0.0	0.0	0.0	0.0	0.0	0.0	0.0	0.0	0.0	0.0	0.0	0.0	0.0	0.0	0.0	0.0	0.0	0.0	0.0	0.0	0.0	0.0	0.0
0.963134765625	0.96193359375	0.9619140625	0.0	0.0	0.0	0.0	0.0	0.0	0.0	0.0	0.0	0.0	0.0	0.0	0.0	0.0	0.0	0.0	0.0	0.0	0.0	0.0	0.0	0.0	0.0	0.0	0.0	0.0	0.0	0.0	0.0	0.0	0.0	0.0	0.0	0.0	0.0	0.0	0.0	0.0
0.963134765625	0.96193359375	0.9619140625	0.92345703125	0.0	0.0	0.0	0.0	0.0	0.0	0.0	0.0	0.0	0.0	0.0	0.0	0.0	0.0	0.0	0.0	0.0	0.0	0.0	0.0	0.0	0.0	0.0	0.0	0.0	0.0	0.0	0.0	0.0	0.0	0.0	0.0	0.0	0.0	0.0	0.0	0.0
0.963134765625	0.96189453125	0.96193359375	0.9619140625	0.937177734375	0.0	0.0	0.0	0.0	0.0	0.0	0.0	0.0	0.0	0.0	0.0	0.0	0.0	0.0	0.0	0.0	0.0	0.0	0.0	0.0	0.0	0.0	0.0	0.0	0.0	0.0	0.0	0.0	0.0	0.0	0.0	0.0	0.0	0.0	0.0	0.0
0.963134765625	0.96140625	0.9617578125	0.9619140625	0.9619140625	0.961923828125	0.0	0.0	0.0	0.0	0.0	0.0	0.0	0.0	0.0	0.0	0.0	0.0	0.0	0.0	0.0	0.0	0.0	0.0	0.0	0.0	0.0	0.0	0.0	0.0	0.0	0.0	0.0	0.0	0.0	0.0	0.0	0.0	0.0	0.0	0.0
0.963134765625	0.961943359375	0.9619140625	0.96193359375	0.9619140625	0.9619140625	0.96193359375	0.0	0.0	0.0	0.0	0.0	0.0	0.0	0.0	0.0	0.0	0.0	0.0	0.0	0.0	0.0	0.0	0.0	0.0	0.0	0.0	0.0	0.0	0.0	0.0	0.0	0.0	0.0	0.0	0.0	0.0	0.0	0.0	0.0	0.0
0.963134765625	0.961884765625	0.961943359375	0.9619140625	0.9619140625	0.9619140625	0.961923828125	0.961953125	0.0	0.0	0.0	0.0	0.0	0.0	0.0	0.0	0.0	0.0	0.0	0.0	0.0	0.0	0.0	0.0	0.0	0.0	0.0	0.0	0.0	0.0	0.0	0.0	0.0	0.0	0.0	0.0	0.0	0.0	0.0	0.0	0.0
0.963134765625	0.947900390625	0.96193359375	0.96193359375	0.9619140625	0.9619140625	0.9619140625	0.961943359375	0.961962890625	0.0	0.0	0.0	0.0	0.0	0.0	0.0	0.0	0.0	0.0	0.0	0.0	0.0	0.0	0.0	0.0	0.0	0.0	0.0	0.0	0.0	0.0	0.0	0.0	0.0	0.0	0.0	0.0	0.0	0.0	0.0	0.0
0.963134765625	0.88595703125	0.938486328125	0.934140625	0.96193359375	0.9619140625	0.9619140625	0.923505859375	0.962021484375	0.961962890625	0.0	0.0	0.0	0.0	0.0	0.0	0.0	0.0	0.0	0.0	0.0	0.0	0.0	0.0	0.0	0.0	0.0	0.0	0.0	0.0	0.0	0.0	0.0	0.0	0.0	0.0	0.0	0.0	0.0	0.0	0.0
0.963134765625	0.883798828125	0.961943359375	0.961953125	0.9619140625	0.96193359375	0.961962890625	0.961923828125	0.9619921875	0.961962890625	0.96205078125	0.0	0.0	0.0	0.0	0.0	0.0	0.0	0.0	0.0	0.0	0.0	0.0	0.0	0.0	0.0	0.0	0.0	0.0	0.0	0.0	0.0	0.0	0.0	0.0	0.0	0.0	0.0	0.0	0.0	0.0
0.963134765625	0.910693359375	0.93908203125	0.961923828125	0.96193359375	0.961953125	0.961943359375	0.96193359375	0.961943359375	0.9619921875	0.96109375	0.9611328125	0.0	0.0	0.0	0.0	0.0	0.0	0.0	0.0	0.0	0.0	0.0	0.0	0.0	0.0	0.0	0.0	0.0	0.0	0.0	0.0	0.0	0.0	0.0	0.0	0.0	0.0	0.0	0.0	0.0
0.963134765625	0.9368359375	0.9615625	0.924443359375	0.961953125	0.96193359375	0.961953125	0.961953125	0.961982421875	0.962001953125	0.961162109375	0.96109375	0.961064453125	0.0	0.0	0.0	0.0	0.0	0.0	0.0	0.0	0.0	0.0	0.0	0.0	0.0	0.0	0.0	0.0	0.0	0.0	0.0	0.0	0.0	0.0	0.0	0.0	0.0	0.0	0.0	0.0
0.963134765625	0.93421875	0.9189453125	0.9619140625	0.961953125	0.9619140625	0.96201171875	0.96208984375	0.962041015625	0.961953125	0.961220703125	0.961044921875	0.960625	0.959990234375	0.0	0.0	0.0	0.0	0.0	0.0	0.0	0.0	0.0	0.0	0.0	0.0	0.0	0.0	0.0	0.0	0.0	0.0	0.0	0.0	0.0	0.0	0.0	0.0	0.0	0.0	0.0
0.963134765625	0.896279296875	0.944453125	0.961953125	0.961953125	0.9619140625	0.96201171875	0.962060546875	0.962041015625	0.96134765625	0.9614453125	0.96091796875	0.96099609375	0.95994140625	0.04154296875	0.0	0.0	0.0	0.0	0.0	0.0	0.0	0.0	0.0	0.0	0.0	0.0	0.0	0.0	0.0	0.0	0.0	0.0	0.0	0.0	0.0	0.0	0.0	0.0	0.0	0.0
0.963134765625	0.912021484375	0.89857421875	0.961298828125	0.96193359375	0.961953125	0.961962890625	0.96203125	0.96205078125	0.961162109375	0.961357421875	0.96115234375	0.96080078125	0.89591796875	0.254248046875	0.000517578125	0.0	0.0	0.0	0.0	0.0	0.0	0.0	0.0	0.0	0.0	0.0	0.0	0.0	0.0	0.0	0.0	0.0	0.0	0.0	0.0	0.0	0.0	0.0	0.0	0.0
0.963134765625	0.949580078125	0.949716796875	0.907607421875	0.95111328125	0.962060546875	0.961953125	0.962138671875	0.960458984375	0.96080078125	0.96091796875	0.960947265625	0.961103515625	0.848759765625	0.471767578125	0.00033203125	0.000302734375	0.0	0.0	0.0	0.0	0.0	0.0	0.0	0.0	0.0	0.0	0.0	0.0	0.0	0.0	0.0	0.0	0.0	0.0	0.0	0.0	0.0	0.0	0.0	0.0
0.963134765625	0.888828125	0.9125	0.96033203125	0.96197265625	0.96197265625	0.962021484375	0.96208984375	0.961083984375	0.9609765625	0.9609765625	0.961259765625	0.917802734375	0.906103515625	0.0003125	0.000458984375	0.000302734375	0.000234375	0.0	0.0	0.0	0.0	0.0	0.0	0.0	0.0	0.0	0.0	0.0	0.0	0.0	0.0	0.0	0.0	0.0	0.0	0.0	0.0	0.0	0.0	0.0
0.963134765625	0.895576171875	0.832802734375	0.9130859375	0.9616015625	0.96193359375	0.962099609375	0.96205078125	0.960908203125	0.961416015625	0.961123046875	0.961171875	0.910986328125	0.875341796875	0.000361328125	0.00013671875	0.00029296875	0.00025390625	0.000263671875	0.0	0.0	0.0	0.0	0.0	0.0	0.0	0.0	0.0	0.0	0.0	0.0	0.0	0.0	0.0	0.0	0.0	0.0	0.0	0.0	0.0	0.0
0.963134765625	0.89162109375	0.89455078125	0.961865234375	0.961982421875	0.96203125	0.96205078125	0.96205078125	0.96111328125	0.9609765625	0.961162109375	0.91048828125	0.87302734375	0.572802734375	0.00068359375	0.000234375	0.0002734375	0.0003125	0.000263671875	0.00025390625	0.0	0.0	0.0	0.0	0.0	0.0	0.0	0.0	0.0	0.0	0.0	0.0	0.0	0.0	0.0	0.0	0.0	0.0	0.0	0.0	0.0
0.963134765625	0.9222265625	0.961181640625	0.960419921875	0.930693359375	0.96203125	0.923955078125	0.960048828125	0.96078125	0.96115234375	0.92267578125	0.90720703125	0.87208984375	0.056875	0.000185546875	0.00017578125	0.0003125	0.00029296875	0.000322265625	0.00021484375	0.0002734375	0.0	0.0	0.0	0.0	0.0	0.0	0.0	0.0	0.0	0.0	0.0	0.0	0.0	0.0	0.0	0.0	0.0	0.0	0.0	0.0
0.963134765625	0.961728515625	0.88544921875	0.878427734375	0.85927734375	0.9237890625	0.9621875	0.960185546875	0.96060546875	0.960908203125	0.819287109375	0.874443359375	0.1225	0.000244140625	0.0003515625	0.00017578125	0.00025390625	0.00033203125	0.0002734375	0.000224609375	1.953125e-5	0.0	0.0	0.0	0.0	0.0	0.0	0.0	0.0	0.0	0.0	0.0	0.0	0.0	0.0	0.0	0.0	0.0	0.0	0.0	0.0
0.963134765625	0.9255078125	0.961650390625	0.957998046875	0.88923828125	0.92443359375	0.92373046875	0.960478515625	0.96080078125	0.759345703125	0.82833984375	0.001376953125	0.163115234375	0.000322265625	0.000380859375	0.000244140625	0.000205078125	0.0002734375	0.0	1.953125e-5	9.765625e-6	0.0	9.765625e-6	0.0	0.0	0.0	0.0	0.0	0.0	0.0	0.0	0.0	0.0	0.0	0.0	0.0	0.0	0.0	0.0	0.0	0.0
0.963134765625	0.8575390625	0.941298828125	0.824599609375	0.849169921875	0.962060546875	0.921455078125	0.959794921875	0.96060546875	0.67830078125	0.681298828125	0.00138671875	0.000283203125	0.000322265625	0.000390625	0.000390625	0.0001953125	0.000224609375	0.0	1.953125e-5	1.953125e-5	9.765625e-6	9.765625e-6	9.765625e-6	0.0	0.0	0.0	0.0	0.0	0.0	0.0	0.0	0.0	0.0	0.0	0.0	0.0	0.0	0.0	0.0	0.0
0.963134765625	0.934091796875	0.81875	0.77630859375	0.87662109375	0.96201171875	0.959755859375	0.95982421875	0.96044921875	0.655693359375	0.00134765625	0.000625	0.000556640625	0.000380859375	0.0004296875	0.000302734375	0.00029296875	0.0	9.765625e-6	9.765625e-6	9.765625e-6	9.765625e-6	9.765625e-6	1.953125e-5	9.765625e-6	0.0	0.0	0.0	0.0	0.0	0.0	0.0	0.0	0.0	0.0	0.0	0.0	0.0	0.0	0.0	0.0
0.963134765625	0.94873046875	0.9033203125	0.894384765625	0.3109375	0.885576171875	0.95978515625	0.95958984375	0.001416015625	0.288173828125	0.001220703125	0.000576171875	0.000498046875	0.0003515625	0.00029296875	0.000390625	9.765625e-6	9.765625e-6	9.765625e-6	0.0	9.765625e-6	0.0	2.9296875e-5	9.765625e-6	0.0	1.953125e-5	0.0	0.0	0.0	0.0	0.0	0.0	0.0	0.0	0.0	0.0	0.0	0.0	0.0	0.0	0.0
0.963134765625	0.92412109375	0.924990234375	0.320517578125	0.14111328125	0.31046875	0.454541015625	0.88662109375	0.0012890625	0.00123046875	0.000576171875	0.000625	0.000537109375	0.0005078125	0.000390625	0.0	9.765625e-6	9.765625e-6	1.953125e-5	9.765625e-6	0.0	1.953125e-5	0.0	1.953125e-5	0.0	0.0	2.9296875e-5	0.0	0.0	0.0	0.0	0.0	0.0	0.0	0.0	0.0	0.0	0.0	0.0	0.0	0.0
0.963134765625	0.923642578125	0.952724609375	0.180966796875	0.251474609375	0.305517578125	0.387763671875	0.001025390625	0.00119140625	0.000751953125	0.00048828125	0.0005859375	0.000576171875	9.765625e-6	0.0	9.765625e-6	9.765625e-6	9.765625e-6	0.0	1.953125e-5	0.0	9.765625e-6	9.765625e-6	1.953125e-5	9.765625e-6	9.765625e-6	9.765625e-6	9.765625e-6	0.0	0.0	0.0	0.0	0.0	0.0	0.0	0.0	0.0	0.0	0.0	0.0	0.0
0.963134765625	0.939248046875	0.88763671875	0.36365234375	0.16357421875	0.09369140625	0.436279296875	0.001484375	0.00123046875	0.00064453125	0.0006640625	0.00052734375	0.00052734375	3.90625e-5	8.7890625e-5	1.953125e-5	9.765625e-6	0.0	1.953125e-5	9.765625e-6	1.953125e-5	9.765625e-6	9.765625e-6	2.9296875e-5	9.765625e-6	1.953125e-5	9.765625e-6	0.0	1.953125e-5	0.0	0.0	0.0	0.0	0.0	0.0	0.0	0.0	0.0	0.0	0.0	0.0
0.963134765625	0.92408203125	0.86677734375	0.008271484375	0.00240234375	0.079189453125	0.0016796875	0.00177734375	0.0006640625	0.00068359375	0.0005078125	0.000556640625	3.90625e-5	0.0001171875	9.765625e-5	9.765625e-6	9.765625e-6	9.765625e-6	0.0	1.953125e-5	1.953125e-5	2.9296875e-5	0.0	0.0	0.0	0.0	0.0	1.953125e-5	0.0	0.0	0.0	0.0	0.0	0.0	0.0	0.0	0.0	0.0	0.0	0.0	0.0
0.963134765625	0.887861328125	0.7540234375	0.00642578125	0.002958984375	0.006474609375	0.001455078125	0.0007421875	0.000693359375	0.000634765625	0.000693359375	4.8828125e-5	2.9296875e-5	6.8359375e-5	6.8359375e-5	4.8828125e-5	1.953125e-5	0.0	0.0	0.0	9.765625e-6	0.0	0.0	9.765625e-6	2.9296875e-5	9.765625e-6	0.0	9.765625e-6	2.9296875e-5	9.765625e-6	0.0	0.0	0.0	0.0	0.0	0.0	0.0	0.0	0.0	0.0	0.0
0.963134765625	0.887294921875	0.228984375	0.0066015625	0.0020703125	0.0007421875	0.001552734375	0.000966796875	0.000693359375	0.000166015625	0.000205078125	4.8828125e-5	7.8125e-5	4.8828125e-5	2.9296875e-5	7.8125e-5	9.765625e-6	9.765625e-6	0.0	1.953125e-5	9.765625e-6	9.765625e-6	0.0	9.765625e-6	0.0	9.765625e-6	9.765625e-6	0.0	1.953125e-5	0.0	4.8828125e-5	1.953125e-5	0.0	0.0	0.0	0.0	0.0	0.0	0.0	0.0	0.0
0.963134765625	0.93572265625	0.006513671875	0.001845703125	0.0007421875	0.00083984375	0.000751953125	0.000810546875	0.000419921875	0.00017578125	0.0001171875	2.9296875e-5	4.8828125e-5	2.9296875e-5	4.8828125e-5	3.90625e-5	1.953125e-5	1.953125e-5	9.765625e-6	9.765625e-6	9.765625e-6	1.953125e-5	9.765625e-6	1.953125e-5	9.765625e-6	9.765625e-6	9.765625e-6	9.765625e-6	2.9296875e-5	9.765625e-6	0.0	9.765625e-6	1.953125e-5	0.0	0.0	0.0	0.0	0.0	0.0	0.0	0.0
0.963134765625	0.86734375	0.006689453125	0.001865234375	0.00060546875	0.000673828125	0.001005859375	0.000849609375	0.000419921875	0.00015625	0.000234375	3.90625e-5	7.8125e-5	9.765625e-5	6.8359375e-5	3.90625e-5	1.953125e-5	0.0	9.765625e-6	0.0	9.765625e-6	0.0	0.0	0.0	0.0	0.0	9.765625e-6	9.765625e-6	0.0	0.0	9.765625e-6	0.0	0.0	9.765625e-6	0.0	0.0	0.0	0.0	0.0	0.0	0.0
0.963134765625	0.82759765625	0.0078515625	0.0012890625	0.0006640625	0.000361328125	0.0010546875	0.00033203125	0.000234375	0.000146484375	0.00017578125	0.000126953125	5.859375e-5	6.8359375e-5	4.8828125e-5	8.7890625e-5	2.9296875e-5	5.859375e-5	9.765625e-6	0.0	0.0	9.765625e-6	9.765625e-6	9.765625e-6	2.9296875e-5	9.765625e-6	0.0	1.953125e-5	1.953125e-5	9.765625e-6	0.0	0.0	0.0	0.0	9.765625e-6	0.0	0.0	0.0	0.0	0.0	0.0
0.963134765625	0.755234375	0.0016796875	0.000498046875	0.000712890625	0.000849609375	0.000361328125	0.00025390625	0.000302734375	9.765625e-5	0.00013671875	0.00017578125	9.765625e-5	3.90625e-5	5.859375e-5	8.7890625e-5	4.8828125e-5	6.8359375e-5	0.0	2.9296875e-5	0.0	1.953125e-5	0.0	0.0	1.953125e-5	9.765625e-6	0.0	1.953125e-5	1.953125e-5	2.9296875e-5	9.765625e-6	0.0	0.0	2.9296875e-5	0.0	9.765625e-6	0.0	0.0	0.0	0.0	0.0
0.963134765625	0.00517578125	0.000888671875	0.000478515625	0.000498046875	0.00068359375	0.0006640625	0.000576171875	0.00037109375	0.0003515625	0.0001171875	8.7890625e-5	0.000126953125	3.90625e-5	5.859375e-5	2.9296875e-5	4.8828125e-5	6.8359375e-5	4.8828125e-5	1.953125e-5	9.765625e-6	9.765625e-6	0.0	9.765625e-6	0.0	0.0	9.765625e-6	9.765625e-6	1.953125e-5	0.0	1.953125e-5	5.859375e-5	9.765625e-6	0.0	1.953125e-5	0.0	0.0	0.0	0.0	0.0	0.0
0.963134765625	0.001669921875	0.000634765625	0.00052734375	0.000419921875	0.0007421875	0.00064453125	0.000556640625	0.000283203125	0.000263671875	0.000185546875	0.0001171875	7.8125e-5	9.765625e-6	4.8828125e-5	2.9296875e-5	5.859375e-5	4.8828125e-5	2.9296875e-5	1.953125e-5	0.0	2.9296875e-5	0.0	0.0	9.765625e-6	2.9296875e-5	0.0	1.953125e-5	0.0	9.765625e-6	0.0	0.0	2.9296875e-5	9.765625e-6	1.953125e-5	1.953125e-5	0.0	1.953125e-5	0.0	0.0	0.0
0.963134765625	0.00166015625	0.000888671875	0.000341796875	0.000283203125	0.000537109375	0.000322265625	0.000517578125	0.0002734375	0.000302734375	0.0002734375	9.765625e-5	0.00015625	7.8125e-5	4.8828125e-5	2.9296875e-5	0.000107421875	2.9296875e-5	5.859375e-5	2.9296875e-5	0.0	1.953125e-5	0.0	0.0	0.0	1.953125e-5	0.0	2.9296875e-5	1.953125e-5	0.0	0.0	9.765625e-6	1.953125e-5	0.0	9.765625e-6	0.0	1.953125e-5	0.0	0.0	0.0	0.0
0.963134765625	0.000927734375	0.0005859375	0.000302734375	0.00037109375	0.000458984375	0.000634765625	0.000654296875	0.000400390625	0.000283203125	0.000166015625	0.00013671875	0.000146484375	0.00015625	5.859375e-5	7.8125e-5	2.9296875e-5	1.953125e-5	7.8125e-5	6.8359375e-5	1.953125e-5	1.953125e-5	9.765625e-6	1.953125e-5	9.765625e-6	1.953125e-5	9.765625e-6	9.765625e-6	9.765625e-6	9.765625e-6	9.765625e-6	0.0	1.953125e-5	0.0	9.765625e-6	2.9296875e-5	1.953125e-5	2.9296875e-5	9.765625e-6	0.0	0.0
0.963134765625	0.00072265625	0.00048828125	0.000859375	0.000380859375	0.00078125	0.000732421875	0.000361328125	0.00056640625	0.000419921875	0.00029296875	4.8828125e-5	0.0001171875	0.00017578125	2.9296875e-5	2.9296875e-5	4.8828125e-5	1.953125e-5	0.0	3.90625e-5	3.90625e-5	1.953125e-5	1.953125e-5	9.765625e-6	9.765625e-6	3.90625e-5	0.0	0.0	9.765625e-6	9.765625e-6	9.765625e-6	0.0	0.0	0.0	0.0	9.765625e-6	0.0	0.0	0.0	9.765625e-6	9.765625e-6
