0.000986328125	0.380439453125	0.3791796875	0.381806640625	0.381279296875	0.382568359375	0.379892578125	0.3793359375	0.378603515625	0.384541015625	0.383515625	0.382216796875	0.3773828125	0.3840234375	0.38046875	0.38095703125	0.363583984375	0.381767578125	0.3792578125	0.3794921875	0.38259765625	0.383271484375	0.381142578125	0.383291015625	0.381572265625	0.383466796875	0.369794921875	0.385126953125	0.384658203125	0.386396484375	0.382216796875	0.382529296875	0.383193359375	0.37953125	0.37736328125	0.380859375	0.3797265625	0.3805859375	0.379833984375	0.38294921875	0.38359375
0.00099609375	0.02623046875	0.378994140625	0.3809375	0.384716796875	0.380693359375	0.381630859375	0.3825	0.37947265625	0.3816796875	0.38248046875	0.3794140625	0.382373046875	0.38353515625	0.380087890625	0.381640625	0.3815625	0.381552734375	0.383984375	0.383212890625	0.384384765625	0.38232421875	0.377861328125	0.381240234375	0.378251953125	0.382939453125	0.381572265625	0.382939453125	0.383828125	0.38498046875	0.379990234375	0.386201171875	0.382861328125	0.38091796875	0.382255859375	0.38205078125	0.38064453125	0.38349609375	0.385146484375	0.38041015625	0.383251953125
0.00099609375	0.008466796875	0.02775390625	0.383583984375	0.365908203125	0.380693359375	0.380576171875	0.380029296875	0.38087890625	0.380087890625	0.379052734375	0.380986328125	0.385390625	0.379765625	0.3791796875	0.38140625	0.3839453125	0.381337890625	0.37927734375	0.3821875	0.38193359375	0.381396484375	0.381669921875	0.37853515625	0.384296875	0.379501953125	0.381357421875	0.379326171875	0.382138671875	0.368876953125	0.3805859375	0.381083984375	0.380009765625	0.378681640625	0.38109375	0.3838671875	0.38115234375	0.380625	0.383056640625	0.381103515625	0.38091796875
0.000986328125	0.0103515625	0.01482421875	0.017939453125	0.377880859375	0.380166015625	0.380341796875	0.378330078125	0.38220703125	0.38076171875	0.382333984375	0.38267578125	0.380576171875	0.378759765625	0.380673828125	0.38125	0.380283203125	0.3791796875	0.382822265625	0.380478515625	0.38201171875	0.379716796875	0.381572265625	0.37921875	0.38021484375	0.379384765625	0.380029296875	0.3796484375	0.382763671875	0.3819921875	0.376982421875	0.362333984375	0.383154296875	0.37935546875	0.3805859375	0.38185546875	0.369375	0.384140625	0.382724609375	0.383193359375	0.381708984375
0.0009765625	0.002666015625	0.01041015625	0.017802734375	0.022890625	0.3824609375	0.37892578125	0.38390625	0.382587890625	0.3803515625	0.381171875	0.377431640625	0.36779296875	0.38142578125	0.381337890625	0.38369140625	0.380234375	0.37982421875	0.38208984375	0.38234375	0.383125	0.379306640625	0.384130859375	0.38056640625	0.381328125	0.382392578125	0.383359375	0.38048828125	0.379921875	0.37888671875	0.380546875	0.382548828125	0.37826171875	0.382275390625	0.378349609375	0.38046875	0.380390625	0.384091796875	0.38158203125	0.38013671875	0.38373046875
0.000986328125	0.00173828125	0.00865234375	0.0197265625	0.03177734375	0.028056640625	0.38330078125	0.3808984375	0.383095703125	0.38341796875	0.380185546875	0.38388671875	0.379697265625	0.38490234375	0.38138671875	0.383818359375	0.38046875	0.38138671875	0.38021484375	0.3784765625	0.381337890625	0.382080078125	0.38462890625	0.382705078125	0.383583984375	0.38263671875	0.382568359375	0.38087890625	0.366630859375	0.38119140625	0.382841796875	0.380322265625	0.381455078125	0.38103515625	0.386328125	0.381611328125	0.38228515625	0.382490234375	0.383037109375	0.37720703125	0.3834375
0.00099609375	0.001728515625	0.006884765625	0.008310546875	0.020537109375	0.039765625	0.058369140625	0.385361328125	0.382734375	0.379599609375	0.381513671875	0.379228515625	0.382529296875	0.381015625	0.376904296875	0.3803515625	0.38439453125	0.38048828125	0.384453125	0.382861328125	0.380224609375	0.381064453125	0.3828125	0.381083984375	0.38076171875	0.382158203125	0.381015625	0.380888671875	0.381455078125	0.37833984375	0.376396484375	0.38080078125	0.3858984375	0.381962890625	0.381318359375	0.38013671875	0.38427734375	0.379814453125	0.3810546875	0.379716796875	0.380517578125
0.00099609375	0.00126953125	0.005390625	0.00798828125	0.0231640625	0.036298828125	0.06791015625	0.156533203125	0.38162109375	0.378017578125	0.3819140625	0.380087890625	0.380224609375	0.38638671875	0.381474609375	0.384208984375	0.381884765625	0.38501953125	0.382509765625	0.384658203125	0.379833984375	0.380634765625	0.3843359375	0.38103515625	0.379443359375	0.383916015625	0.378642578125	0.377392578125	0.3809375	0.381875	0.363994140625	0.38037109375	0.384443359375	0.377216796875	0.378515625	0.38416015625	0.383115234375	0.385322265625	0.382861328125	0.383740234375	0.384091796875
0.00099609375	0.001083984375	0.002880859375	0.008310546875	0.009443359375	0.029189453125	0.05279296875	0.15216796875	0.175859375	0.380537109375	0.38083984375	0.384609375	0.380341796875	0.378193359375	0.3812109375	0.3830859375	0.3810546875	0.38189453125	0.385244140625	0.3816015625	0.384150390625	0.3846875	0.3787109375	0.37783203125	0.379560546875	0.381142578125	0.37966796875	0.38287109375	0.3826171875	0.37978515625	0.381298828125	0.383583984375	0.3829296875	0.38072265625	0.3819140625	0.3802734375	0.38220703125	0.379033203125	0.381826171875	0.38390625	0.37609375
0.000986328125	0.000986328125	0.002490234375	0.00494140625	0.010986328125	0.0300390625	0.046162109375	0.146416015625	0.219833984375	0.246005859375	0.382744140625	0.36310546875	0.38150390625	0.3791796875	0.37794921875	0.38291015625	0.3834765625	0.3796484375	0.379248046875	0.381953125	0.36494140625	0.38248046875	0.3822265625	0.381416015625	0.381513671875	0.378974609375	0.38078125	0.37892578125	0.38	0.378974609375	0.382119140625	0.38005859375	0.38375	0.380693359375	0.382998046875	0.3883984375	0.37982421875	0.383623046875	0.381220703125	0.3798046875	0.382431640625
0.000986328125	0.0009765625	0.001982421875	0.004794921875	0.012578125	0.012685546875	0.044599609375	0.1271484375	0.204208984375	0.24232421875	0.26486328125	0.383115234375	0.38337890625	0.38123046875	0.380126953125	0.38376953125	0.383408203125	0.381376953125	0.377783203125	0.37759765625	0.376865234375	0.382216796875	0.377705078125	0.3817578125	0.382431640625	0.382861328125	0.38111328125	0.37833984375	0.380400390625	0.38201171875	0.38177734375	0.38091796875	0.3847265625	0.380166015625	0.3808984375	0.386845703125	0.381337890625	0.38232421875	0.379228515625	0.3861328125	0.381298828125
0.000986328125	0.00099609375	0.00220703125	0.005732421875	0.01048828125	0.02169921875	0.091611328125	0.110341796875	0.1895703125	0.23482421875	0.27431640625	0.2966015625	0.381865234375	0.38275390625	0.382041015625	0.378017578125	0.383232421875	0.380322265625	0.382734375	0.382001953125	0.3797265625	0.383466796875	0.383349609375	0.3793359375	0.381669921875	0.3823828125	0.3824609375	0.382509765625	0.3799609375	0.364296875	0.3833203125	0.382646484375	0.3823828125	0.379638671875	0.384140625	0.37927734375	0.383388671875	0.382451171875	0.379755859375	0.37884765625	0.383046875
0.0009765625	0.001005859375	0.001923828125	0.003310546875	0.0130078125	0.01962890625	0.047626953125	0.0965625	0.196171875	0.2343359375	0.26640625	0.2966015625	0.312646484375	0.382919921875	0.382470703125	0.38236328125	0.38361328125	0.3816015625	0.38021484375	0.37962890625	0.377939453125	0.380244140625	0.38287109375	0.38126953125	0.380361328125	0.383994140625	0.37849609375	0.37974609375	0.381396484375	0.38271484375	0.385048828125	0.3844140625	0.38099609375	0.373291015625	0.3810546875	0.381376953125	0.380498046875	0.3794921875	0.3824609375	0.382607421875	0.38537109375
0.000986328125	0.001005859375	0.001455078125	0.003115234375	0.00712890625	0.020078125	0.046953125	0.132666015625	0.16357421875	0.218349609375	0.26416015625	0.286201171875	0.30947265625	0.3216015625	0.3783203125	0.376708984375	0.378427734375	0.379658203125	0.3814453125	0.384228515625	0.383642578125	0.3805859375	0.385087890625	0.379404296875	0.380400390625	0.3771484375	0.3809765625	0.381533203125	0.381982421875	0.377138671875	0.384267578125	0.382626953125	0.385390625	0.381162109375	0.38302734375	0.383388671875	0.38234375	0.378671875	0.3832421875	0.379443359375	0.38103515625
0.001005859375	0.0009765625	0.001494140625	0.00291015625	0.006796875	0.019072265625	0.046064453125	0.08474609375	0.15939453125	0.2026171875	0.24953125	0.28123046875	0.302880859375	0.31697265625	0.333330078125	0.381220703125	0.385625	0.38021484375	0.379609375	0.384013671875	0.3825	0.380751953125	0.3816796875	0.383330078125	0.384384765625	0.38259765625	0.384365234375	0.384677734375	0.38064453125	0.3812109375	0.38248046875	0.37939453125	0.377646484375	0.364833984375	0.3802734375	0.38111328125	0.382265625	0.38044921875	0.379365234375	0.379755859375	0.382373046875
0.000986328125	0.0009765625	0.001103515625	0.001875	0.0073828125	0.010068359375	0.04421875	0.08376953125	0.154130859375	0.17904296875	0.20888671875	0.25927734375	0.29259765625	0.31775390625	0.3288671875	0.3237890625	0.384638671875	0.38357421875	0.37705078125	0.378134765625	0.381298828125	0.381083984375	0.384970703125	0.385	0.38587890625	0.37923828125	0.37931640625	0.38259765625	0.379287109375	0.382412109375	0.38001953125	0.381162109375	0.385	0.383251953125	0.38375	0.378623046875	0.385693359375	0.380654296875	0.364677734375	0.381005859375	0.383076171875
0.000986328125	0.000986328125	0.001025390625	0.001826171875	0.0042578125	0.02146484375	0.04087890625	0.08669921875	0.111650390625	0.1841015625	0.210595703125	0.256943359375	0.272880859375	0.310625	0.321865234375	0.33380859375	0.336416015625	0.382138671875	0.38201171875	0.380810546875	0.38185546875	0.380869140625	0.378662109375	0.381005859375	0.382412109375	0.385205078125	0.380595703125	0.38369140625	0.378271484375	0.379580078125	0.383359375	0.384423828125	0.38083984375	0.3839453125	0.378837890625	0.37140625	0.376796875	0.38599609375	0.38056640625	0.378203125	0.386328125
0.001005859375	0.00099609375	0.0010546875	0.001826171875	0.004228515625	0.020380859375	0.07109375	0.08185546875	0.113037109375	0.184365234375	0.201376953125	0.229052734375	0.283828125	0.30423828125	0.323515625	0.333388671875	0.337998046875	0.34619140625	0.382607421875	0.383388671875	0.381611328125	0.38078125	0.382314453125	0.3782421875	0.3810546875	0.380244140625	0.381474609375	0.366240234375	0.383251953125	0.3796875	0.368916015625	0.38134765625	0.3821875	0.38009765625	0.381025390625	0.383515625	0.381904296875	0.382958984375	0.381953125	0.38359375	0.383095703125
0.00099609375	0.000986328125	0.001015625	0.001337890625	0.005302734375	0.019140625	0.038017578125	0.078935546875	0.110341796875	0.13076171875	0.200107421875	0.23201171875	0.252255859375	0.291513671875	0.3152734375	0.329736328125	0.337412109375	0.34505859375	0.34703125	0.379267578125	0.38201171875	0.383603515625	0.383251953125	0.377529296875	0.381728515625	0.3798828125	0.380771484375	0.37998046875	0.385361328125	0.3840234375	0.381904296875	0.3786328125	0.383173828125	0.37900390625	0.378525390625	0.3837890625	0.381533203125	0.382939453125	0.37888671875	0.38130859375	0.380654296875
0.0009765625	0.001005859375	0.001005859375	0.001259765625	0.005361328125	0.020185546875	0.039501953125	0.0762109375	0.10892578125	0.133701171875	0.2013671875	0.222470703125	0.243125	0.28787109375	0.3035546875	0.325185546875	0.336123046875	0.34705078125	0.34947265625	0.35552734375	0.38421875	0.384111328125	0.383134765625	0.385361328125	0.37759765625	0.38013671875	0.38265625	0.3788671875	0.38109375	0.379326171875	0.380400390625	0.383017578125	0.380791015625	0.3812109375	0.37845703125	0.37912109375	0.38140625	0.384833984375	0.37986328125	0.37923828125	0.38546875
0.00099609375	0.0009765625	0.00099609375	0.00126953125	0.0019140625	0.00685546875	0.03986328125	0.090849609375	0.099697265625	0.1269921875	0.1428515625	0.2234765625	0.2401171875	0.26208984375	0.298466796875	0.29994140625	0.317958984375	0.344580078125	0.34814453125	0.3507421875	0.34978515625	0.379072265625	0.366767578125	0.3815625	0.383203125	0.3785546875	0.382900390625	0.382109375	0.383037109375	0.38150390625	0.3806640625	0.381416015625	0.38125	0.3820703125	0.380029296875	0.38095703125	0.38111328125	0.38251953125	0.379658203125	0.38201171875	0.383369140625
0.000986328125	0.000986328125	0.00099609375	0.001142578125	0.003056640625	0.016279296875	0.03951171875	0.05888671875	0.10298828125	0.130458984375	0.150380859375	0.2228515625	0.24078125	0.25619140625	0.277802734375	0.305927734375	0.329443359375	0.341044921875	0.344580078125	0.34916015625	0.34783203125	0.352685546875	0.3827734375	0.380283203125	0.380517578125	0.379609375	0.38052734375	0.381630859375	0.381552734375	0.379912109375	0.382861328125	0.380966796875	0.38494140625	0.380859375	0.380068359375	0.381650390625	0.384482421875	0.379580078125	0.381396484375	0.3817578125	0.3851171875
0.0009765625	0.000986328125	0.0009765625	0.00109375	0.003037109375	0.0153515625	0.03900390625	0.05845703125	0.102109375	0.1339453125	0.1521875	0.17400390625	0.2387109375	0.248154296875	0.2738671875	0.30857421875	0.31763671875	0.3353515625	0.344775390625	0.3486328125	0.34958984375	0.349462890625	0.355048828125	0.377451171875	0.38173828125	0.381494140625	0.38025390625	0.3823046875	0.383017578125	0.381904296875	0.382822265625	0.37984375	0.3833203125	0.38259765625	0.378671875	0.38248046875	0.381240234375	0.377392578125	0.38060546875	0.377216796875	0.381337890625
0.000986328125	0.001005859375	0.00099609375	0.001083984375	0.003505859375	0.016513671875	0.04884765625	0.0587890625	0.102490234375	0.125712890625	0.148564453125	0.166123046875	0.23818359375	0.245869140625	0.270361328125	0.29025390625	0.317177734375	0.3236328125	0.338759765625	0.34548828125	0.34755859375	0.35068359375	0.351328125	0.356845703125	0.384658203125	0.37921875	0.376552734375	0.38109375	0.382099609375	0.381796875	0.37748046875	0.378681640625	0.378994140625	0.383427734375	0.379736328125	0.37919921875	0.3773828125	0.38037109375	0.38037109375	0.38150390625	0.3816796875
0.00099609375	0.0009765625	0.000986328125	0.00111328125	0.00349609375	0.016318359375	0.0251171875	0.06072265625	0.10078125	0.126728515625	0.13955078125	0.16701171875	0.18203125	0.24810546875	0.2580078125	0.281943359375	0.3135546875	0.320791015625	0.336748046875	0.341220703125	0.34416015625	0.337822265625	0.35216796875	0.35392578125	0.3565234375	0.38263671875	0.382275390625	0.3816015625	0.380078125	0.3817578125	0.38013671875	0.379482421875	0.383388671875	0.3821484375	0.380927734375	0.380380859375	0.380908203125	0.37677734375	0.38146484375	0.38251953125	0.38142578125
0.000986328125	0.001005859375	0.001005859375	0.00111328125	0.001767578125	0.00658203125	0.026669921875	0.0594921875	0.07654296875	0.1258203125	0.13505859375	0.165087890625	0.18501953125	0.2430859375	0.257529296875	0.2695703125	0.29138671875	0.3234375	0.329765625	0.343017578125	0.34599609375	0.34927734375	0.354775390625	0.3501953125	0.3543359375	0.353203125	0.382001953125	0.379287109375	0.3798046875	0.380478515625	0.381240234375	0.383779296875	0.3854296875	0.384912109375	0.3820703125	0.38294921875	0.38203125	0.380654296875	0.383916015625	0.380791015625	0.379296875
0.000986328125	0.0009765625	0.0009765625	0.00107421875	0.001728515625	0.008505859375	0.02806640625	0.056259765625	0.077470703125	0.12896484375	0.141298828125	0.161220703125	0.182431640625	0.198388671875	0.258818359375	0.26806640625	0.29224609375	0.302470703125	0.328310546875	0.331494140625	0.34158203125	0.35046875	0.3507421875	0.354345703125	0.35328125	0.357900390625	0.353662109375	0.381279296875	0.3821875	0.382158203125	0.38103515625	0.3828125	0.3828515625	0.38185546875	0.381943359375	0.384208984375	0.38486328125	0.380400390625	0.37900390625	0.382548828125	0.38166015625
0.000986328125	0.00099609375	0.00099609375	0.001025390625	0.0017578125	0.010380859375	0.028154296875	0.06375	0.077822265625	0.092939453125	0.141005859375	0.166318359375	0.186337890625	0.200302734375	0.25822265625	0.26603515625	0.28267578125	0.30404296875	0.307978515625	0.329619140625	0.33443359375	0.34826171875	0.3544921875	0.336796875	0.35603515625	0.35421875	0.3572265625	0.355185546875	0.381982421875	0.379990234375	0.3833984375	0.375185546875	0.38130859375	0.37896484375	0.38337890625	0.377412109375	0.384716796875	0.377958984375	0.3803125	0.38234375	0.38017578125
0.0009765625	0.0009765625	0.0009765625	0.0010546875	0.001884765625	0.011181640625	0.028896484375	0.037685546875	0.078173828125	0.09373046875	0.140263671875	0.1537109375	0.1873046875	0.19998046875	0.21869140625	0.261796875	0.281591796875	0.29515625	0.303525390625	0.32955078125	0.335810546875	0.344697265625	0.35173828125	0.338818359375	0.35486328125	0.352041015625	0.3552734375	0.356953125	0.358076171875	0.38357421875	0.381474609375	0.382021484375	0.3798046875	0.37884765625	0.377724609375	0.381826171875	0.3808203125	0.382958984375	0.38376953125	0.377568359375	0.3615234375
0.000986328125	0.001005859375	0.000986328125	0.001015625	0.0012890625	0.00970703125	0.03658203125	0.04185546875	0.07861328125	0.091484375	0.14154296875	0.15755859375	0.188828125	0.20267578125	0.214697265625	0.26255859375	0.275244140625	0.29193359375	0.29125	0.31208984375	0.3315625	0.336962890625	0.347177734375	0.350517578125	0.35298828125	0.33876953125	0.3560546875	0.354638671875	0.3540234375	0.353466796875	0.383583984375	0.3830859375	0.37962890625	0.3838671875	0.385224609375	0.378095703125	0.381201171875	0.383974609375	0.386328125	0.379599609375	0.384423828125
0.001005859375	0.0009765625	0.0009765625	0.0009765625	0.001279296875	0.001650390625	0.016123046875	0.04296875	0.0780078125	0.095859375	0.106181640625	0.158818359375	0.1718359375	0.204541015625	0.21408203125	0.221103515625	0.27265625	0.285673828125	0.298203125	0.3124609375	0.3125390625	0.327060546875	0.341630859375	0.34916015625	0.34880859375	0.353564453125	0.350634765625	0.356875	0.356181640625	0.35205078125	0.356201171875	0.379453125	0.377080078125	0.3817578125	0.382880859375	0.381962890625	0.38212890625	0.37931640625	0.3812890625	0.38353515625	0.38453125
0.001005859375	0.000986328125	0.000986328125	0.00103515625	0.001259765625	0.00208984375	0.01453125	0.046357421875	0.078720703125	0.0956640625	0.113603515625	0.163115234375	0.17443359375	0.200146484375	0.213984375	0.228046875	0.275771484375	0.271552734375	0.29896484375	0.310078125	0.313291015625	0.3340625	0.33806640625	0.34375	0.346435546875	0.351650390625	0.3559765625	0.353505859375	0.355009765625	0.342861328125	0.3540625	0.35658203125	0.383876953125	0.38244140625	0.38169921875	0.367509765625	0.380498046875	0.384130859375	0.381943359375	0.383115234375	0.37529296875
0.00099609375	0.000986328125	0.001015625	0.00099609375	0.001103515625	0.0023046875	0.01349609375	0.045517578125	0.054697265625	0.092470703125	0.113359375	0.16095703125	0.169873046875	0.201708984375	0.213935546875	0.2251953125	0.231455078125	0.279267578125	0.291357421875	0.3059375	0.31453125	0.318681640625	0.33990234375	0.344365234375	0.342861328125	0.351904296875	0.352529296875	0.354482421875	0.35658203125	0.3528125	0.353994140625	0.354384765625	0.354716796875	0.383720703125	0.379072265625	0.3797265625	0.365498046875	0.378203125	0.383935546875	0.379541015625	0.381923828125
0.000986328125	0.000986328125	0.000986328125	0.000986328125	0.00111328125	0.00212890625	0.01654296875	0.046240234375	0.058701171875	0.097578125	0.113740234375	0.16212890625	0.173916015625	0.193623046875	0.2133203125	0.228056640625	0.232783203125	0.278251953125	0.29271484375	0.304697265625	0.3017578125	0.316142578125	0.337783203125	0.33904296875	0.344619140625	0.35349609375	0.3524609375	0.355166015625	0.35494140625	0.34236328125	0.35615234375	0.357783203125	0.3528125	0.359482421875	0.379052734375	0.381201171875	0.381552734375	0.3816015625	0.383212890625	0.382158203125	0.38310546875
0.00099609375	0.0009765625	0.0009765625	0.0009765625	0.001064453125	0.001875	0.019150390625	0.048603515625	0.059052734375	0.10046875	0.11763671875	0.134736328125	0.175556640625	0.19642578125	0.215263671875	0.22787109375	0.2348046875	0.238447265625	0.28095703125	0.302578125	0.309169921875	0.3166015625	0.32033203125	0.336328125	0.342373046875	0.3440625	0.351298828125	0.353369140625	0.353046875	0.35416015625	0.354501953125	0.359072265625	0.35365234375	0.355546875	0.35794921875	0.38572265625	0.37966796875	0.37671875	0.380498046875	0.382353515625	0.38326171875
0.0009765625	0.001005859375	0.001005859375	0.000986328125	0.001064453125	0.00125	0.0173046875	0.018984375	0.059365234375	0.1005078125	0.1162890625	0.13396484375	0.17375	0.1933984375	0.20787109375	0.22423828125	0.234296875	0.240791015625	0.28376953125	0.298818359375	0.3067578125	0.3124609375	0.32107421875	0.3227734375	0.3403125	0.3411328125	0.346611328125	0.353056640625	0.351376953125	0.353330078125	0.352294921875	0.3582421875	0.35494140625	0.35333984375	0.357685546875	0.357958984375	0.38431640625	0.376943359375	0.3809375	0.380947265625	0.3816015625
0.0009765625	0.00099609375	0.001005859375	0.000986328125	0.00103515625	0.0012109375	0.002255859375	0.021865234375	0.0621875	0.06560546875	0.11763671875	0.136455078125	0.14345703125	0.19361328125	0.20576171875	0.223447265625	0.233447265625	0.241220703125	0.241630859375	0.2930078125	0.30505859375	0.310986328125	0.316142578125	0.3208203125	0.32353515625	0.339814453125	0.346142578125	0.34771484375	0.351220703125	0.341533203125	0.3535546875	0.355087890625	0.35607421875	0.353203125	0.354140625	0.3595703125	0.3540234375	0.381259765625	0.378876953125	0.3821484375	0.38173828125
0.000986328125	0.00099609375	0.000986328125	0.0009765625	0.001044921875	0.001328125	0.00203125	0.021328125	0.0648828125	0.076083984375	0.11755859375	0.140244140625	0.145341796875	0.190908203125	0.21162109375	0.224990234375	0.23572265625	0.239453125	0.241845703125	0.28576171875	0.306884765625	0.31345703125	0.3141015625	0.321728515625	0.32080078125	0.34021484375	0.345	0.346416015625	0.351689453125	0.35283203125	0.35435546875	0.360205078125	0.35375	0.356650390625	0.359716796875	0.357255859375	0.356513671875	0.356259765625	0.378857421875	0.38029296875	0.381025390625
0.00099609375	0.001015625	0.000986328125	0.001005859375	0.001015625	0.001171875	0.00158203125	0.023818359375	0.058447265625	0.07837890625	0.12025390625	0.141953125	0.148193359375	0.183955078125	0.213935546875	0.217841796875	0.23337890625	0.238642578125	0.241318359375	0.245693359375	0.307158203125	0.312109375	0.314150390625	0.319892578125	0.320537109375	0.319599609375	0.3455859375	0.343876953125	0.345087890625	0.3556640625	0.35158203125	0.35533203125	0.35423828125	0.351962890625	0.35412109375	0.355048828125	0.353642578125	0.358671875	0.355048828125	0.38326171875	0.3794140625
0.0009765625	0.0009765625	0.0009765625	0.000986328125	0.001005859375	0.00126953125	0.00197265625	0.02322265625	0.05740234375	0.079130859375	0.119462890625	0.140634765625	0.150341796875	0.150400390625	0.214697265625	0.2166796875	0.234365234375	0.240830078125	0.240390625	0.241669921875	0.293818359375	0.3141015625	0.313544921875	0.31373046875	0.324765625	0.322685546875	0.3228515625	0.34294921875	0.342939453125	0.347822265625	0.351142578125	0.3555078125	0.3562890625	0.35544921875	0.35646484375	0.35560546875	0.35447265625	0.355888671875	0.352744140625	0.353876953125	0.382841796875
0.0009765625	0.000986328125	0.001005859375	0.0009765625	0.00099609375	0.00103515625	0.002099609375	0.0231640625	0.02501953125	0.080087890625	0.074091796875	0.142080078125	0.14802734375	0.147626953125	0.2137890625	0.213583984375	0.21724609375	0.2399609375	0.241435546875	0.24140625	0.24169921875	0.3140234375	0.313388671875	0.314990234375	0.312626953125	0.319580078125	0.324267578125	0.350546875	0.344033203125	0.34748046875	0.344296875	0.35380859375	0.352080078125	0.357294921875	0.35337890625	0.3537890625	0.357890625	0.35609375	0.35578125	0.354091796875	0.35564453125
