1.04	20.976	20.784	20.663999999999998	21.12	20.639999999999997	20.672	20.512	20.687999999999995	20.439999999999998	20.704	20.712000000000003	20.856	20.784	20.712000000000003	20.632	20.8	20.888	20.816	20.928	20.464	20.616	20.704	20.592	20.520000000000003	20.712000000000003	20.576	20.432000000000002	20.752000000000002	20.712	20.791999999999998	20.695999999999998	20.64	20.592000000000002	20.672	20.552	20.784	20.6	20.72	20.552	20.608
1.064	9.488	20.736	20.736	20.648000000000003	20.560000000000002	20.823999999999998	20.424	20.712	20.576	20.576000000000004	20.311999999999998	20.648	20.968	21.04	20.88	20.544	20.496	20.72	20.552000000000003	20.776000000000003	20.752000000000002	20.792	20.56	20.704	20.688	20.712	20.912	20.872	20.744	20.92	20.488	20.8	20.776	20.728	20.816	20.336000000000002	20.712	20.68	20.768	20.68
1.208	7.135999999999999	9.216	20.52	20.416	21.032000000000004	20.576	20.568	20.872	20.536	20.72	20.752	20.92	20.680000000000003	20.888	20.688	20.336000000000002	20.984	20.607999999999997	20.840000000000003	20.608000000000004	20.44	20.432000000000002	20.728	20.256	20.728	20.744000000000003	20.704	20.472	20.464000000000002	20.512	20.752000000000002	20.408	20.672	20.664	20.824	20.664	20.927999999999997	20.904000000000003	20.616000000000003	20.832
1.08	7.224	9.048	9.32	20.88	20.503999999999998	20.576	20.616	20.328000000000003	20.695999999999998	20.663999999999998	20.84	20.656000000000002	20.72	20.768	20.704	20.648000000000003	20.624000000000002	20.808	20.688000000000002	20.528	20.639999999999997	20.504	20.36	20.855999999999998	20.512	20.648	21.024	20.808	20.448	20.8	20.407999999999998	20.48	20.919999999999998	20.416	20.48	20.624000000000002	20.856	20.728	20.744	20.72
1.112	4.976	7.328000000000001	9.088000000000001	9.623999999999999	20.472	20.632	20.744	20.832	20.688000000000002	20.424	20.528	20.511999999999997	20.776000000000003	20.696000000000005	20.671999999999997	20.68	20.904	20.496000000000002	20.64	20.776	21.032	20.856	20.695999999999998	20.488000000000003	20.720000000000002	20.784000000000002	20.688000000000002	20.560000000000002	20.672000000000004	20.784000000000002	20.648000000000003	20.664	20.712	20.712	20.568	20.6	20.296	20.592	20.735999999999997	20.535999999999998
1.1039999999999999	3.936	7.183999999999999	9.112	9.879999999999999	10.12	20.752000000000002	20.584000000000003	21.04	20.672	20.791999999999998	20.840000000000003	20.576	21.008000000000003	20.408	20.616000000000003	20.512	21.136000000000003	20.904	20.712	20.744	20.68	20.784000000000002	20.92	20.312	20.848	20.663999999999998	20.552	20.264	20.784	20.56	20.552000000000003	20.503999999999998	20.984	20.72	20.904	20.56	20.816	20.368000000000002	20.592000000000002	20.696
1.1280000000000001	3.992	7.272	7.368	9.392	11.216000000000001	13.015999999999998	20.584	20.792	20.712000000000003	20.72	20.52	20.616	20.944	21.04	20.576	20.560000000000002	20.791999999999998	20.735999999999997	20.68	20.887999999999998	20.816	20.608	20.656	20.648000000000003	20.664	20.68	20.496	20.496000000000002	20.752000000000002	20.648000000000003	20.408	20.664	20.496000000000002	20.52	20.832	20.696	20.935999999999996	20.584	20.759999999999998	20.735999999999997
1.112	2.624	6.272	7.215999999999999	9.304	11.0	13.2	16.0	20.632	20.927999999999997	20.696	20.6	20.488000000000003	20.456000000000003	20.672000000000004	20.472	20.232	20.552	20.584	20.624	20.584	20.791999999999998	20.64	20.752	20.648000000000003	20.896	20.76	20.712	20.912	21.064	20.592	20.976	20.216	20.664	20.792	20.704	20.831999999999997	20.64	20.808	20.855999999999998	20.776
1.1039999999999999	1.48	5.048	7.304	7.568	10.592	12.864	16.08	16.584	20.488	20.880000000000003	20.696	20.704	20.56	20.560000000000002	20.848	20.68	20.696	20.448	20.904	20.752	20.344	20.624	20.544	20.799999999999997	20.28	20.744	21.072	20.64	20.872000000000003	20.688	20.512	20.832	20.784	20.696	20.456	20.648	20.671999999999997	20.688	20.728	20.744
1.032	1.192	5.272	6.295999999999999	7.832000000000001	10.456	12.608	15.943999999999999	17.312	17.959999999999997	20.792	20.608	20.584000000000003	20.696	20.96	20.472	20.832	20.552	20.448000000000004	20.543999999999997	20.528000000000002	20.968	20.504	20.808	20.608	20.792	20.496000000000002	20.544	20.8	20.856	20.808	20.64	20.624	20.736	20.496	20.480000000000004	20.4	20.464	20.808	20.816000000000003	20.816000000000003
1.056	1.224	3.92	6.327999999999999	7.911999999999999	8.784	12.184000000000001	15.632000000000001	17.192	18.240000000000002	18.472	20.536	20.736	20.336	20.792	20.535999999999998	20.712	20.712	20.76	20.776	20.599999999999998	20.656	20.624000000000002	20.648	20.424	20.800000000000004	20.511999999999997	20.64	20.688000000000002	20.560000000000002	21.08	20.664	20.535999999999998	20.800000000000004	20.64	20.832	20.631999999999998	20.792	20.759999999999998	20.464000000000002	21.088
1.1360000000000001	1.1440000000000001	3.88	6.327999999999999	7.952000000000001	10.416	14.392	15.176	17.088	17.520000000000003	18.408	19.12	20.504	20.624	20.744000000000003	20.72	20.48	20.656000000000002	20.624	20.576	20.567999999999998	20.336	20.96	20.919999999999998	20.752	20.608000000000004	20.776	20.576	20.767999999999997	20.464000000000002	20.503999999999998	20.656000000000002	20.832	20.608	20.311999999999998	20.712000000000003	20.656	20.664	20.663999999999998	20.816	20.863999999999997
1.0639999999999998	1.088	3.7760000000000002	5.28	8.496	10.448	13.136	14.616	17.128	17.48	18.464000000000002	19.032	19.52	20.632	20.888000000000005	20.704	20.744	20.88	20.792	20.736	20.32	20.76	20.584000000000003	20.416	21.024	20.759999999999998	20.68	20.416	20.648	20.632	20.56	20.808	20.896	20.784	20.688000000000002	20.488	20.664	20.696	20.896	20.856	20.704
1.048	1.112	2.7760000000000002	5.248	7.3919999999999995	10.32	13.584	15.896	16.096	17.344	17.992	18.776	19.224	19.32	20.544	20.608	20.816000000000003	20.88	20.8	20.752	21.055999999999997	20.823999999999998	20.768	20.904	20.647999999999996	20.880000000000003	20.599999999999998	20.744	20.664	20.672	20.448	20.704	20.887999999999998	20.656	20.744	21.168	20.48	20.544000000000004	20.704	20.656	20.8
1.144	1.088	2.544	5.5040000000000004	7.3919999999999995	10.112000000000002	13.408000000000001	15.208	16.312	17.288	18.184	18.592000000000002	18.968	19.608	20.119999999999997	20.8	20.624	20.736	20.744	20.951999999999998	20.664	21.032	20.8	20.808	20.64	20.656	20.84	20.479999999999997	20.576	20.695999999999998	20.543999999999997	20.464000000000002	20.608	20.56	20.744	20.799999999999997	20.528	20.567999999999998	20.8	20.864	20.752
1.112	1.056	1.8320000000000003	3.7439999999999998	7.5920000000000005	9.224	13.063999999999998	15.128000000000002	16.400000000000002	16.968	17.32	18.144000000000002	18.951999999999998	19.496	19.672	19.76	20.776000000000003	20.36	20.56	20.584	20.344	20.799999999999997	20.879999999999995	21.0	21.112000000000002	20.76	20.800000000000004	20.768	20.744	20.712000000000003	20.552	20.808	20.48	20.76	20.583999999999996	20.432	20.432000000000002	20.656	20.824	20.567999999999998	20.44
1.056	1.104	1.4080000000000001	3.776	7.352	12.272	12.936	15.536000000000001	16.464	17.176	17.336	18.264	18.832	19.503999999999998	19.688	19.872	20.247999999999998	20.488	20.72	20.392000000000003	20.752000000000002	20.848	20.952	20.584000000000003	20.792	20.735999999999997	20.648	20.895999999999997	20.776000000000003	20.768	20.92	20.912	20.656	20.88	20.76	20.392000000000003	20.775999999999996	20.704	20.296	20.744	20.64
1.08	1.112	1.328	4.032	7.52	12.528	14.655999999999999	15.368000000000002	16.752000000000002	17.136	17.176	17.888	18.456	19.272000000000002	19.392	20.351999999999997	19.968	20.407999999999998	20.823999999999998	20.616	20.528	20.528	20.511999999999997	20.96	20.688	20.560000000000002	21.08	20.544	20.368000000000002	20.799999999999997	20.824	20.728	20.880000000000003	20.704	20.624000000000002	20.792	20.688000000000002	20.736	20.528000000000002	20.76	20.592000000000002
1.152	1.08	1.232	2.744	7.6320000000000014	12.600000000000001	15.312	15.552	16.264	17.144000000000002	17.384	18.272	18.12	18.728	19.384	19.912	20.343999999999998	20.048000000000002	20.12	20.856	20.4	20.944	20.535999999999998	21.104000000000003	20.712	20.6	20.608000000000004	20.736000000000004	20.695999999999998	20.608	20.976	20.672	20.568	20.688000000000002	20.408	20.799999999999997	21.008	20.863999999999997	20.712	20.424	20.208
1.064	1.064	1.4160000000000001	2.624	7.600000000000001	12.176000000000002	15.104000000000001	15.384	16.304	16.616	17.496	17.816000000000003	18.0	18.976	19.384	19.744	20.048000000000002	20.024	20.343999999999998	20.344	20.752000000000002	20.728	20.456000000000003	20.752000000000002	20.624000000000002	20.504	20.96	20.568	21.04	21.040000000000003	20.552000000000003	20.704	20.744	20.776	20.528	20.568000000000005	20.768	20.408	20.68	20.759999999999998	20.704
1.1280000000000001	1.1280000000000001	1.1280000000000001	2.992	5.08	11.616000000000001	15.072	16.096	16.304	16.976	17.224	18.128	18.344	18.792	19.128	19.28	19.936	20.552000000000003	20.248000000000005	20.096	20.887999999999998	20.536	20.592	20.432000000000002	20.656	20.752000000000002	20.656	20.536	20.512	20.648000000000003	20.696	20.656	20.68	20.479999999999997	20.872	20.735999999999997	20.856	20.92	20.632	20.936	20.552
1.04	1.096	1.2	1.9840000000000002	7.847999999999999	16.304	15.456	16.808	16.520000000000003	17.048000000000002	17.439999999999998	17.84	18.216	18.592	19.248	19.576	19.8	20.080000000000002	20.424000000000003	20.4	20.104	20.56	20.415999999999997	20.672	20.656	20.632	20.424	20.712	20.672	20.648	20.688000000000002	20.592000000000002	20.568	20.648	20.8	20.512	20.664	20.855999999999998	21.072	20.688000000000002	20.968
1.072	1.104	1.088	1.8960000000000001	8.968	15.248	15.456	16.888	16.288	17.256	17.72	18.392	18.264	18.688	19.224	19.208000000000002	19.68	20.032000000000004	20.376	20.4	20.408	20.304000000000002	20.2	20.712	20.704	20.856	20.735999999999997	20.608	20.808	20.592	20.624000000000002	20.568	20.712000000000003	20.472	20.544	20.520000000000003	20.592	20.712	20.976	20.415999999999997	21.016
1.1280000000000001	1.12	1.112	1.912	8.736	17.312	16.712	17.912	16.256	17.336	17.552	18.24	18.328	18.256	18.816	19.224	19.695999999999998	19.84	19.984	20.471999999999998	20.128000000000004	20.552	20.416	20.160000000000004	20.639999999999997	20.696	20.720000000000002	20.576	20.543999999999997	20.384	20.504	20.744	20.560000000000002	20.624000000000002	20.696	20.727999999999998	20.631999999999998	20.696	20.632	20.864	21.192
1.1520000000000001	1.08	1.104	1.44	8.88	17.176	20.576	17.704	16.752	17.400000000000002	17.2	18.087999999999997	18.416000000000004	18.304000000000002	18.727999999999998	19.304000000000002	19.759999999999998	19.888	20.16	19.904	20.16	19.944	20.52	20.488	20.368000000000002	20.696	20.712	20.92	20.535999999999998	20.576	20.64	20.439999999999998	20.616	20.887999999999998	20.856	20.688	20.76	20.6	20.456	20.808	20.648000000000003
1.1360000000000001	1.1600000000000001	1.16	1.4000000000000001	8.336	18.808	20.224	17.656000000000002	18.816	17.352	17.56	18.064	18.536	18.648	18.768	18.816	19.64	20.2	20.392000000000003	20.0	20.296	20.216	20.424000000000003	20.631999999999998	20.375999999999998	20.2	20.712	20.432000000000002	20.608	20.88	20.624000000000002	20.823999999999998	20.656	20.872000000000003	20.799999999999997	20.392	20.568	20.608	21.064	21.184	20.887999999999998
1.096	1.088	1.04	1.6	8.000000000000002	24.959999999999997	21.568000000000005	17.304	18.680000000000003	17.104	17.88	17.951999999999998	18.544	18.944	18.744	18.952	19.648	19.88	20.008000000000003	19.928	20.184	20.040000000000003	20.368000000000002	20.2	20.424	20.320000000000004	20.784	20.352	20.552	20.568	20.76	20.864	20.304000000000002	20.512	20.64	20.28	20.712	20.464	20.664	20.864	20.544
1.04	1.08	1.112	1.232	7.231999999999999	25.016000000000002	21.192	18.48	18.744000000000003	20.064	17.904	18.192	18.576	18.8	18.919999999999998	19.152	19.136	19.504	20.12	20.439999999999998	20.056	20.36	20.56	20.296	20.567999999999998	20.344	20.608	20.607999999999997	20.720000000000002	20.808	20.6	20.768	20.68	20.608	20.880000000000003	20.544	20.496000000000002	20.904	20.6	20.520000000000003	20.576
1.04	1.096	1.048	1.328	7.736	31.119999999999997	21.368000000000002	23.344	18.8	19.535999999999998	17.688000000000002	18.336	18.912	19.016	19.496	18.72	19.216	19.631999999999998	19.76	20.336000000000002	20.168000000000003	20.68	20.688	20.176000000000002	20.583999999999996	20.296	20.496	20.296000000000003	20.503999999999998	20.832	20.688000000000002	20.592	20.896	20.632	20.912000000000003	21.031999999999996	20.872	20.64	20.552	21.008000000000003	20.720000000000002
1.088	1.1280000000000001	1.096	1.2	2.992	31.104000000000003	24.224	24.759999999999998	19.176	19.864	18.048000000000002	18.504	18.904	19.224	19.552	18.976	19.503999999999998	19.528	19.311999999999998	19.944	20.12	20.232000000000003	20.28	20.104000000000003	20.2	20.296	20.536	20.712	20.536	20.416	20.96	20.424	20.8	20.464	20.96	21.136000000000003	20.568	20.376	20.704	20.472	20.599999999999998
1.08	1.056	1.032	1.2	3.176	8.24	37.68	24.904	19.848000000000003	19.680000000000003	20.0	18.392	18.784	19.488	19.584	19.928	19.272	19.368000000000002	19.928	19.744	20.0	19.864	20.416	20.112	20.096000000000004	20.400000000000002	20.504	20.704	20.656	20.12	20.480000000000004	20.648	20.528	20.752	20.736	20.616	20.648000000000003	20.848000000000003	20.695999999999998	20.824	20.664
1.08	1.16	1.064	1.1119999999999999	2.984	9.759999999999998	30.56	24.912	19.456	19.968	20.576	19.248	19.024	19.256	20.16	20.296000000000003	19.088	19.12	19.92	19.896	19.976000000000003	20.48	20.120000000000005	20.464	20.488	20.592000000000002	20.336	20.432000000000002	20.616	20.088	20.176000000000002	20.432000000000002	20.656000000000002	20.816	20.816000000000003	20.048	20.592	20.32	20.656	20.632	20.512
1.072	1.168	1.056	1.152	1.9759999999999995	10.288	33.368	25.64	25.912	20.711999999999996	20.904	19.36	19.104	19.264	19.616000000000003	20.0	20.008	19.560000000000002	19.624	20.272000000000002	20.0	20.471999999999998	19.728	20.48	20.576	20.368000000000002	20.76	20.264	20.48	20.608	20.48	20.624000000000002	20.576	20.863999999999997	20.663999999999998	21.064	20.128000000000004	20.384	20.48	20.648000000000003	20.743999999999996
1.08	1.064	1.056	1.104	1.5440000000000003	11.648000000000001	30.968000000000004	24.96	25.656000000000002	21.152	21.104	19.216	19.672	19.832	20.104	20.032000000000004	20.528	19.392000000000003	19.704	20.088	20.0	20.464000000000002	20.024	20.048	20.256	20.264000000000003	20.928	20.68	20.768	20.008000000000003	20.64	20.624000000000002	20.448	20.68	20.424	20.504	20.400000000000002	20.648	20.543999999999997	20.503999999999998	20.608
1.104	1.12	1.024	1.072	1.504	10.992	34.407999999999994	26.48	25.159999999999997	21.12	21.408	21.896	19.848	19.96	19.928	20.528	20.200000000000003	20.352000000000004	19.240000000000002	19.904	20.144	20.288000000000004	20.36	20.512	20.688	20.503999999999998	20.767999999999997	20.264	20.36	20.552	20.464000000000002	20.264	20.592	20.68	20.624	20.584	20.648	20.799999999999997	20.656	20.44	20.624
1.08	1.072	1.104	1.088	1.592	3.5360000000000005	33.248	35.72	25.432000000000002	20.720000000000002	21.256	22.183999999999997	19.432	19.464000000000002	20.256	20.128	20.064	20.304000000000002	19.64	19.728	19.976	20.328	20.056	20.24	20.52	20.456000000000003	20.624000000000002	20.16	20.68	20.568	20.520000000000003	20.512	20.240000000000002	21.032	20.464	20.392000000000003	20.248	20.728	20.744	20.784	20.864000000000004
1.1440000000000001	1.1280000000000001	1.104	1.0959999999999999	1.264	3.2399999999999998	10.84	34.04	26.352	27.343999999999998	21.872	22.0	22.112000000000002	20.016000000000002	20.616	20.496000000000002	20.424	20.112000000000002	20.136	19.624	20.2	20.072	20.471999999999998	20.400000000000002	20.296000000000003	20.247999999999998	20.415999999999997	20.608	20.104000000000003	20.311999999999998	20.544	20.592	20.448000000000004	20.464	20.752000000000002	20.336	20.528	20.44	20.736	20.672	20.567999999999998
1.1520000000000001	1.1039999999999999	1.072	1.112	1.48	2.896	8.544	34.176	26.168000000000003	27.448	21.664	22.744	22.296	20.328000000000003	20.76	20.2	20.168	20.264	20.552	19.84	20.136	20.368000000000002	20.184	20.696	20.512	20.312	20.24	20.392000000000003	20.384	20.432	20.808000000000003	20.344	20.631999999999998	20.488	20.224	20.488	20.36	20.256	20.768	20.824	20.919999999999998
1.08	1.152	1.08	1.064	1.24	2.672	10.616	35.32	26.936	26.887999999999998	21.944000000000003	22.312	22.752000000000002	20.304	20.856	20.872	20.503999999999998	20.576	20.464000000000002	20.607999999999997	20.328	20.344	20.176000000000002	20.272000000000002	20.552	20.424	20.511999999999997	20.311999999999998	20.712	20.304	20.464	20.424000000000003	20.68	20.448000000000004	20.432000000000002	20.688	20.376	20.544000000000004	20.511999999999997	20.688	20.736
1.096	1.056	1.064	1.056	1.288	3.4880000000000004	9.984	35.384	25.456	26.432000000000002	21.768	22.592	21.959999999999997	22.344	20.64	20.544	20.44	20.456	20.416000000000004	20.384	20.216	20.144000000000002	20.352	20.184	20.112000000000002	20.264000000000003	19.832	20.384	20.216	20.575999999999997	20.472	20.32	20.528	20.64	20.344	20.592	20.592	20.327999999999996	20.784	20.672000000000004	20.799999999999997
1.04	1.088	1.12	1.064	1.176	1.4959999999999998	11.200000000000001	33.792	34.912	27.455999999999996	27.464	22.688	22.279999999999998	22.464	20.624000000000002	21.128	21.12	20.784000000000002	20.552	20.375999999999998	20.664	20.544	20.072000000000003	20.416	20.72	20.32	20.087999999999997	20.32	20.488	20.360000000000003	20.648000000000003	20.584000000000003	20.648000000000003	20.375999999999998	20.479999999999997	20.768	20.455999999999996	20.368000000000002	20.808	20.680000000000003	20.480000000000004
