0.00041015625	0.25814453125	0.227021484375	0.2355078125	0.258134765625	0.2505859375	0.240146484375	0.257060546875	0.24689453125	0.240966796875	0.258828125	0.245	0.25943359375	0.25900390625	0.245205078125	0.25671875	0.25912109375	0.257216796875	0.26240234375	0.253623046875	0.261435546875	0.258525390625	0.248916015625	0.260888671875	0.2581640625	0.236083984375	0.250048828125	0.254365234375	0.25826171875	0.26185546875	0.255869140625	0.2588671875	0.25134765625	0.263701171875	0.24044921875	0.25099609375	0.256376953125	0.259658203125	0.2361328125	0.261826171875	0.244111328125
0.0004296875	0.167099609375	0.250888671875	0.241279296875	0.258525390625	0.257998046875	0.256591796875	0.251201171875	0.248408203125	0.260341796875	0.25564453125	0.258408203125	0.2493359375	0.25109375	0.247265625	0.2583203125	0.253076171875	0.237978515625	0.2618359375	0.24591796875	0.24962890625	0.260380859375	0.242421875	0.246494140625	0.259755859375	0.250205078125	0.257529296875	0.251318359375	0.245048828125	0.249970703125	0.2282421875	0.259345703125	0.260927734375	0.254794921875	0.25970703125	0.24943359375	0.252958984375	0.254326171875	0.2434375	0.255498046875	0.25345703125
0.00044921875	0.05134765625	0.17921875	0.235498046875	0.2488671875	0.256005859375	0.252607421875	0.2359375	0.261044921875	0.25751953125	0.2616015625	0.261826171875	0.23681640625	0.255634765625	0.22529296875	0.245048828125	0.25376953125	0.255546875	0.257587890625	0.25228515625	0.251572265625	0.244853515625	0.238828125	0.258173828125	0.264443359375	0.221826171875	0.25123046875	0.26486328125	0.24787109375	0.25970703125	0.2636328125	0.249521484375	0.260537109375	0.25892578125	0.238486328125	0.23728515625	0.2428515625	0.2590234375	0.235166015625	0.2559375	0.259443359375
0.0004296875	0.0512890625	0.14888671875	0.16265625	0.26013671875	0.25970703125	0.258466796875	0.251748046875	0.246416015625	0.25470703125	0.25220703125	0.26240234375	0.261181640625	0.2530078125	0.248720703125	0.261015625	0.24576171875	0.24271484375	0.25927734375	0.25171875	0.26400390625	0.26154296875	0.2593359375	0.26337890625	0.251416015625	0.261123046875	0.24798828125	0.257021484375	0.254189453125	0.262509765625	0.2598046875	0.25810546875	0.241259765625	0.23630859375	0.261181640625	0.228134765625	0.249404296875	0.24724609375	0.237265625	0.261240234375	0.238681640625
0.000380859375	0.004638671875	0.054931640625	0.1581640625	0.17201171875	0.237734375	0.261484375	0.259931640625	0.25892578125	0.234677734375	0.254921875	0.246484375	0.24794921875	0.24869140625	0.257060546875	0.251259765625	0.26146484375	0.246396484375	0.25423828125	0.256708984375	0.2399609375	0.257958984375	0.239208984375	0.2489453125	0.24833984375	0.2524609375	0.237724609375	0.256376953125	0.23728515625	0.250146484375	0.254091796875	0.25865234375	0.260947265625	0.253876953125	0.263095703125	0.234970703125	0.259951171875	0.25283203125	0.246474609375	0.235693359375	0.229208984375
0.000361328125	0.00232421875	0.04634765625	0.08166015625	0.17279296875	0.19107421875	0.25064453125	0.24693359375	0.252431640625	0.22681640625	0.2426171875	0.248359375	0.248212890625	0.251201171875	0.256435546875	0.259326171875	0.259970703125	0.24994140625	0.25908203125	0.259111328125	0.256103515625	0.259404296875	0.24630859375	0.258369140625	0.250859375	0.254697265625	0.225576171875	0.247373046875	0.260380859375	0.26056640625	0.250751953125	0.243623046875	0.234375	0.257978515625	0.25525390625	0.25158203125	0.25580078125	0.264365234375	0.23998046875	0.2521875	0.252548828125
0.000498046875	0.002880859375	0.050458984375	0.0569921875	0.1449609375	0.17490234375	0.198125	0.26142578125	0.25306640625	0.2377734375	0.2619921875	0.2597265625	0.25107421875	0.26203125	0.258955078125	0.261728515625	0.256640625	0.251591796875	0.2532421875	0.2448046875	0.26171875	0.25138671875	0.24673828125	0.25923828125	0.2552734375	0.259853515625	0.24875	0.262109375	0.24623046875	0.22275390625	0.261376953125	0.25228515625	0.22236328125	0.259814453125	0.258935546875	0.257099609375	0.265869140625	0.235166015625	0.25818359375	0.255478515625	0.260380859375
0.000439453125	0.0026953125	0.006650390625	0.05755859375	0.07578125	0.1680859375	0.19439453125	0.245693359375	0.248359375	0.2562109375	0.259501953125	0.2488671875	0.260263671875	0.26111328125	0.2510546875	0.235380859375	0.259951171875	0.256923828125	0.257685546875	0.240556640625	0.23623046875	0.259775390625	0.24732421875	0.2416015625	0.257216796875	0.248134765625	0.24890625	0.2437890625	0.25791015625	0.256474609375	0.2573046875	0.2467578125	0.245556640625	0.2450390625	0.2539453125	0.248818359375	0.25658203125	0.25751953125	0.247294921875	0.2469921875	0.25841796875
0.0004296875	0.0023046875	0.005205078125	0.050234375	0.05119140625	0.080224609375	0.17513671875	0.2105078125	0.21556640625	0.24798828125	0.25087890625	0.26015625	0.247158203125	0.249423828125	0.2613671875	0.25484375	0.263408203125	0.2598046875	0.249609375	0.26060546875	0.24115234375	0.245615234375	0.247490234375	0.26130859375	0.251572265625	0.249208984375	0.246826171875	0.261494140625	0.227548828125	0.251298828125	0.252080078125	0.245341796875	0.248046875	0.261591796875	0.250361328125	0.2578515625	0.258154296875	0.25650390625	0.216533203125	0.254853515625	0.246123046875
0.000439453125	0.001435546875	0.004404296875	0.00630859375	0.053720703125	0.091591796875	0.1096484375	0.20470703125	0.211357421875	0.23859375	0.250927734375	0.248251953125	0.2457421875	0.25978515625	0.26185546875	0.246669921875	0.250498046875	0.24845703125	0.25029296875	0.26033203125	0.2454296875	0.24673828125	0.248583984375	0.260859375	0.25564453125	0.25712890625	0.260283203125	0.261748046875	0.26146484375	0.264755859375	0.250224609375	0.247734375	0.25650390625	0.26109375	0.226259765625	0.259931640625	0.265244140625	0.246181640625	0.259560546875	0.261640625	0.25130859375
0.000390625	0.001533203125	0.00345703125	0.006318359375	0.047666015625	0.063310546875	0.10353515625	0.174970703125	0.196201171875	0.232470703125	0.226201171875	0.244033203125	0.2506640625	0.264716796875	0.247578125	0.242197265625	0.249541015625	0.247646484375	0.259404296875	0.236279296875	0.25943359375	0.257216796875	0.258154296875	0.25890625	0.2511328125	0.24052734375	0.246748046875	0.256298828125	0.2586328125	0.253056640625	0.256220703125	0.24798828125	0.257490234375	0.2575	0.235009765625	0.259033203125	0.256708984375	0.25662109375	0.246396484375	0.261689453125	0.244150390625
0.00046875	0.00140625	0.003017578125	0.007734375	0.041201171875	0.080888671875	0.107138671875	0.118154296875	0.194970703125	0.23154296875	0.235126953125	0.234091796875	0.257265625	0.26056640625	0.254453125	0.256455078125	0.261083984375	0.2454296875	0.2578125	0.257939453125	0.25884765625	0.264853515625	0.257099609375	0.25431640625	0.25697265625	0.245869140625	0.253623046875	0.265556640625	0.239287109375	0.25626953125	0.2478125	0.2580078125	0.25869140625	0.256015625	0.25671875	0.260888671875	0.248408203125	0.226416015625	0.261220703125	0.23634765625	0.226005859375
0.000478515625	0.00130859375	0.003359375	0.00431640625	0.05580078125	0.082431640625	0.090634765625	0.11392578125	0.195859375	0.22796875	0.238134765625	0.249931640625	0.248017578125	0.239541015625	0.25099609375	0.26146484375	0.25970703125	0.249453125	0.259814453125	0.2485546875	0.254033203125	0.2397265625	0.252275390625	0.248564453125	0.2475390625	0.25	0.265361328125	0.244619140625	0.257236328125	0.259013671875	0.2445703125	0.2568359375	0.24939453125	0.25787109375	0.259599609375	0.255048828125	0.25099609375	0.248203125	0.261953125	0.256171875	0.257265625
0.000537109375	0.001103515625	0.002470703125	0.003935546875	0.00923828125	0.071396484375	0.0913671875	0.113330078125	0.132841796875	0.20841796875	0.233193359375	0.23818359375	0.24439453125	0.240546875	0.250029296875	0.2541015625	0.256806640625	0.246357421875	0.249072265625	0.261904296875	0.25466796875	0.25890625	0.26400390625	0.257314453125	0.24541015625	0.258583984375	0.2601171875	0.24859375	0.250341796875	0.2574609375	0.2442578125	0.237685546875	0.246064453125	0.245146484375	0.239326171875	0.258955078125	0.257646484375	0.25392578125	0.258427734375	0.263232421875	0.25068359375
0.0004296875	0.0012109375	0.00236328125	0.004716796875	0.010498046875	0.06982421875	0.089541015625	0.093056640625	0.131826171875	0.1528125	0.216650390625	0.2308984375	0.237890625	0.246806640625	0.23947265625	0.25912109375	0.258349609375	0.258544921875	0.259658203125	0.24056640625	0.25794921875	0.260673828125	0.265478515625	0.23677734375	0.266015625	0.258564453125	0.259306640625	0.249248046875	0.25486328125	0.258515625	0.25873046875	0.249677734375	0.256875	0.249384765625	0.261328125	0.257607421875	0.25087890625	0.249228515625	0.26095703125	0.251142578125	0.257666015625
0.0005078125	0.000986328125	0.001708984375	0.004248046875	0.01115234375	0.020029296875	0.078359375	0.09384765625	0.125087890625	0.13728515625	0.161416015625	0.222275390625	0.233955078125	0.243369140625	0.251103515625	0.25341796875	0.2584765625	0.258330078125	0.23453125	0.234619140625	0.25626953125	0.258349609375	0.251103515625	0.23740234375	0.243349609375	0.238779296875	0.25787109375	0.253408203125	0.25986328125	0.259609375	0.255380859375	0.26279296875	0.25912109375	0.242431640625	0.258203125	0.2590234375	0.254677734375	0.259072265625	0.2585546875	0.2589453125	0.249970703125
0.000478515625	0.000869140625	0.00146484375	0.004013671875	0.0108203125	0.02720703125	0.077353515625	0.095185546875	0.104912109375	0.139580078125	0.1629296875	0.2192578125	0.215244140625	0.245341796875	0.232080078125	0.243779296875	0.2459375	0.247041015625	0.251328125	0.246494140625	0.26056640625	0.261064453125	0.25857421875	0.260107421875	0.248115234375	0.23599609375	0.2615625	0.2612109375	0.26107421875	0.24455078125	0.24927734375	0.2555859375	0.244638671875	0.259580078125	0.25857421875	0.256923828125	0.25404296875	0.245166015625	0.249404296875	0.261640625	0.255498046875
0.0005078125	0.001025390625	0.002490234375	0.003681640625	0.010986328125	0.026240234375	0.08076171875	0.0926171875	0.09677734375	0.131455078125	0.152060546875	0.173984375	0.2233203125	0.241103515625	0.246142578125	0.249287109375	0.25328125	0.25490234375	0.2526953125	0.261865234375	0.250107421875	0.239013671875	0.24892578125	0.25828125	0.232119140625	0.259130859375	0.238828125	0.2418359375	0.26185546875	0.25640625	0.248974609375	0.241455078125	0.230869140625	0.259716796875	0.237919921875	0.252265625	0.249716796875	0.263359375	0.2458984375	0.260361328125	0.2465625
0.000390625	0.001337890625	0.001767578125	0.003466796875	0.012119140625	0.0248828125	0.031533203125	0.086103515625	0.100576171875	0.11697265625	0.15048828125	0.1734765625	0.17255859375	0.224638671875	0.2420703125	0.23849609375	0.251650390625	0.253017578125	0.2475	0.263349609375	0.2623828125	0.247001953125	0.2397265625	0.257802734375	0.261142578125	0.2476171875	0.2605078125	0.257666015625	0.245927734375	0.25052734375	0.2342578125	0.247109375	0.25873046875	0.2480859375	0.2453515625	0.23728515625	0.259716796875	0.249677734375	0.259794921875	0.24568359375	0.25994140625
0.000498046875	0.00083984375	0.001806640625	0.002978515625	0.012744140625	0.025576171875	0.032783203125	0.08701171875	0.103017578125	0.1148046875	0.151123046875	0.159345703125	0.18060546875	0.22048828125	0.23423828125	0.238330078125	0.249873046875	0.254541015625	0.23408203125	0.260361328125	0.2620703125	0.2496484375	0.234130859375	0.247890625	0.24904296875	0.257685546875	0.260966796875	0.24650390625	0.26173828125	0.23494140625	0.255048828125	0.24865234375	0.248837890625	0.257421875	0.248505859375	0.2396484375	0.2605859375	0.259345703125	0.261875	0.245693359375	0.251513671875
0.00044921875	0.000849609375	0.001689453125	0.00333984375	0.00873046875	0.01791015625	0.032978515625	0.08693359375	0.086943359375	0.111708984375	0.1212890625	0.158759765625	0.176865234375	0.18083984375	0.225390625	0.23865234375	0.226318359375	0.25078125	0.257353515625	0.25328125	0.259853515625	0.260517578125	0.258330078125	0.26064453125	0.261376953125	0.24611328125	0.250517578125	0.257548828125	0.245048828125	0.246357421875	0.257900390625	0.263154296875	0.2544921875	0.252548828125	0.249072265625	0.248798828125	0.26548828125	0.26265625	0.260146484375	0.247568359375	0.2576171875
0.00048828125	0.001005859375	0.001220703125	0.003017578125	0.01025390625	0.017099609375	0.03212890625	0.0413671875	0.094794921875	0.10673828125	0.1216796875	0.15990234375	0.175400390625	0.186474609375	0.20515625	0.230458984375	0.25134765625	0.24041015625	0.257275390625	0.23974609375	0.252216796875	0.2440234375	0.259501953125	0.262060546875	0.25294921875	0.250693359375	0.248203125	0.24880859375	0.257353515625	0.256201171875	0.25953125	0.25896484375	0.236484375	0.2604296875	0.245771484375	0.25216796875	0.259482421875	0.22751953125	0.256875	0.26052734375	0.2543359375
0.000390625	0.0006640625	0.00138671875	0.00294921875	0.010595703125	0.0180859375	0.03294921875	0.03990234375	0.09294921875	0.11013671875	0.1172265625	0.14490234375	0.172685546875	0.1821484375	0.19765625	0.236826171875	0.231953125	0.251845703125	0.252978515625	0.2478515625	0.250537109375	0.259814453125	0.25544921875	0.25162109375	0.2496484375	0.2563671875	0.260888671875	0.252958984375	0.26119140625	0.261875	0.261201171875	0.2402734375	0.256923828125	0.256025390625	0.252802734375	0.262080078125	0.24439453125	0.2421484375	0.247900390625	0.238759765625	0.255712890625
0.00044921875	0.00076171875	0.001337890625	0.004619140625	0.011201171875	0.01955078125	0.03384765625	0.038154296875	0.091669921875	0.09982421875	0.118125	0.136083984375	0.169326171875	0.173857421875	0.194833984375	0.193427734375	0.229443359375	0.215078125	0.246953125	0.237978515625	0.254365234375	0.24109375	0.246884765625	0.25474609375	0.263154296875	0.23529296875	0.251669921875	0.247158203125	0.253984375	0.257412109375	0.2571484375	0.258330078125	0.260966796875	0.256396484375	0.2462890625	0.24953125	0.236298828125	0.24826171875	0.24271484375	0.244580078125	0.260048828125
0.00041015625	0.00099609375	0.001494140625	0.00384765625	0.012626953125	0.019619140625	0.02388671875	0.040419921875	0.087392578125	0.097109375	0.110927734375	0.129638671875	0.1525	0.165	0.182646484375	0.1980859375	0.2121484375	0.2296875	0.246474609375	0.2359375	0.253369140625	0.252802734375	0.23564453125	0.255673828125	0.23271484375	0.25736328125	0.24802734375	0.24169921875	0.253271484375	0.2297265625	0.24408203125	0.229736328125	0.259853515625	0.256298828125	0.257666015625	0.262197265625	0.246572265625	0.256923828125	0.236220703125	0.256220703125	0.25310546875
0.00041015625	0.0007421875	0.00123046875	0.00318359375	0.00986328125	0.014755859375	0.02271484375	0.04154296875	0.050107421875	0.1009375	0.107744140625	0.139775390625	0.14013671875	0.17796875	0.17568359375	0.181953125	0.20486328125	0.24296875	0.2218359375	0.2304296875	0.253291015625	0.252578125	0.248857421875	0.25302734375	0.248115234375	0.256201171875	0.24373046875	0.25767578125	0.239111328125	0.255654296875	0.25869140625	0.24578125	0.25833984375	0.26212890625	0.238759765625	0.238037109375	0.255791015625	0.259873046875	0.250849609375	0.2623046875	0.2441796875
0.000419921875	0.00064453125	0.001396484375	0.00494140625	0.0103125	0.01740234375	0.02392578125	0.041337890625	0.04478515625	0.097158203125	0.109189453125	0.125400390625	0.14328125	0.1629296875	0.190556640625	0.1894921875	0.2119921875	0.20529296875	0.2416796875	0.242294921875	0.25517578125	0.2512890625	0.24484375	0.253759765625	0.2544140625	0.246328125	0.235546875	0.252392578125	0.257890625	0.246884765625	0.2615625	0.24619140625	0.2598828125	0.245703125	0.257001953125	0.2458203125	0.257646484375	0.25546875	0.268916015625	0.250302734375	0.236083984375
0.00033203125	0.000654296875	0.001142578125	0.004013671875	0.008486328125	0.0150390625	0.02560546875	0.040146484375	0.0447265625	0.058046875	0.107353515625	0.1191796875	0.150458984375	0.156748046875	0.18943359375	0.188388671875	0.20818359375	0.204990234375	0.215419921875	0.24240234375	0.21828125	0.253681640625	0.254306640625	0.24701171875	0.247353515625	0.252548828125	0.247275390625	0.249580078125	0.26125	0.25869140625	0.25732421875	0.254951171875	0.2578515625	0.257255859375	0.250166015625	0.245732421875	0.244560546875	0.25623046875	0.2595703125	0.255625	0.255419921875
0.00048828125	0.0007421875	0.001689453125	0.004599609375	0.0107421875	0.01515625	0.025458984375	0.029853515625	0.044306640625	0.0560546875	0.1069140625	0.108349609375	0.151552734375	0.14119140625	0.17640625	0.19421875	0.19166015625	0.198740234375	0.217685546875	0.245771484375	0.239619140625	0.2454296875	0.25587890625	0.25658203125	0.229287109375	0.247001953125	0.24453125	0.24408203125	0.246513671875	0.25806640625	0.247412109375	0.260224609375	0.2483203125	0.25869140625	0.260390625	0.246328125	0.237392578125	0.24412109375	0.2565234375	0.26287109375	0.25814453125
0.0005078125	0.000615234375	0.001923828125	0.005634765625	0.009287109375	0.01671875	0.027216796875	0.0312890625	0.05009765625	0.056533203125	0.10169921875	0.1144921875	0.1494921875	0.159716796875	0.1756640625	0.1946875	0.2008203125	0.20240234375	0.2062109375	0.197802734375	0.24056640625	0.2412890625	0.24171875	0.253388671875	0.255703125	0.253349609375	0.256337890625	0.251513671875	0.253564453125	0.241748046875	0.255263671875	0.257548828125	0.25779296875	0.25392578125	0.26158203125	0.259169921875	0.2638671875	0.249013671875	0.2503515625	0.2569140625	0.247275390625
0.000390625	0.00076171875	0.001396484375	0.00513671875	0.010908203125	0.015	0.020361328125	0.032578125	0.050390625	0.0603125	0.06876953125	0.110908203125	0.13880859375	0.15173828125	0.1753125	0.174775390625	0.198271484375	0.20849609375	0.201689453125	0.206103515625	0.221943359375	0.240751953125	0.22392578125	0.254423828125	0.227734375	0.241376953125	0.250498046875	0.24306640625	0.24912109375	0.2619140625	0.240751953125	0.248427734375	0.259208984375	0.2483984375	0.264052734375	0.250107421875	0.262138671875	0.259208984375	0.254716796875	0.254365234375	0.24947265625
0.000478515625	0.000673828125	0.002607421875	0.003662109375	0.009130859375	0.01513671875	0.0233984375	0.03236328125	0.05119140625	0.05509765625	0.07470703125	0.116064453125	0.136015625	0.14978515625	0.173681640625	0.18505859375	0.198662109375	0.20478515625	0.213232421875	0.21783203125	0.207646484375	0.237939453125	0.233212890625	0.247060546875	0.24560546875	0.255703125	0.253515625	0.259521484375	0.257587890625	0.255029296875	0.246171875	0.24228515625	0.260966796875	0.25953125	0.256435546875	0.239208984375	0.25064453125	0.252958984375	0.259912109375	0.24763671875	0.25751953125
0.0004296875	0.000517578125	0.002314453125	0.005478515625	0.00806640625	0.013740234375	0.023798828125	0.03556640625	0.041328125	0.056591796875	0.074375	0.111552734375	0.12423828125	0.1562890625	0.171630859375	0.18267578125	0.189970703125	0.203271484375	0.203212890625	0.2143359375	0.200390625	0.220595703125	0.231591796875	0.235908203125	0.2530859375	0.251435546875	0.256728515625	0.254111328125	0.25552734375	0.23248046875	0.2451953125	0.250615234375	0.252880859375	0.240576171875	0.245341796875	0.248798828125	0.23640625	0.25236328125	0.258125	0.250078125	0.259677734375
0.00046875	0.000673828125	0.002373046875	0.00615234375	0.010341796875	0.0160546875	0.023955078125	0.029345703125	0.043369140625	0.0615625	0.074033203125	0.110263671875	0.1176171875	0.15330078125	0.164345703125	0.182021484375	0.18638671875	0.2001171875	0.2028125	0.211767578125	0.211533203125	0.212548828125	0.242021484375	0.235732421875	0.248955078125	0.250712890625	0.23466796875	0.251142578125	0.237978515625	0.25759765625	0.254873046875	0.25595703125	0.25228515625	0.237294921875	0.2588671875	0.263251953125	0.252138671875	0.2414453125	0.26052734375	0.2427734375	0.26314453125
0.0005078125	0.000654296875	0.003369140625	0.0059765625	0.01017578125	0.015830078125	0.02609375	0.034912109375	0.0415625	0.06103515625	0.077890625	0.091923828125	0.122099609375	0.150078125	0.1709375	0.181328125	0.171748046875	0.18494140625	0.20505859375	0.213525390625	0.20849609375	0.20111328125	0.22138671875	0.242119140625	0.24822265625	0.23001953125	0.245283203125	0.25427734375	0.255146484375	0.252880859375	0.256005859375	0.26046875	0.24263671875	0.24404296875	0.246103515625	0.25966796875	0.249873046875	0.239091796875	0.248193359375	0.251103515625	0.2505078125
0.000390625	0.000810546875	0.00265625	0.005966796875	0.01037109375	0.01697265625	0.023046875	0.029892578125	0.048828125	0.055732421875	0.078212890625	0.091455078125	0.121650390625	0.1498828125	0.16654296875	0.1819921875	0.1723828125	0.183837890625	0.188203125	0.20533203125	0.214912109375	0.214931640625	0.211650390625	0.210263671875	0.236396484375	0.246337890625	0.250048828125	0.243759765625	0.24279296875	0.2552734375	0.2556640625	0.253232421875	0.239853515625	0.2398828125	0.2539453125	0.258134765625	0.249443359375	0.25171875	0.25677734375	0.238994140625	0.2560546875
0.00048828125	0.000673828125	0.002587890625	0.006806640625	0.011123046875	0.014501953125	0.02638671875	0.03251953125	0.046455078125	0.054794921875	0.075830078125	0.088251953125	0.1013671875	0.1450390625	0.1671875	0.177177734375	0.170380859375	0.181181640625	0.1727734375	0.200302734375	0.213037109375	0.214443359375	0.215927734375	0.209736328125	0.220322265625	0.25134765625	0.249326171875	0.230185546875	0.24765625	0.253798828125	0.243505859375	0.240546875	0.259013671875	0.248154296875	0.239697265625	0.245302734375	0.256904296875	0.264892578125	0.25142578125	0.260703125	0.247177734375
0.000478515625	0.00080078125	0.00283203125	0.0067578125	0.012080078125	0.0183203125	0.025478515625	0.03359375	0.051357421875	0.05724609375	0.080849609375	0.094912109375	0.09166015625	0.136162109375	0.167060546875	0.178134765625	0.18615234375	0.183974609375	0.175732421875	0.20431640625	0.19609375	0.19654296875	0.207958984375	0.219365234375	0.220322265625	0.24263671875	0.248759765625	0.24888671875	0.253916015625	0.251552734375	0.260400390625	0.244501953125	0.246533203125	0.231875	0.256865234375	0.24873046875	0.245673828125	0.252080078125	0.260322265625	0.2557421875	0.246015625
0.000390625	0.001103515625	0.00296875	0.00708984375	0.011162109375	0.01904296875	0.02873046875	0.031748046875	0.051865234375	0.051279296875	0.078154296875	0.097060546875	0.098330078125	0.129501953125	0.160419921875	0.165458984375	0.184208984375	0.18013671875	0.180947265625	0.18365234375	0.209638671875	0.1965625	0.2144140625	0.211337890625	0.2101953125	0.202119140625	0.251337890625	0.246630859375	0.2539453125	0.227958984375	0.242880859375	0.261513671875	0.255498046875	0.24310546875	0.25544921875	0.254716796875	0.25888671875	0.24505859375	0.256640625	0.24341796875	0.244189453125
0.000478515625	0.000927734375	0.002880859375	0.00666015625	0.0141015625	0.01931640625	0.026396484375	0.0351953125	0.052333984375	0.06060546875	0.0809375	0.0927734375	0.10466796875	0.09720703125	0.163125	0.17001953125	0.18533203125	0.18736328125	0.19171875	0.1905078125	0.1949609375	0.20525390625	0.19751953125	0.215234375	0.2194140625	0.21833984375	0.210078125	0.252236328125	0.250380859375	0.23673828125	0.254267578125	0.2534375	0.260361328125	0.240166015625	0.2444921875	0.25642578125	0.252880859375	0.245947265625	0.247216796875	0.233349609375	0.257333984375
0.000439453125	0.000947265625	0.00359375	0.008818359375	0.00958984375	0.019736328125	0.029521484375	0.038134765625	0.034677734375	0.06333984375	0.062412109375	0.095458984375	0.103740234375	0.1023046875	0.169951171875	0.171298828125	0.163759765625	0.169951171875	0.186572265625	0.182041015625	0.16767578125	0.20900390625	0.20517578125	0.216044921875	0.214560546875	0.2003125	0.21248046875	0.25091796875	0.228115234375	0.249443359375	0.251396484375	0.254052734375	0.21458984375	0.259765625	0.233134765625	0.253115234375	0.245224609375	0.235419921875	0.24470703125	0.24408203125	0.259931640625
