0.0009765625	0.731787109375	0.646845703125	0.67294921875	0.735986328125	0.707275390625	0.678251953125	0.73263671875	0.70255859375	0.677666015625	0.736474609375	0.70181640625	0.7379296875	0.735400390625	0.7031640625	0.734697265625	0.7366796875	0.73169921875	0.7408203125	0.71009765625	0.738046875	0.7335546875	0.707548828125	0.73302734375	0.73400390625	0.6744140625	0.707490234375	0.7337890625	0.73173828125	0.7417578125	0.729306640625	0.7383203125	0.710439453125	0.74341796875	0.67607421875	0.70568359375	0.7332421875	0.734404296875	0.673642578125	0.733115234375	0.701201171875
0.0009765625	0.277099609375	0.704853515625	0.67880859375	0.735439453125	0.737822265625	0.7290234375	0.708251953125	0.70482421875	0.73703125	0.73208984375	0.73181640625	0.706826171875	0.70505859375	0.705419921875	0.73888671875	0.707392578125	0.673828125	0.737333984375	0.701796875	0.70591796875	0.732744140625	0.681337890625	0.703037109375	0.735205078125	0.70828125	0.733896484375	0.70677734375	0.6991796875	0.708681640625	0.647626953125	0.732060546875	0.73876953125	0.73525390625	0.735166015625	0.7012890625	0.712587890625	0.72779296875	0.701572265625	0.73169921875	0.73046875
0.0009765625	0.0737890625	0.29173828125	0.6737890625	0.70701171875	0.73369140625	0.72359375	0.6780078125	0.73337890625	0.73025390625	0.73529296875	0.74041015625	0.674775390625	0.72962890625	0.641123046875	0.70404296875	0.72919921875	0.731591796875	0.733515625	0.70591796875	0.710302734375	0.699169921875	0.67505859375	0.734169921875	0.740166015625	0.62009765625	0.707685546875	0.74119140625	0.704814453125	0.73365234375	0.73900390625	0.705771484375	0.7393359375	0.736591796875	0.6758984375	0.671806640625	0.69798828125	0.734560546875	0.6687109375	0.73189453125	0.739150390625
0.0009765625	0.0726171875	0.233232421875	0.264970703125	0.738408203125	0.734765625	0.734853515625	0.711044921875	0.70150390625	0.731083984375	0.732021484375	0.739189453125	0.73455078125	0.710576171875	0.709677734375	0.7387890625	0.7013671875	0.702001953125	0.734111328125	0.70837890625	0.744775390625	0.73814453125	0.73505859375	0.74208984375	0.708671875	0.74001953125	0.7038671875	0.735380859375	0.73208984375	0.7376171875	0.735546875	0.73716796875	0.679501953125	0.674111328125	0.735966796875	0.64865234375	0.703525390625	0.707412109375	0.676689453125	0.73490234375	0.677294921875
0.0009765625	0.0066796875	0.07841796875	0.248828125	0.282626953125	0.676767578125	0.735361328125	0.734482421875	0.734853515625	0.669560546875	0.7301953125	0.705966796875	0.70603515625	0.708525390625	0.73056640625	0.70658203125	0.74142578125	0.705302734375	0.729560546875	0.734013671875	0.682724609375	0.73103515625	0.6754296875	0.703037109375	0.701845703125	0.708330078125	0.676259765625	0.7342578125	0.67865234375	0.710126953125	0.7322265625	0.73177734375	0.737509765625	0.7296484375	0.74154296875	0.675390625	0.738466796875	0.729208984375	0.703505859375	0.67486328125	0.64689453125
0.0009765625	0.003564453125	0.064853515625	0.118408203125	0.281748046875	0.31548828125	0.709580078125	0.70283203125	0.70623046875	0.645078125	0.700400390625	0.707763671875	0.70232421875	0.712080078125	0.73232421875	0.736767578125	0.73439453125	0.706376953125	0.73404296875	0.74060546875	0.731015625	0.735771484375	0.701318359375	0.732919921875	0.70748046875	0.73423828125	0.64380859375	0.705751953125	0.73466796875	0.734423828125	0.70701171875	0.698662109375	0.67345703125	0.73537109375	0.729150390625	0.7076953125	0.732041015625	0.738447265625	0.676376953125	0.710224609375	0.70947265625
0.0009765625	0.004287109375	0.071171875	0.080478515625	0.22958984375	0.291875	0.344384765625	0.7346875	0.706474609375	0.675068359375	0.7381640625	0.73435546875	0.70466796875	0.736162109375	0.733408203125	0.7355078125	0.730693359375	0.7087109375	0.73072265625	0.70625	0.741171875	0.7084765625	0.7062890625	0.73119140625	0.712294921875	0.73369140625	0.7079296875	0.73765625	0.70453125	0.62177734375	0.733291015625	0.706826171875	0.625107421875	0.7310546875	0.734873046875	0.728818359375	0.73677734375	0.67375	0.73482421875	0.734833984375	0.736171875
0.0009765625	0.00384765625	0.009501953125	0.082490234375	0.1103125	0.269951171875	0.3405078125	0.489384765625	0.708466796875	0.7319140625	0.73796875	0.702958984375	0.740283203125	0.735693359375	0.7090234375	0.67326171875	0.735830078125	0.732568359375	0.733955078125	0.67884765625	0.669892578125	0.73689453125	0.702734375	0.677392578125	0.73560546875	0.7041015625	0.710498046875	0.701396484375	0.736552734375	0.73541015625	0.73365234375	0.704814453125	0.701796875	0.7029296875	0.731875	0.707421875	0.735732421875	0.73337890625	0.705673828125	0.7051953125	0.731416015625
0.0009765625	0.003427734375	0.007001953125	0.07126953125	0.074140625	0.12021484375	0.28833984375	0.38025390625	0.419560546875	0.70267578125	0.70919921875	0.7384765625	0.706220703125	0.708681640625	0.736953125	0.73248046875	0.739423828125	0.73421875	0.703623046875	0.73474609375	0.680234375	0.702548828125	0.702939453125	0.737890625	0.705615234375	0.70462890625	0.70177734375	0.732587890625	0.650849609375	0.73056640625	0.7083203125	0.70181640625	0.7067578125	0.739716796875	0.707275390625	0.73712890625	0.73369140625	0.73193359375	0.6190625	0.734541015625	0.702734375
0.0009765625	0.002236328125	0.00615234375	0.008720703125	0.07775390625	0.13533203125	0.1685546875	0.36595703125	0.401845703125	0.49115234375	0.7071875	0.70349609375	0.704833984375	0.737314453125	0.737236328125	0.703935546875	0.704912109375	0.704384765625	0.70578125	0.7359375	0.7012109375	0.70392578125	0.703857421875	0.73943359375	0.7342578125	0.733486328125	0.736845703125	0.738154296875	0.7375390625	0.743388671875	0.707314453125	0.703837890625	0.732138671875	0.7394140625	0.646162109375	0.736083984375	0.739853515625	0.700908203125	0.738759765625	0.73787109375	0.71111328125
0.0009765625	0.0024609375	0.005078125	0.0087890625	0.06904296875	0.093818359375	0.158857421875	0.298896484375	0.36787109375	0.48142578125	0.5019921875	0.70283203125	0.705517578125	0.740390625	0.705625	0.677744140625	0.70677734375	0.701298828125	0.73134765625	0.674755859375	0.734130859375	0.729306640625	0.73640625	0.736484375	0.705634765625	0.679453125	0.70146484375	0.73220703125	0.734111328125	0.729921875	0.7330078125	0.704169921875	0.733564453125	0.731826171875	0.67150390625	0.735634765625	0.73072265625	0.73486328125	0.704599609375	0.736416015625	0.702421875
0.0009765625	0.002373046875	0.004423828125	0.010908203125	0.05955078125	0.121611328125	0.166171875	0.185048828125	0.349521484375	0.476201171875	0.54380859375	0.568681640625	0.7336328125	0.73861328125	0.727998046875	0.72984375	0.734638671875	0.701943359375	0.734140625	0.713935546875	0.735888671875	0.74369140625	0.7323046875	0.731240234375	0.7333203125	0.7000390625	0.728984375	0.743857421875	0.6775	0.72951171875	0.70716796875	0.73962890625	0.736064453125	0.7323828125	0.7323046875	0.73470703125	0.708974609375	0.640966796875	0.740009765625	0.673125	0.64736328125
0.0009765625	0.00208984375	0.00486328125	0.00591796875	0.08142578125	0.1220703125	0.137666015625	0.179169921875	0.349521484375	0.4534765625	0.506240234375	0.577333984375	0.62892578125	0.67541015625	0.70984375	0.735556640625	0.732529296875	0.706875	0.734560546875	0.703505859375	0.711572265625	0.6746484375	0.706943359375	0.706142578125	0.70310546875	0.7054296875	0.742861328125	0.681298828125	0.732451171875	0.7378125	0.700341796875	0.73228515625	0.7103515625	0.731201171875	0.734482421875	0.709384765625	0.70716796875	0.70361328125	0.7409375	0.732548828125	0.7335546875
0.0009765625	0.00189453125	0.003603515625	0.00541015625	0.01337890625	0.107802734375	0.137607421875	0.177060546875	0.21845703125	0.39392578125	0.504267578125	0.560009765625	0.621611328125	0.641005859375	0.70734375	0.727998046875	0.73501953125	0.70193359375	0.704287109375	0.740849609375	0.7304296875	0.7340234375	0.7392578125	0.73138671875	0.70173828125	0.735419921875	0.73634765625	0.708623046875	0.703662109375	0.732802734375	0.704453125	0.6757421875	0.70109375	0.70083984375	0.675546875	0.73791015625	0.734091796875	0.72748046875	0.732138671875	0.738603515625	0.706064453125
0.0009765625	0.002099609375	0.003564453125	0.006376953125	0.015029296875	0.105224609375	0.13876953125	0.144912109375	0.212861328125	0.2743359375	0.43552734375	0.510009765625	0.585029296875	0.654560546875	0.67583984375	0.73158203125	0.735341796875	0.727998046875	0.7328515625	0.67728515625	0.73025390625	0.73625	0.738984375	0.676015625	0.73939453125	0.737255859375	0.733515625	0.703779296875	0.728798828125	0.7351171875	0.7366015625	0.704931640625	0.7324609375	0.707294921875	0.738232421875	0.7359765625	0.72685546875	0.706513671875	0.73705078125	0.728291015625	0.73544921875
0.0009765625	0.00169921875	0.002822265625	0.0058984375	0.015908203125	0.030634765625	0.1180078125	0.144345703125	0.2014453125	0.229931640625	0.289833984375	0.466376953125	0.55677734375	0.666298828125	0.70576171875	0.726884765625	0.736396484375	0.73439453125	0.673701171875	0.671748046875	0.735205078125	0.733779296875	0.70986328125	0.675390625	0.6798828125	0.677646484375	0.735537109375	0.730224609375	0.7366015625	0.7398046875	0.729638671875	0.737587890625	0.736435546875	0.681806640625	0.73384765625	0.731416015625	0.72587890625	0.7351953125	0.735146484375	0.735673828125	0.707275390625
0.0009765625	0.00166015625	0.0023046875	0.005732421875	0.016533203125	0.040390625	0.116083984375	0.145283203125	0.167265625	0.23583984375	0.293720703125	0.47091796875	0.485966796875	0.661142578125	0.6434765625	0.695888671875	0.699365234375	0.70466796875	0.71021484375	0.703515625	0.737568359375	0.738515625	0.7334375	0.7331640625	0.705771484375	0.672333984375	0.7322265625	0.7331640625	0.739072265625	0.6996484375	0.70791015625	0.73294921875	0.702705078125	0.7363671875	0.735380859375	0.727060546875	0.732333984375	0.7025390625	0.70244140625	0.738271484375	0.73212890625
0.0009765625	0.001884765625	0.00365234375	0.005048828125	0.016484375	0.04	0.119287109375	0.1416015625	0.152900390625	0.223203125	0.2693359375	0.3337890625	0.54263671875	0.64142578125	0.696396484375	0.718203125	0.727861328125	0.7298046875	0.70705078125	0.736806640625	0.703359375	0.674208984375	0.70580078125	0.737041015625	0.673193359375	0.733642578125	0.680400390625	0.6991796875	0.73708984375	0.732685546875	0.70224609375	0.7002734375	0.6530078125	0.73591796875	0.672646484375	0.709853515625	0.702080078125	0.744052734375	0.703310546875	0.73494140625	0.6996484375
0.0009765625	0.00197265625	0.002763671875	0.005009765625	0.01818359375	0.036953125	0.046669921875	0.132109375	0.157919921875	0.190166015625	0.267109375	0.34041015625	0.38416015625	0.569736328125	0.694326171875	0.682392578125	0.728115234375	0.73134765625	0.701953125	0.74205078125	0.743251953125	0.701201171875	0.678505859375	0.733642578125	0.735888671875	0.70416015625	0.73646484375	0.735009765625	0.70521484375	0.707783203125	0.672373046875	0.705615234375	0.737099609375	0.703798828125	0.70125	0.67833984375	0.734541015625	0.705966796875	0.735869140625	0.70326171875	0.736591796875
0.0009765625	0.00146484375	0.0028515625	0.00427734375	0.01896484375	0.0386328125	0.048466796875	0.132451171875	0.165126953125	0.190283203125	0.274443359375	0.315673828125	0.38908203125	0.56291015625	0.667724609375	0.679072265625	0.721923828125	0.727001953125	0.676005859375	0.732705078125	0.740205078125	0.707802734375	0.67177734375	0.70435546875	0.705439453125	0.7380078125	0.73771484375	0.701083984375	0.7373828125	0.675439453125	0.729462890625	0.704921875	0.70412109375	0.732548828125	0.70576171875	0.673623046875	0.737373046875	0.735595703125	0.738896484375	0.70658203125	0.70736328125
0.0009765625	0.001572265625	0.002626953125	0.004931640625	0.012763671875	0.026904296875	0.050595703125	0.135634765625	0.1401953125	0.1810546875	0.206787109375	0.32318359375	0.389716796875	0.4475	0.651689453125	0.697470703125	0.659619140625	0.726103515625	0.733046875	0.727890625	0.734462890625	0.7387890625	0.736201171875	0.737685546875	0.73720703125	0.69892578125	0.703583984375	0.73119140625	0.70103515625	0.70130859375	0.73384765625	0.7389453125	0.729384765625	0.708544921875	0.705107421875	0.702919921875	0.74005859375	0.7334765625	0.7383203125	0.706416015625	0.73515625
0.0009765625	0.00166015625	0.002216796875	0.00455078125	0.015947265625	0.025654296875	0.048134765625	0.065576171875	0.15150390625	0.1788671875	0.217294921875	0.322529296875	0.4194140625	0.525869140625	0.609375	0.67052734375	0.721005859375	0.69509765625	0.73138671875	0.694443359375	0.725556640625	0.700556640625	0.73708984375	0.737021484375	0.7126171875	0.712578125	0.70751953125	0.70462890625	0.73224609375	0.734443359375	0.734814453125	0.732490234375	0.674423828125	0.734326171875	0.7016015625	0.709501953125	0.736015625	0.646923828125	0.732998046875	0.732626953125	0.728828125
0.0009765625	0.00140625	0.0021875	0.0043359375	0.01599609375	0.02693359375	0.0499609375	0.064091796875	0.14666015625	0.187216796875	0.206328125	0.314306640625	0.4162890625	0.535810546875	0.606923828125	0.695634765625	0.6759375	0.7172265625	0.73048828125	0.7046484375	0.72609375	0.7339453125	0.73275390625	0.712373046875	0.70466796875	0.732724609375	0.73248046875	0.729560546875	0.739326171875	0.735068359375	0.7343359375	0.679951171875	0.73291015625	0.73291015625	0.712080078125	0.737294921875	0.701767578125	0.680234375	0.70431640625	0.680712890625	0.73234375
0.0009765625	0.00142578125	0.002421875	0.007431640625	0.01708984375	0.029931640625	0.05314453125	0.061513671875	0.146982421875	0.1667578125	0.214833984375	0.288154296875	0.483896484375	0.519345703125	0.605625	0.600634765625	0.676181640625	0.629462890625	0.719443359375	0.67349609375	0.731220703125	0.698759765625	0.70314453125	0.73435546875	0.73978515625	0.671923828125	0.710908203125	0.70375	0.728828125	0.734365234375	0.731806640625	0.73400390625	0.739091796875	0.72845703125	0.701162109375	0.7074609375	0.6775390625	0.705654296875	0.680751953125	0.698017578125	0.736494140625
0.0009765625	0.001728515625	0.002490234375	0.00611328125	0.01859375	0.029501953125	0.037939453125	0.065380859375	0.141845703125	0.16654296875	0.206796875	0.386513671875	0.48208984375	0.518837890625	0.583271484375	0.621748046875	0.62412109375	0.679970703125	0.722783203125	0.673251953125	0.728681640625	0.727353515625	0.672373046875	0.732763671875	0.667080078125	0.7359375	0.70232421875	0.679931640625	0.7105859375	0.647900390625	0.700634765625	0.650537109375	0.734599609375	0.73205078125	0.73328125	0.7388671875	0.700947265625	0.734619140625	0.672265625	0.713857421875	0.707431640625
0.0009765625	0.001376953125	0.002138671875	0.0057421875	0.015537109375	0.0231640625	0.03576171875	0.066689453125	0.091201171875	0.175302734375	0.223671875	0.44599609375	0.45337890625	0.565400390625	0.56734375	0.581064453125	0.6361328125	0.713046875	0.654541015625	0.669716796875	0.7285546875	0.7282421875	0.706083984375	0.7262109375	0.706044921875	0.732919921875	0.7015234375	0.731669921875	0.674814453125	0.7299609375	0.732646484375	0.701572265625	0.736923828125	0.742890625	0.6726171875	0.678447265625	0.733134765625	0.732177734375	0.708349609375	0.737412109375	0.69880859375
0.0009765625	0.001201171875	0.002265625	0.007880859375	0.01595703125	0.027314453125	0.039970703125	0.073212890625	0.08619140625	0.199794921875	0.40287109375	0.4269140625	0.5037890625	0.55421875	0.6180078125	0.611123046875	0.66185546875	0.640126953125	0.713251953125	0.714248046875	0.726845703125	0.72435546875	0.70056640625	0.7291015625	0.731455078125	0.703525390625	0.671708984375	0.708681640625	0.731708984375	0.702607421875	0.736904296875	0.701484375	0.73529296875	0.707529296875	0.731748046875	0.701162109375	0.734296875	0.73263671875	0.742646484375	0.70662109375	0.673408203125
0.0009765625	0.001259765625	0.0019921875	0.006396484375	0.01451171875	0.02513671875	0.0421484375	0.070859375	0.15796875	0.2471484375	0.422978515625	0.44669921875	0.531826171875	0.53150390625	0.622353515625	0.607392578125	0.6573046875	0.633388671875	0.664306640625	0.71361328125	0.633203125	0.72759765625	0.72869140625	0.7048828125	0.70708984375	0.72716796875	0.704736328125	0.703818359375	0.736484375	0.736376953125	0.735908203125	0.733076171875	0.73484375	0.730859375	0.706435546875	0.6816796875	0.703447265625	0.730361328125	0.73685546875	0.732529296875	0.7293359375
0.0009765625	0.0013671875	0.0026953125	0.0075390625	0.01681640625	0.02474609375	0.042646484375	0.065283203125	0.158203125	0.2491796875	0.426826171875	0.421962890625	0.53326171875	0.4891015625	0.601376953125	0.630107421875	0.604228515625	0.612724609375	0.67064453125	0.71611328125	0.713447265625	0.7001171875	0.73142578125	0.733583984375	0.646845703125	0.702900390625	0.7004296875	0.700771484375	0.704091796875	0.73646484375	0.70697265625	0.73638671875	0.70353515625	0.731435546875	0.738037109375	0.700751953125	0.67404296875	0.681357421875	0.73240234375	0.734990234375	0.734453125
0.0009765625	0.001240234375	0.003291015625	0.008671875	0.015400390625	0.029091796875	0.055458984375	0.12673828125	0.250869140625	0.256767578125	0.418017578125	0.447607421875	0.5438671875	0.56701171875	0.607626953125	0.63541015625	0.64703125	0.630947265625	0.637490234375	0.613857421875	0.71755859375	0.716474609375	0.69603515625	0.730283203125	0.729365234375	0.731103515625	0.727998046875	0.724912109375	0.72591796875	0.700947265625	0.729423828125	0.73333984375	0.734462890625	0.733759765625	0.736943359375	0.7312109375	0.744287109375	0.70806640625	0.706826171875	0.733994140625	0.7051953125
0.0009765625	0.00138671875	0.002568359375	0.008076171875	0.017978515625	0.025654296875	0.0501171875	0.162001953125	0.247177734375	0.266318359375	0.287119140625	0.43619140625	0.519169921875	0.545791015625	0.60181640625	0.589560546875	0.64740234375	0.6587109375	0.628798828125	0.63720703125	0.671923828125	0.71345703125	0.66376953125	0.730869140625	0.646455078125	0.696875	0.727890625	0.699345703125	0.70734375	0.733310546875	0.69482421875	0.7090625	0.73259765625	0.703798828125	0.73765625	0.7026171875	0.740078125	0.734794921875	0.7315625	0.730654296875	0.72208984375
0.0009765625	0.00126953125	0.004384765625	0.005947265625	0.016240234375	0.033447265625	0.094765625	0.160439453125	0.248056640625	0.243623046875	0.3092578125	0.449287109375	0.521875	0.550693359375	0.607431640625	0.617216796875	0.647861328125	0.65498046875	0.6598828125	0.666728515625	0.644912109375	0.690615234375	0.685673828125	0.724326171875	0.70228515625	0.730634765625	0.730517578125	0.734697265625	0.733779296875	0.731015625	0.7039453125	0.69765625	0.731591796875	0.737509765625	0.73333984375	0.679208984375	0.707041015625	0.709296875	0.735166015625	0.7032421875	0.733154296875
0.0009765625	0.001162109375	0.00396484375	0.00931640625	0.02021484375	0.061513671875	0.1143359375	0.1688671875	0.1785546875	0.2467578125	0.30919921875	0.43552734375	0.477490234375	0.566455078125	0.601689453125	0.61919921875	0.6246484375	0.649248046875	0.634423828125	0.663232421875	0.616689453125	0.669873046875	0.68673828125	0.689052734375	0.728740234375	0.725166015625	0.73796875	0.726796875	0.731396484375	0.6688671875	0.702255859375	0.723740234375	0.728193359375	0.685166015625	0.704384765625	0.7024609375	0.67564453125	0.7101953125	0.73630859375	0.706240234375	0.735224609375
0.0009765625	0.001259765625	0.00419921875	0.0108203125	0.024931640625	0.080830078125	0.1109375	0.142568359375	0.18375	0.2686328125	0.298623046875	0.435029296875	0.451689453125	0.558095703125	0.577958984375	0.62021484375	0.6195703125	0.645283203125	0.63517578125	0.664013671875	0.6436328125	0.644482421875	0.71396484375	0.687431640625	0.724873046875	0.729248046875	0.673271484375	0.728408203125	0.67498046875	0.732626953125	0.72783203125	0.728740234375	0.726650390625	0.675146484375	0.738486328125	0.738232421875	0.70732421875	0.68205078125	0.737890625	0.6829296875	0.736337890625
0.0009765625	0.00125	0.005439453125	0.011064453125	0.042958984375	0.07580078125	0.12048828125	0.159052734375	0.1759375	0.256337890625	0.312255859375	0.343916015625	0.468115234375	0.5515234375	0.6109765625	0.621787109375	0.576708984375	0.602890625	0.653046875	0.66732421875	0.639677734375	0.616044921875	0.669560546875	0.71916015625	0.72046875	0.664453125	0.7015234375	0.731298828125	0.730791015625	0.7283984375	0.732763671875	0.731796875	0.70115234375	0.70193359375	0.701298828125	0.734482421875	0.7080859375	0.676728515625	0.703955078125	0.70685546875	0.709306640625
0.0009765625	0.00142578125	0.005322265625	0.020048828125	0.048447265625	0.071416015625	0.10419921875	0.1209375	0.20435546875	0.235322265625	0.3144921875	0.342939453125	0.47408203125	0.552373046875	0.591103515625	0.61314453125	0.575400390625	0.5980859375	0.597080078125	0.63576171875	0.66611328125	0.66568359375	0.641142578125	0.64240234375	0.692490234375	0.721318359375	0.722802734375	0.701103515625	0.696669921875	0.7317578125	0.733525390625	0.727734375	0.699580078125	0.69654296875	0.727568359375	0.730576171875	0.706943359375	0.7091015625	0.733994140625	0.67759765625	0.730908203125
0.0009765625	0.001396484375	0.00822265625	0.02943359375	0.045166015625	0.060791015625	0.106328125	0.129365234375	0.188046875	0.2055078125	0.299091796875	0.330869140625	0.354677734375	0.535517578125	0.59240234375	0.614775390625	0.570751953125	0.5987109375	0.573974609375	0.6380078125	0.657177734375	0.6678515625	0.66453125	0.641552734375	0.669345703125	0.723046875	0.725068359375	0.66669921875	0.702197265625	0.727841796875	0.69677734375	0.695126953125	0.732490234375	0.70302734375	0.676962890625	0.7019140625	0.733671875	0.737802734375	0.70564453125	0.739775390625	0.705966796875
0.0009765625	0.00154296875	0.01017578125	0.02796875	0.048134765625	0.072177734375	0.09998046875	0.130751953125	0.2075	0.208662109375	0.31109375	0.347158203125	0.3179296875	0.505830078125	0.5959375	0.61349609375	0.622529296875	0.602939453125	0.57400390625	0.65009765625	0.612763671875	0.611787109375	0.63849609375	0.667880859375	0.67322265625	0.710830078125	0.7203515625	0.720146484375	0.73181640625	0.731689453125	0.732314453125	0.700068359375	0.706923828125	0.66609375	0.73083984375	0.699736328125	0.70216796875	0.725107421875	0.732080078125	0.733017578125	0.70404296875
0.0009765625	0.00244140625	0.011435546875	0.02779296875	0.04140625	0.073994140625	0.114208984375	0.120537109375	0.203251953125	0.182099609375	0.304228515625	0.350634765625	0.34177734375	0.491337890625	0.568515625	0.577421875	0.620908203125	0.595478515625	0.594951171875	0.6006640625	0.664541015625	0.612275390625	0.660498046875	0.642998046875	0.6446875	0.61611328125	0.72642578125	0.72125	0.728359375	0.647099609375	0.700419921875	0.73205078125	0.733984375	0.70220703125	0.72982421875	0.7335546875	0.735703125	0.697890625	0.73052734375	0.701640625	0.700283203125
0.0009765625	0.00263671875	0.010107421875	0.024716796875	0.053369140625	0.07271484375	0.10232421875	0.132001953125	0.2046484375	0.219775390625	0.313427734375	0.33486328125	0.3581640625	0.32970703125	0.5783984375	0.60150390625	0.6241796875	0.6242578125	0.62513671875	0.62478515625	0.6121484375	0.636640625	0.612197265625	0.66798828125	0.6737109375	0.669189453125	0.64279296875	0.722587890625	0.726015625	0.68935546875	0.73005859375	0.730361328125	0.73609375	0.696435546875	0.700224609375	0.730498046875	0.728671875	0.71970703125	0.706044921875	0.669990234375	0.736708984375
0.0009765625	0.00248046875	0.0130078125	0.030341796875	0.03453125	0.0699609375	0.10873046875	0.139462890625	0.123427734375	0.221240234375	0.2221484375	0.333896484375	0.3549609375	0.3473046875	0.599560546875	0.60181640625	0.575078125	0.57	0.621494140625	0.60171875	0.550419921875	0.642783203125	0.64076171875	0.668076171875	0.664501953125	0.614541015625	0.643427734375	0.720966796875	0.66748046875	0.72291015625	0.727333984375	0.73076171875	0.611142578125	0.73361328125	0.6729296875	0.726005859375	0.70013671875	0.670087890625	0.7015625	0.698662109375	0.734287109375
