1.0	0.0	0.0	0.0	0.0	0.0	0.0	0.0	0.0	0.0	0.0	0.0	0.0	0.0	0.0	0.0	0.0	0.0	0.0	0.0	0.0	0.0	0.0	0.0	0.0	0.0	0.0	0.0	0.0	0.0	0.0	0.0	0.0	0.0	0.0	0.0	0.0	0.0	0.0	0.0	0.0
1.0	1.0	0.0	0.0	0.0	0.0	0.0	0.0	0.0	0.0	0.0	0.0	0.0	0.0	0.0	0.0	0.0	0.0	0.0	0.0	0.0	0.0	0.0	0.0	0.0	0.0	0.0	0.0	0.0	0.0	0.0	0.0	0.0	0.0	0.0	0.0	0.0	0.0	0.0	0.0	0.0
1.0	1.0	1.0	0.0	0.0	0.0	0.0	0.0	0.0	0.0	0.0	0.0	0.0	0.0	0.0	0.0	0.0	0.0	0.0	0.0	0.0	0.0	0.0	0.0	0.0	0.0	0.0	0.0	0.0	0.0	0.0	0.0	0.0	0.0	0.0	0.0	0.0	0.0	0.0	0.0	0.0
1.0	1.0	1.0	1.0	0.0	0.0	0.0	0.0	0.0	0.0	0.0	0.0	0.0	0.0	0.0	0.0	0.0	0.0	0.0	0.0	0.0	0.0	0.0	0.0	0.0	0.0	0.0	0.0	0.0	0.0	0.0	0.0	0.0	0.0	0.0	0.0	0.0	0.0	0.0	0.0	0.0
1.0	1.0	1.0	1.0	1.0	0.0	0.0	0.0	0.0	0.0	0.0	0.0	0.0	0.0	0.0	0.0	0.0	0.0	0.0	0.0	0.0	0.0	0.0	0.0	0.0	0.0	0.0	0.0	0.0	0.0	0.0	0.0	0.0	0.0	0.0	0.0	0.0	0.0	0.0	0.0	0.0
1.0	1.0	1.0	1.0	1.0	1.0	0.0	0.0	0.0	0.0	0.0	0.0	0.0	0.0	0.0	0.0	0.0	0.0	0.0	0.0	0.0	0.0	0.0	0.0	0.0	0.0	0.0	0.0	0.0	0.0	0.0	0.0	0.0	0.0	0.0	0.0	0.0	0.0	0.0	0.0	0.0
1.0	1.0	1.0	1.0	1.0	1.0	1.0	0.0	0.0	0.0	0.0	0.0	0.0	0.0	0.0	0.0	0.0	0.0	0.0	0.0	0.0	0.0	0.0	0.0	0.0	0.0	0.0	0.0	0.0	0.0	0.0	0.0	0.0	0.0	0.0	0.0	0.0	0.0	0.0	0.0	0.0
1.0	1.0	1.0	1.0	1.0	1.0	1.0	1.0	0.0	0.0	0.0	0.0	0.0	0.0	0.0	0.0	0.0	0.0	0.0	0.0	0.0	0.0	0.0	0.0	0.0	0.0	0.0	0.0	0.0	0.0	0.0	0.0	0.0	0.0	0.0	0.0	0.0	0.0	0.0	0.0	0.0
1.0	1.0	1.0	1.0	1.0	1.0	1.0	1.0	1.0	0.0	0.0	0.0	0.0	0.0	0.0	0.0	0.0	0.0	0.0	0.0	0.0	0.0	0.0	0.0	0.0	0.0	0.0	0.0	0.0	0.0	0.0	0.0	0.0	0.0	0.0	0.0	0.0	0.0	0.0	0.0	0.0
1.0	1.0	1.0	1.0	1.0	1.0	1.0	1.0	1.0	1.0	0.0	0.0	0.0	0.0	0.0	0.0	0.0	0.0	0.0	0.0	0.0	0.0	0.0	0.0	0.0	0.0	0.0	0.0	0.0	0.0	0.0	0.0	0.0	0.0	0.0	0.0	0.0	0.0	0.0	0.0	0.0
1.0	1.0	1.0	1.0	1.0	1.0	1.0	1.0	1.0	1.0	1.0	0.0	0.0	0.0	0.0	0.0	0.0	0.0	0.0	0.0	0.0	0.0	0.0	0.0	0.0	0.0	0.0	0.0	0.0	0.0	0.0	0.0	0.0	0.0	0.0	0.0	0.0	0.0	0.0	0.0	0.0
1.0	1.0	1.0	1.0	1.0	1.0	1.0	1.0	1.0	1.0	1.0	1.0	0.0	0.0	0.0	0.0	0.0	0.0	0.0	0.0	0.0	0.0	0.0	0.0	0.0	0.0	0.0	0.0	0.0	0.0	0.0	0.0	0.0	0.0	0.0	0.0	0.0	0.0	0.0	0.0	0.0
1.0	1.0	1.0	1.0	1.0	1.0	1.0	1.0	1.0	1.0	1.0	1.0	1.0	0.0	0.0	0.0	0.0	0.0	0.0	0.0	0.0	0.0	0.0	0.0	0.0	0.0	0.0	0.0	0.0	0.0	0.0	0.0	0.0	0.0	0.0	0.0	0.0	0.0	0.0	0.0	0.0
1.0	1.0	1.0	1.0	1.0	1.0	1.0	1.0	1.0	1.0	1.0	1.0	1.0	1.0	0.0	0.0	0.0	0.0	0.0	0.0	0.0	0.0	0.0	0.0	0.0	0.0	0.0	0.0	0.0	0.0	0.0	0.0	0.0	0.0	0.0	0.0	0.0	0.0	0.0	0.0	0.0
1.0	1.0	1.0	1.0	1.0	1.0	1.0	1.0	1.0	1.0	1.0	1.0	1.0	1.0	0.1183984375	0.0	0.0	0.0	0.0	0.0	0.0	0.0	0.0	0.0	0.0	0.0	0.0	0.0	0.0	0.0	0.0	0.0	0.0	0.0	0.0	0.0	0.0	0.0	0.0	0.0	0.0
1.0	1.0	1.0	1.0	1.0	1.0	1.0	1.0	1.0	1.0	1.0	1.0	1.0	1.0	1.0	0.682236328125	0.0	0.0	0.0	0.0	0.0	0.0	0.0	0.0	0.0	0.0	0.0	0.0	0.0	0.0	0.0	0.0	0.0	0.0	0.0	0.0	0.0	0.0	0.0	0.0	0.0
1.0	1.0	1.0	1.0	1.0	1.0	1.0	1.0	1.0	1.0	1.0	1.0	1.0	1.0	1.0	0.779794921875	0.373271484375	0.0	0.0	0.0	0.0	0.0	0.0	0.0	0.0	0.0	0.0	0.0	0.0	0.0	0.0	0.0	0.0	0.0	0.0	0.0	0.0	0.0	0.0	0.0	0.0
1.0	1.0	1.0	1.0	1.0	1.0	1.0	1.0	1.0	1.0	1.0	1.0	1.0	1.0	0.999970703125	0.89111328125	0.285419921875	0.22267578125	0.0	0.0	0.0	0.0	0.0	0.0	0.0	0.0	0.0	0.0	0.0	0.0	0.0	0.0	0.0	0.0	0.0	0.0	0.0	0.0	0.0	0.0	0.0
1.0	1.0	1.0	1.0	1.0	0.960576171875	1.0	1.0	1.0	1.0	1.0	1.0	1.0	1.0	0.999951171875	0.940048828125	0.49240234375	0.221328125	0.193408203125	0.0	0.0	0.0	0.0	0.0	0.0	0.0	0.0	0.0	0.0	0.0	0.0	0.0	0.0	0.0	0.0	0.0	0.0	0.0	0.0	0.0	0.0
1.0	1.0	1.0	1.0	1.0	1.0	1.0	1.0	1.0	1.0	1.0	1.0	1.0	0.999990234375	0.999970703125	0.9697265625	0.662802734375	0.285	0.205234375	0.081328125	0.0	0.0	0.0	0.0	0.0	0.0	0.0	0.0	0.0	0.0	0.0	0.0	0.0	0.0	0.0	0.0	0.0	0.0	0.0	0.0	0.0
1.0	1.0	1.0	1.0	1.0	1.0	1.0	1.0	1.0	1.0	1.0	1.0	1.0	0.9999609375	0.975361328125	0.973369140625	0.86087890625	0.379013671875	0.236865234375	0.197158203125	0.19103515625	0.0	0.0	0.0	0.0	0.0	0.0	0.0	0.0	0.0	0.0	0.0	0.0	0.0	0.0	0.0	0.0	0.0	0.0	0.0	0.0
1.0	1.0	1.0	1.0	1.0	1.0	1.0	1.0	1.0	1.0	1.0	1.0	0.999970703125	0.968935546875	0.96359375	0.944892578125	0.88880859375	0.567509765625	0.2693359375	0.198896484375	0.17896484375	0.1041015625	0.0	0.0	0.0	0.0	0.0	0.0	0.0	0.0	0.0	0.0	0.0	0.0	0.0	0.0	0.0	0.0	0.0	0.0	0.0
1.0	1.0	1.0	1.0	1.0	1.0	1.0	1.0	1.0	1.0	1.0	0.999951171875	0.99998046875	0.9649609375	0.94890625	0.94216796875	0.90482421875	0.6652734375	0.32779296875	0.227275390625	0.1808984375	0.127255859375	0.103916015625	0.0	0.0	0.0	0.0	0.0	0.0	0.0	0.0	0.0	0.0	0.0	0.0	0.0	0.0	0.0	0.0	0.0	0.0
1.0	1.0	1.0	1.0	1.0	1.0	1.0	1.0	1.0	1.0	1.0	0.999951171875	0.96376953125	0.95111328125	0.93556640625	0.91013671875	0.91587890625	0.83154296875	0.546220703125	0.285810546875	0.202861328125	0.16951171875	0.103603515625	0.0987890625	0.0	0.0	0.0	0.0	0.0	0.0	0.0	0.0	0.0	0.0	0.0	0.0	0.0	0.0	0.0	0.0	0.0
1.0	1.0	1.0	1.0	1.0	1.0	1.0	1.0	1.0	1.0	0.999970703125	0.95060546875	0.95064453125	0.9439453125	0.925703125	0.908134765625	0.914873046875	0.75091796875	0.567001953125	0.34029296875	0.23427734375	0.179111328125	0.1133984375	0.10375	0.10224609375	0.0	0.0	0.0	0.0	0.0	0.0	0.0	0.0	0.0	0.0	0.0	0.0	0.0	0.0	0.0	0.0
1.0	1.0	1.0	1.0	1.0	0.960087890625	1.0	1.0	1.0	1.0	0.9999609375	0.944033203125	0.925400390625	0.93802734375	0.913525390625	0.89845703125	0.798662109375	0.755859375	0.62705078125	0.384150390625	0.29611328125	0.203310546875	0.131162109375	0.10994140625	0.100478515625	0.09576171875	0.0	0.0	0.0	0.0	0.0	0.0	0.0	0.0	0.0	0.0	0.0	0.0	0.0	0.0	0.0
1.0	1.0	1.0	1.0	0.960205078125	0.96	1.0	1.0	1.0	0.999873046875	0.928271484375	0.91306640625	0.904560546875	0.915712890625	0.816552734375	0.801767578125	0.78634765625	0.6808984375	0.64927734375	0.432490234375	0.303896484375	0.213671875	0.144033203125	0.128115234375	0.108251953125	0.103095703125	0.101259765625	0.0	0.0	0.0	0.0	0.0	0.0	0.0	0.0	0.0	0.0	0.0	0.0	0.0	0.0
1.0	1.0	1.0	1.0	1.0	1.0	1.0	1.0	0.999873046875	0.87111328125	0.8929296875	0.900849609375	0.901767578125	0.820908203125	0.80009765625	0.80142578125	0.758291015625	0.704833984375	0.51251953125	0.460869140625	0.3656640625	0.26853515625	0.202529296875	0.14208984375	0.11669921875	0.10591796875	0.097001953125	0.099208984375	0.0	0.0	0.0	0.0	0.0	0.0	0.0	0.0	0.0	0.0	0.0	0.0	0.0
1.0	1.0	1.0	0.96064453125	1.0	1.0	1.0	1.0	0.99990234375	0.872841796875	0.880234375	0.884736328125	0.903330078125	0.816455078125	0.77275390625	0.752666015625	0.757802734375	0.691484375	0.51318359375	0.49849609375	0.38951171875	0.271376953125	0.217197265625	0.139365234375	0.1195703125	0.107890625	0.101865234375	0.098681640625	0.030810546875	0.0	0.0	0.0	0.0	0.0	0.0	0.0	0.0	0.0	0.0	0.0	0.0
1.0	1.0	1.0	0.960244140625	1.0	1.0	1.0	0.999833984375	0.83857421875	0.8147265625	0.870263671875	0.871865234375	0.80673828125	0.78361328125	0.753857421875	0.7702734375	0.7158984375	0.68724609375	0.54818359375	0.464765625	0.42998046875	0.30599609375	0.247412109375	0.221171875	0.14369140625	0.113994140625	0.10798828125	0.100869140625	0.095927734375	0.096865234375	0.0	0.0	0.0	0.0	0.0	0.0	0.0	0.0	0.0	0.0	0.0
1.0	1.0	1.0	1.0	1.0	1.0	1.0	0.785498046875	0.79640625	0.78884765625	0.800390625	0.784931640625	0.778251953125	0.77849609375	0.7368359375	0.706435546875	0.702705078125	0.57857421875	0.5078515625	0.474736328125	0.447890625	0.3387109375	0.29353515625	0.22107421875	0.1711328125	0.13701171875	0.11283203125	0.099345703125	0.09841796875	0.10099609375	0.10068359375	0.0	0.0	0.0	0.0	0.0	0.0	0.0	0.0	0.0	0.0
1.0	1.0	0.883369140625	0.96021484375	0.9602734375	1.0	0.999833984375	0.724189453125	0.7594140625	0.718349609375	0.719765625	0.77248046875	0.7705859375	0.763916015625	0.71314453125	0.668125	0.69162109375	0.57236328125	0.515693359375	0.479130859375	0.434609375	0.348681640625	0.301376953125	0.26138671875	0.17724609375	0.1464453125	0.125810546875	0.106875	0.10197265625	0.10080078125	0.097119140625	0.10291015625	0.0	0.0	0.0	0.0	0.0	0.0	0.0	0.0	0.0
1.0	1.0	0.960234375	0.960107421875	0.9600390625	0.99953125	0.667275390625	0.705966796875	0.657939453125	0.7013671875	0.721259765625	0.7551171875	0.7542578125	0.7400390625	0.703876953125	0.6544140625	0.5333203125	0.5559765625	0.53123046875	0.456640625	0.42517578125	0.376103515625	0.329052734375	0.273779296875	0.25115234375	0.160361328125	0.14193359375	0.1180859375	0.1080078125	0.104228515625	0.0993359375	0.096806640625	0.098359375	0.0	0.0	0.0	0.0	0.0	0.0	0.0	0.0
1.0	1.0	0.96064453125	1.0	0.96009765625	0.653515625	0.641708984375	0.703037109375	0.650810546875	0.69740234375	0.706298828125	0.73716796875	0.72578125	0.707431640625	0.655869140625	0.6335546875	0.536357421875	0.547724609375	0.505849609375	0.453056640625	0.441259765625	0.388974609375	0.3058984375	0.284267578125	0.257978515625	0.1734375	0.161220703125	0.129580078125	0.111640625	0.105732421875	0.10224609375	0.10259765625	0.0960546875	0.032138671875	0.0	0.0	0.0	0.0	0.0	0.0	0.0
1.0	1.0	0.921083984375	1.0	0.97232421875	0.577763671875	0.63328125	0.638388671875	0.659638671875	0.690087890625	0.6946484375	0.67791015625	0.6925390625	0.690888671875	0.639501953125	0.601982421875	0.528017578125	0.497373046875	0.509833984375	0.43451171875	0.42814453125	0.388505859375	0.35775390625	0.297177734375	0.25853515625	0.209462890625	0.163642578125	0.14216796875	0.123427734375	0.107626953125	0.1096484375	0.096103515625	0.097900390625	0.098193359375	0.097578125	0.0	0.0	0.0	0.0	0.0	0.0
1.0	1.0	0.880205078125	1.0	0.505078125	0.55873046875	0.6001171875	0.6089453125	0.64365234375	0.67314453125	0.674892578125	0.675068359375	0.684140625	0.6547265625	0.58759765625	0.598876953125	0.5253515625	0.472783203125	0.49365234375	0.4442578125	0.4291796875	0.379833984375	0.380400390625	0.348720703125	0.280791015625	0.259873046875	0.196279296875	0.158447265625	0.137626953125	0.117548828125	0.107861328125	0.102724609375	0.097734375	0.096796875	0.096474609375	0.095390625	0.0	0.0	0.0	0.0	0.0
1.0	0.842509765625	0.944384765625	0.4315234375	0.4588671875	0.529140625	0.5739453125	0.609423828125	0.634228515625	0.6241796875	0.651962890625	0.651572265625	0.630419921875	0.625126953125	0.5698828125	0.5308203125	0.476142578125	0.45880859375	0.444345703125	0.460615234375	0.41904296875	0.388544921875	0.38279296875	0.363671875	0.35083984375	0.254296875	0.2094921875	0.192099609375	0.159775390625	0.121484375	0.113876953125	0.104130859375	0.10169921875	0.09876953125	0.09794921875	0.100029296875	0.099541015625	0.0	0.0	0.0	0.0
1.0	0.880439453125	0.348408203125	0.4029296875	0.413271484375	0.496943359375	0.569462890625	0.599697265625	0.611962890625	0.618330078125	0.6408984375	0.612978515625	0.59806640625	0.6217578125	0.567099609375	0.50095703125	0.471005859375	0.45533203125	0.43953125	0.463828125	0.409990234375	0.38568359375	0.367626953125	0.35427734375	0.343779296875	0.268759765625	0.2127734375	0.192734375	0.16078125	0.138740234375	0.11873046875	0.109306640625	0.10404296875	0.094423828125	0.100390625	0.096884765625	0.099404296875	0.0987890625	0.0	0.0	0.0
1.0	0.840615234375	0.32822265625	0.394052734375	0.45349609375	0.52091796875	0.5625390625	0.559169921875	0.610849609375	0.603193359375	0.626220703125	0.60359375	0.579697265625	0.614052734375	0.555029296875	0.466962890625	0.47421875	0.451044921875	0.441220703125	0.436962890625	0.40802734375	0.387001953125	0.3852734375	0.369404296875	0.34607421875	0.336943359375	0.25416015625	0.204130859375	0.183232421875	0.144873046875	0.137109375	0.11697265625	0.10765625	0.100048828125	0.096171875	0.098515625	0.097529296875	0.094775390625	0.03173828125	0.0	0.0
1.0	0.1850390625	0.2771484375	0.411884765625	0.475390625	0.5141796875	0.552421875	0.57443359375	0.593505859375	0.57767578125	0.61908203125	0.559521484375	0.56859375	0.571708984375	0.4625	0.455869140625	0.458388671875	0.443916015625	0.426904296875	0.43625	0.425791015625	0.383271484375	0.374365234375	0.374853515625	0.348681640625	0.341103515625	0.33197265625	0.2051953125	0.19666015625	0.183388671875	0.132412109375	0.135947265625	0.115478515625	0.105966796875	0.09814453125	0.093359375	0.094736328125	0.098916015625	0.096943359375	0.095615234375	0.0
1.0	0.18099609375	0.33080078125	0.388681640625	0.468017578125	0.513486328125	0.538271484375	0.557021484375	0.5794921875	0.579541015625	0.5797265625	0.556318359375	0.55626953125	0.57005859375	0.441064453125	0.45490234375	0.445869140625	0.428515625	0.43287109375	0.431611328125	0.432890625	0.379208984375	0.370478515625	0.368779296875	0.37296875	0.343056640625	0.334853515625	0.203271484375	0.20416015625	0.187216796875	0.191123046875	0.139921875	0.13875	0.11521484375	0.106552734375	0.10171875	0.096611328125	0.095517578125	0.094716796875	0.09595703125	0.09833984375
