4.0	0.0	0.0	0.0	0.0	0.0	0.0	0.0	0.0	0.0	0.0	0.0	0.0	0.0	0.0	0.0	0.0	0.0	0.0	0.0	0.0	0.0	0.0	0.0	0.0	0.0	0.0	0.0	0.0	0.0	0.0	0.0	0.0	0.0	0.0	0.0	0.0	0.0	0.0	0.0	0.0
4.0	10.6	0.0	0.0	0.0	0.0	0.0	0.0	0.0	0.0	0.0	0.0	0.0	0.0	0.0	0.0	0.0	0.0	0.0	0.0	0.0	0.0	0.0	0.0	0.0	0.0	0.0	0.0	0.0	0.0	0.0	0.0	0.0	0.0	0.0	0.0	0.0	0.0	0.0	0.0	0.0
4.0	9.0	10.68	0.0	0.0	0.0	0.0	0.0	0.0	0.0	0.0	0.0	0.0	0.0	0.0	0.0	0.0	0.0	0.0	0.0	0.0	0.0	0.0	0.0	0.0	0.0	0.0	0.0	0.0	0.0	0.0	0.0	0.0	0.0	0.0	0.0	0.0	0.0	0.0	0.0	0.0
4.0	8.92	10.56	11.08	0.0	0.0	0.0	0.0	0.0	0.0	0.0	0.0	0.0	0.0	0.0	0.0	0.0	0.0	0.0	0.0	0.0	0.0	0.0	0.0	0.0	0.0	0.0	0.0	0.0	0.0	0.0	0.0	0.0	0.0	0.0	0.0	0.0	0.0	0.0	0.0	0.0
4.0	7.4	9.08	10.36	11.32	0.0	0.0	0.0	0.0	0.0	0.0	0.0	0.0	0.0	0.0	0.0	0.0	0.0	0.0	0.0	0.0	0.0	0.0	0.0	0.0	0.0	0.0	0.0	0.0	0.0	0.0	0.0	0.0	0.0	0.0	0.0	0.0	0.0	0.0	0.0	0.0
4.0	7.28	8.88	9.6	10.92	11.08	0.0	0.0	0.0	0.0	0.0	0.0	0.0	0.0	0.0	0.0	0.0	0.0	0.0	0.0	0.0	0.0	0.0	0.0	0.0	0.0	0.0	0.0	0.0	0.0	0.0	0.0	0.0	0.0	0.0	0.0	0.0	0.0	0.0	0.0	0.0
4.0	7.48	9.12	9.32	10.68	10.84	11.44	0.0	0.0	0.0	0.0	0.0	0.0	0.0	0.0	0.0	0.0	0.0	0.0	0.0	0.0	0.0	0.0	0.0	0.0	0.0	0.0	0.0	0.0	0.0	0.0	0.0	0.0	0.0	0.0	0.0	0.0	0.0	0.0	0.0	0.0
4.0	7.36	7.96	9.0	9.6	10.48	11.16	12.92	0.0	0.0	0.0	0.0	0.0	0.0	0.0	0.0	0.0	0.0	0.0	0.0	0.0	0.0	0.0	0.0	0.0	0.0	0.0	0.0	0.0	0.0	0.0	0.0	0.0	0.0	0.0	0.0	0.0	0.0	0.0	0.0	0.0
4.0	6.76	7.72	9.08	9.2	9.8	10.48	11.76	12.16	0.0	0.0	0.0	0.0	0.0	0.0	0.0	0.0	0.0	0.0	0.0	0.0	0.0	0.0	0.0	0.0	0.0	0.0	0.0	0.0	0.0	0.0	0.0	0.0	0.0	0.0	0.0	0.0	0.0	0.0	0.0	0.0
4.0	7.32	7.72	8.32	9.36	9.76	10.0	11.56	12.04	12.36	0.0	0.0	0.0	0.0	0.0	0.0	0.0	0.0	0.0	0.0	0.0	0.0	0.0	0.0	0.0	0.0	0.0	0.0	0.0	0.0	0.0	0.0	0.0	0.0	0.0	0.0	0.0	0.0	0.0	0.0	0.0
4.0	7.12	7.8	8.2	8.88	9.64	9.92	10.8	11.32	12.36	12.52	0.0	0.0	0.0	0.0	0.0	0.0	0.0	0.0	0.0	0.0	0.0	0.0	0.0	0.0	0.0	0.0	0.0	0.0	0.0	0.0	0.0	0.0	0.0	0.0	0.0	0.0	0.0	0.0	0.0	0.0
4.0	6.84	7.72	7.88	9.28	9.36	9.88	9.92	11.0	12.0	13.52	13.8	0.0	0.0	0.0	0.0	0.0	0.0	0.0	0.0	0.0	0.0	0.0	0.0	0.0	0.0	0.0	0.0	0.0	0.0	0.0	0.0	0.0	0.0	0.0	0.0	0.0	0.0	0.0	0.0	0.0
4.0	6.88	7.8	8.32	9.24	9.56	9.72	9.92	10.76	11.24	12.8	14.04	14.32	0.0	0.0	0.0	0.0	0.0	0.0	0.0	0.0	0.0	0.0	0.0	0.0	0.0	0.0	0.0	0.0	0.0	0.0	0.0	0.0	0.0	0.0	0.0	0.0	0.0	0.0	0.0	0.0
4.0	6.84	7.76	8.32	8.44	9.04	9.56	10.28	10.64	11.24	12.6	13.32	14.12	14.56	0.0	0.0	0.0	0.0	0.0	0.0	0.0	0.0	0.0	0.0	0.0	0.0	0.0	0.0	0.0	0.0	0.0	0.0	0.0	0.0	0.0	0.0	0.0	0.0	0.0	0.0	0.0
4.0	6.76	7.52	8.04	9.04	9.16	9.4	10.36	9.96	11.56	12.16	13.2	13.72	14.2	13.16	0.0	0.0	0.0	0.0	0.0	0.0	0.0	0.0	0.0	0.0	0.0	0.0	0.0	0.0	0.0	0.0	0.0	0.0	0.0	0.0	0.0	0.0	0.0	0.0	0.0	0.0
4.0	7.0	7.96	8.08	8.36	8.8	9.44	9.92	9.92	12.08	11.68	12.4	13.04	14.24	18.08	18.04	0.0	0.0	0.0	0.0	0.0	0.0	0.0	0.0	0.0	0.0	0.0	0.0	0.0	0.0	0.0	0.0	0.0	0.0	0.0	0.0	0.0	0.0	0.0	0.0	0.0
4.0	7.16	7.44	7.76	8.6	8.76	9.36	9.72	11.64	11.24	12.0	13.04	12.68	14.0	16.84	19.24	13.12	0.0	0.0	0.0	0.0	0.0	0.0	0.0	0.0	0.0	0.0	0.0	0.0	0.0	0.0	0.0	0.0	0.0	0.0	0.0	0.0	0.0	0.0	0.0	0.0
4.0	6.96	7.6	8.0	8.28	8.6	9.36	9.36	11.52	12.04	11.72	11.96	13.24	13.68	15.96	19.2	13.64	12.24	0.0	0.0	0.0	0.0	0.0	0.0	0.0	0.0	0.0	0.0	0.0	0.0	0.0	0.0	0.0	0.0	0.0	0.0	0.0	0.0	0.0	0.0	0.0
4.0	6.8	7.72	8.16	8.48	8.6	9.12	9.36	11.68	11.64	11.72	11.92	13.04	13.44	15.32	17.8	14.4	11.92	11.76	0.0	0.0	0.0	0.0	0.0	0.0	0.0	0.0	0.0	0.0	0.0	0.0	0.0	0.0	0.0	0.0	0.0	0.0	0.0	0.0	0.0	0.0
4.0	7.12	7.68	8.56	8.48	8.68	9.32	9.76	11.8	11.68	11.48	13.0	13.16	13.56	15.32	16.6	15.28	12.52	11.48	11.92	0.0	0.0	0.0	0.0	0.0	0.0	0.0	0.0	0.0	0.0	0.0	0.0	0.0	0.0	0.0	0.0	0.0	0.0	0.0	0.0	0.0
4.0	6.92	7.68	8.28	8.12	8.28	9.44	11.88	11.52	11.28	11.88	12.48	12.84	12.88	15.76	15.44	15.6	12.8	11.72	11.68	12.0	0.0	0.0	0.0	0.0	0.0	0.0	0.0	0.0	0.0	0.0	0.0	0.0	0.0	0.0	0.0	0.0	0.0	0.0	0.0	0.0
4.0	7.2	7.44	7.96	8.2	8.64	9.24	11.8	11.64	11.88	12.64	12.4	13.16	12.72	14.4	14.76	14.36	13.6	12.4	11.56	10.96	9.84	0.0	0.0	0.0	0.0	0.0	0.0	0.0	0.0	0.0	0.0	0.0	0.0	0.0	0.0	0.0	0.0	0.0	0.0	0.0
4.0	6.92	7.68	8.12	8.24	8.88	8.92	11.56	11.8	12.56	12.72	13.6	12.92	12.04	13.12	13.76	14.36	14.24	12.2	11.44	11.4	10.2	9.8	0.0	0.0	0.0	0.0	0.0	0.0	0.0	0.0	0.0	0.0	0.0	0.0	0.0	0.0	0.0	0.0	0.0	0.0
4.0	7.28	7.96	8.32	8.84	8.8	11.92	11.6	12.04	12.28	12.8	13.4	12.16	11.84	12.48	12.88	13.64	13.2	12.16	11.44	11.36	10.6	9.88	9.8	0.0	0.0	0.0	0.0	0.0	0.0	0.0	0.0	0.0	0.0	0.0	0.0	0.0	0.0	0.0	0.0	0.0
4.0	7.2	7.68	8.8	8.52	8.96	12.32	11.88	11.6	12.44	13.0	11.24	12.08	11.56	12.08	12.8	13.44	12.2	12.2	11.56	11.56	10.92	10.0	9.64	10.32	0.0	0.0	0.0	0.0	0.0	0.0	0.0	0.0	0.0	0.0	0.0	0.0	0.0	0.0	0.0	0.0
4.0	7.2	7.8	8.28	9.12	9.04	11.68	12.76	13.6	12.64	13.56	11.48	11.16	11.2	12.0	12.36	11.08	11.84	12.0	11.52	10.92	10.88	10.12	10.44	9.4	9.48	0.0	0.0	0.0	0.0	0.0	0.0	0.0	0.0	0.0	0.0	0.0	0.0	0.0	0.0	0.0
4.0	7.52	8.16	8.32	8.52	11.16	12.24	11.56	12.96	14.04	10.84	10.76	10.4	10.6	10.88	10.64	10.8	10.52	11.84	10.84	10.92	11.08	10.04	9.88	10.08	10.32	9.96	0.0	0.0	0.0	0.0	0.0	0.0	0.0	0.0	0.0	0.0	0.0	0.0	0.0	0.0
4.0	7.52	8.12	8.16	8.52	12.08	12.76	13.52	15.0	10.4	10.32	10.04	10.68	9.44	10.52	10.96	10.32	11.28	11.0	11.12	11.0	10.64	10.72	10.48	9.72	10.0	9.4	9.92	0.0	0.0	0.0	0.0	0.0	0.0	0.0	0.0	0.0	0.0	0.0	0.0	0.0
4.0	7.44	8.24	8.84	8.84	11.8	12.0	14.28	15.84	10.08	9.56	10.04	10.88	9.52	10.28	10.12	10.68	10.68	10.52	10.92	10.88	10.64	10.88	9.84	10.08	9.52	9.64	9.64	9.84	0.0	0.0	0.0	0.0	0.0	0.0	0.0	0.0	0.0	0.0	0.0	0.0
4.0	7.4	9.12	9.0	12.4	12.0	14.52	17.52	10.08	9.0	9.64	10.0	8.92	9.4	9.92	10.4	10.6	10.36	10.56	10.36	10.88	10.16	10.52	10.2	10.0	9.76	9.4	9.4	9.4	9.4	0.0	0.0	0.0	0.0	0.0	0.0	0.0	0.0	0.0	0.0	0.0
4.0	7.76	8.68	8.48	12.56	12.48	15.28	9.16	9.56	8.8	9.24	8.96	9.6	9.76	9.96	10.24	10.2	10.08	10.08	9.92	9.72	10.24	10.48	10.56	9.76	10.08	9.76	9.76	9.44	9.52	9.44	0.0	0.0	0.0	0.0	0.0	0.0	0.0	0.0	0.0	0.0
4.0	7.56	9.0	9.28	12.6	15.56	22.52	8.72	8.6	8.28	8.24	8.76	9.2	9.52	9.8	9.88	10.08	9.56	9.84	9.76	9.44	10.4	10.44	9.88	9.96	10.0	9.96	9.24	9.68	9.32	9.88	9.64	0.0	0.0	0.0	0.0	0.0	0.0	0.0	0.0	0.0
4.0	8.04	8.2	13.08	16.84	30.32	8.16	8.48	8.28	8.32	8.12	8.92	8.96	9.36	9.72	9.64	9.24	9.48	9.68	9.6	9.4	9.44	10.24	10.2	10.16	9.8	10.04	9.92	9.48	9.36	10.04	9.4	9.56	0.0	0.0	0.0	0.0	0.0	0.0	0.0	0.0
4.0	7.76	8.52	13.56	17.04	8.4	8.0	7.88	7.88	8.44	8.16	8.72	8.76	9.12	9.12	9.64	9.4	9.48	9.6	9.44	9.56	9.76	10.28	10.16	9.92	10.04	9.96	9.68	9.72	9.6	10.28	9.92	9.72	9.48	0.0	0.0	0.0	0.0	0.0	0.0	0.0
4.0	8.36	9.28	13.2	45.88	7.84	7.92	8.04	7.76	8.12	8.64	8.64	8.76	9.08	9.6	9.72	9.32	9.56	9.72	9.6	9.36	9.2	9.2	9.6	10.08	9.52	9.84	9.52	9.52	9.68	9.52	9.96	10.0	9.92	9.68	0.0	0.0	0.0	0.0	0.0	0.0
4.0	8.64	13.2	20.2	7.84	7.32	7.16	8.32	7.72	8.04	8.32	8.2	9.04	9.0	9.0	9.04	9.04	9.24	9.36	9.48	9.4	9.52	9.16	9.4	9.68	10.0	9.2	9.6	9.12	9.32	9.84	9.68	9.4	9.68	10.0	9.72	0.0	0.0	0.0	0.0	0.0
4.0	9.28	19.08	7.2	7.12	7.2	7.68	7.48	7.68	8.04	8.36	8.16	8.4	9.08	9.12	8.88	8.88	9.48	8.88	9.52	9.36	9.2	8.96	9.24	9.08	10.0	10.16	9.32	9.88	9.64	9.36	9.68	9.8	9.64	9.6	9.6	9.6	0.0	0.0	0.0	0.0
4.0	12.48	7.44	6.36	6.6	6.64	7.64	7.68	7.76	8.04	8.36	8.68	8.64	8.6	9.08	9.2	9.04	8.64	8.8	9.36	9.24	9.0	9.16	9.4	8.88	9.76	9.64	9.6	9.6	9.72	9.72	9.52	9.44	9.52	9.8	9.56	9.92	9.52	0.0	0.0	0.0
4.0	14.88	6.76	6.64	7.0	7.28	7.04	7.92	7.76	8.16	8.12	8.68	8.4	8.84	9.4	8.6	8.48	8.88	8.76	8.72	9.12	8.96	9.24	9.2	9.36	9.28	10.04	9.36	9.8	9.44	9.24	9.56	9.8	9.52	9.64	9.72	9.44	9.8	9.8	0.0	0.0
4.0	7.24	6.72	6.96	6.92	7.44	7.8	7.88	7.88	7.68	8.08	8.24	8.16	8.64	8.48	8.4	8.92	8.76	8.84	8.88	9.52	9.48	8.8	9.04	8.88	9.32	8.84	9.4	9.12	9.24	9.72	9.68	9.28	9.68	9.72	9.88	9.52	9.6	10.0	9.4	0.0
4.0	7.28	7.08	7.36	7.36	7.52	7.4	7.88	7.44	8.12	7.64	8.32	8.28	8.2	8.52	9.04	8.56	8.6	9.04	8.96	8.88	9.28	9.12	9.28	9.0	9.08	9.24	9.92	9.32	9.4	9.6	9.48	9.64	9.48	9.92	9.52	9.72	9.4	9.72	10.24	9.52
