0.000517578125	0.0023828125	0.003916015625	0.0071875	0.011689453125	0.016787109375	0.027958984375	0.036943359375	0.040703125	0.05908203125	0.06142578125	0.099931640625	0.103662109375	0.110517578125	0.20712890625	0.20662109375	0.214736328125	0.24306640625	0.254716796875	0.259990234375	0.25888671875	0.318720703125	0.323095703125	0.334423828125	0.33498046875	0.357314453125	0.360390625	0.470673828125	0.4766796875	0.47810546875	0.481943359375	0.513876953125	0.512265625	0.52083984375	0.525458984375	0.523544921875	0.528740234375	0.527392578125	0.526845703125	0.52517578125	0.5234765625
0.00056640625	0.0030859375	0.004599609375	0.00791015625	0.0116015625	0.0167578125	0.02810546875	0.038671875	0.041572265625	0.05794921875	0.06443359375	0.096982421875	0.107197265625	0.111171875	0.2052734375	0.20865234375	0.2186328125	0.242314453125	0.257431640625	0.258623046875	0.26962890625	0.323818359375	0.32376953125	0.3316015625	0.33962890625	0.358662109375	0.357158203125	0.474921875	0.473681640625	0.48169921875	0.48828125	0.5150390625	0.5151171875	0.52572265625	0.52263671875	0.52435546875	0.525712890625	0.52685546875	0.528154296875	0.527421875	0.52634765625
0.000576171875	0.002734375	0.004697265625	0.007412109375	0.01099609375	0.01705078125	0.027998046875	0.038212890625	0.041162109375	0.060341796875	0.0634375	0.098203125	0.107646484375	0.11087890625	0.20529296875	0.21458984375	0.221552734375	0.242578125	0.257158203125	0.25720703125	0.2766796875	0.32369140625	0.32626953125	0.336220703125	0.352392578125	0.356552734375	0.36037109375	0.474404296875	0.475146484375	0.47978515625	0.514814453125	0.512333984375	0.519658203125	0.52123046875	0.528515625	0.52384765625	0.52755859375	0.526435546875	0.5273828125	0.523984375	0.5566796875
0.000625	0.00263671875	0.004541015625	0.00673828125	0.01197265625	0.01775390625	0.027685546875	0.038603515625	0.0424609375	0.058837890625	0.0641015625	0.0973828125	0.106240234375	0.112626953125	0.2051953125	0.2119140625	0.218515625	0.24232421875	0.25494140625	0.260419921875	0.267509765625	0.3208984375	0.3262109375	0.335615234375	0.33916015625	0.359345703125	0.37392578125	0.47380859375	0.476875	0.484091796875	0.48470703125	0.514033203125	0.517998046875	0.52435546875	0.528212890625	0.52861328125	0.523642578125	0.526220703125	0.529482421875	0.5311328125	0.52693359375
0.000615234375	0.002734375	0.0039453125	0.0079296875	0.01181640625	0.018125	0.028681640625	0.03953125	0.04291015625	0.059853515625	0.0625390625	0.098515625	0.106884765625	0.114755859375	0.203642578125	0.2093359375	0.21662109375	0.24177734375	0.255712890625	0.25982421875	0.2662890625	0.322822265625	0.328408203125	0.33876953125	0.340048828125	0.35947265625	0.370048828125	0.47376953125	0.472802734375	0.481015625	0.48404296875	0.51337890625	0.5154296875	0.522275390625	0.5262890625	0.5234375	0.52384765625	0.526484375	0.526279296875	0.525693359375	0.52587890625
0.000673828125	0.00201171875	0.00505859375	0.0075	0.0120703125	0.017724609375	0.027998046875	0.040126953125	0.04248046875	0.06	0.06306640625	0.098525390625	0.107470703125	0.116201171875	0.206123046875	0.21162109375	0.220791015625	0.2453125	0.256298828125	0.25875	0.266494140625	0.3210546875	0.32705078125	0.332724609375	0.3400390625	0.35630859375	0.374541015625	0.475703125	0.47302734375	0.4838671875	0.483798828125	0.51609375	0.513515625	0.523505859375	0.525517578125	0.52349609375	0.52466796875	0.529541015625	0.5283984375	0.52474609375	0.528828125
0.000517578125	0.00154296875	0.00466796875	0.00763671875	0.011962890625	0.017802734375	0.02783203125	0.039755859375	0.043095703125	0.0601953125	0.06408203125	0.1006640625	0.1062109375	0.115830078125	0.203994140625	0.210283203125	0.22076171875	0.2419140625	0.257353515625	0.26560546875	0.268076171875	0.324501953125	0.32494140625	0.335078125	0.3391015625	0.36728515625	0.373935546875	0.477177734375	0.476640625	0.4883203125	0.4875	0.515576171875	0.514951171875	0.523779296875	0.527080078125	0.52720703125	0.526005859375	0.521328125	0.52654296875	0.524111328125	0.526953125
0.000595703125	0.00169921875	0.004443359375	0.00708984375	0.012021484375	0.018134765625	0.02818359375	0.039384765625	0.04234375	0.061494140625	0.06546875	0.10115234375	0.109345703125	0.115693359375	0.20703125	0.22099609375	0.222783203125	0.243974609375	0.254912109375	0.263994140625	0.275458984375	0.3241015625	0.32939453125	0.335615234375	0.354990234375	0.367275390625	0.37349609375	0.47416015625	0.4774609375	0.4845703125	0.514248046875	0.51220703125	0.519072265625	0.525556640625	0.5234765625	0.526103515625	0.523408203125	0.524931640625	0.530537109375	0.5275	0.55134765625
0.000595703125	0.00158203125	0.0042578125	0.007724609375	0.011728515625	0.017646484375	0.029423828125	0.04005859375	0.04255859375	0.06228515625	0.065244140625	0.1015625	0.110380859375	0.11578125	0.205791015625	0.211728515625	0.218916015625	0.241796875	0.25685546875	0.26638671875	0.270712890625	0.32203125	0.327568359375	0.335244140625	0.340205078125	0.37185546875	0.37494140625	0.476572265625	0.4779296875	0.48712890625	0.483798828125	0.51564453125	0.517412109375	0.52658203125	0.52890625	0.52607421875	0.525986328125	0.5282421875	0.524541015625	0.527646484375	0.524677734375
0.000595703125	0.001767578125	0.004609375	0.008076171875	0.01296875	0.019267578125	0.029501953125	0.039912109375	0.044560546875	0.062880859375	0.063642578125	0.1016015625	0.11015625	0.116123046875	0.207060546875	0.212548828125	0.22314453125	0.24671875	0.25896484375	0.26650390625	0.27046875	0.32439453125	0.3293359375	0.34005859375	0.3484765625	0.36875	0.374365234375	0.4769140625	0.476796875	0.484404296875	0.484619140625	0.51505859375	0.515888671875	0.52537109375	0.52669921875	0.523515625	0.530439453125	0.5259375	0.53173828125	0.52732421875	0.530419921875
0.000546875	0.00158203125	0.00384765625	0.00818359375	0.0129296875	0.01853515625	0.0279296875	0.03947265625	0.0449609375	0.06166015625	0.0641796875	0.10126953125	0.11052734375	0.117509765625	0.204736328125	0.214853515625	0.21908203125	0.24560546875	0.2579296875	0.267568359375	0.268505859375	0.318955078125	0.326142578125	0.335439453125	0.352158203125	0.366845703125	0.37359375	0.474560546875	0.481103515625	0.48708984375	0.487490234375	0.516748046875	0.5162890625	0.523720703125	0.526796875	0.525	0.525048828125	0.525947265625	0.53025390625	0.5283203125	0.524658203125
0.00056640625	0.001904296875	0.004169921875	0.008359375	0.012119140625	0.0180078125	0.029228515625	0.040224609375	0.04484375	0.0614453125	0.067822265625	0.1019140625	0.111748046875	0.1141796875	0.210439453125	0.21283203125	0.223349609375	0.247080078125	0.261435546875	0.267666015625	0.268115234375	0.323251953125	0.33162109375	0.34271484375	0.352587890625	0.370546875	0.374501953125	0.478662109375	0.48197265625	0.48369140625	0.488046875	0.516474609375	0.5135546875	0.523623046875	0.52466796875	0.524453125	0.5252734375	0.5278125	0.525205078125	0.5259765625	0.528134765625
0.000556640625	0.001806640625	0.003857421875	0.008203125	0.01205078125	0.01875	0.029853515625	0.040537109375	0.04404296875	0.06322265625	0.069208984375	0.10103515625	0.111904296875	0.116923828125	0.206962890625	0.219091796875	0.224169921875	0.245830078125	0.258505859375	0.270087890625	0.276171875	0.32458984375	0.33083984375	0.34822265625	0.368828125	0.372001953125	0.37578125	0.479462890625	0.48123046875	0.487275390625	0.513251953125	0.51861328125	0.51681640625	0.5215625	0.52451171875	0.52634765625	0.527900390625	0.52244140625	0.531357421875	0.52921875	0.556201171875
0.000634765625	0.001748046875	0.003994140625	0.007802734375	0.012275390625	0.019677734375	0.030517578125	0.0405859375	0.043662109375	0.062900390625	0.06845703125	0.10265625	0.1131640625	0.118310546875	0.207841796875	0.212802734375	0.222060546875	0.251171875	0.26234375	0.268466796875	0.270087890625	0.3250390625	0.332080078125	0.349873046875	0.35455078125	0.3703515625	0.36052734375	0.480029296875	0.482392578125	0.481220703125	0.4875	0.51369140625	0.5195703125	0.52009765625	0.5262109375	0.5273828125	0.5283984375	0.52501953125	0.528125	0.528583984375	0.52513671875
0.00052734375	0.001669921875	0.003564453125	0.006669921875	0.0125	0.017724609375	0.03017578125	0.040771484375	0.04380859375	0.064033203125	0.0683203125	0.105302734375	0.113486328125	0.1170703125	0.209111328125	0.214541015625	0.21974609375	0.252607421875	0.261533203125	0.27119140625	0.27009765625	0.32267578125	0.34400390625	0.349990234375	0.3530078125	0.372119140625	0.37626953125	0.4824609375	0.478583984375	0.486015625	0.4869140625	0.49423828125	0.51427734375	0.525146484375	0.528095703125	0.52673828125	0.527666015625	0.5286328125	0.528076171875	0.525419921875	0.526416015625
0.000537109375	0.00171875	0.003681640625	0.007666015625	0.012353515625	0.01900390625	0.0309375	0.04193359375	0.044423828125	0.062998046875	0.06615234375	0.1048828125	0.111005859375	0.116494140625	0.209189453125	0.21662109375	0.22578125	0.249716796875	0.262021484375	0.2669140625	0.267451171875	0.322958984375	0.34068359375	0.35212890625	0.3545703125	0.373232421875	0.37748046875	0.478603515625	0.48265625	0.486220703125	0.484697265625	0.515693359375	0.516416015625	0.52294921875	0.529296875	0.526337890625	0.527333984375	0.52701171875	0.527734375	0.531962890625	0.527802734375
0.000595703125	0.00162109375	0.003818359375	0.00751953125	0.012529296875	0.019833984375	0.029697265625	0.04134765625	0.043056640625	0.064267578125	0.069931640625	0.10609375	0.1139453125	0.122158203125	0.208515625	0.213564453125	0.225908203125	0.25130859375	0.263388671875	0.26783203125	0.271025390625	0.328232421875	0.342509765625	0.35060546875	0.354716796875	0.371455078125	0.384248046875	0.4818359375	0.482568359375	0.486962890625	0.488203125	0.514697265625	0.515810546875	0.52470703125	0.524423828125	0.525400390625	0.527060546875	0.527109375	0.52693359375	0.524892578125	0.5255859375
0.000625	0.00177734375	0.0041015625	0.008095703125	0.0127734375	0.01953125	0.03115234375	0.04123046875	0.048017578125	0.064208984375	0.06875	0.103720703125	0.112275390625	0.124140625	0.208671875	0.2148828125	0.229873046875	0.249970703125	0.263486328125	0.270185546875	0.271796875	0.33015625	0.342998046875	0.350927734375	0.356201171875	0.370849609375	0.38271484375	0.480537109375	0.48203125	0.4853515625	0.4841796875	0.51818359375	0.51564453125	0.520810546875	0.525771484375	0.52646484375	0.52822265625	0.529443359375	0.526748046875	0.524248046875	0.52681640625
0.0006640625	0.001640625	0.00384765625	0.007841796875	0.01259765625	0.019033203125	0.030615234375	0.0415234375	0.046005859375	0.065458984375	0.06994140625	0.10625	0.114248046875	0.123505859375	0.2106640625	0.21595703125	0.225791015625	0.2540625	0.265048828125	0.2712109375	0.270654296875	0.3394921875	0.341904296875	0.3494921875	0.35818359375	0.372919921875	0.38359375	0.48294921875	0.4795703125	0.485625	0.488701171875	0.514453125	0.516904296875	0.52435546875	0.526328125	0.529677734375	0.528740234375	0.526083984375	0.528896484375	0.52498046875	0.5283203125
0.0006640625	0.001650390625	0.003369140625	0.00779296875	0.01361328125	0.020205078125	0.030869140625	0.043056640625	0.047021484375	0.0671484375	0.069482421875	0.10685546875	0.11419921875	0.123369140625	0.20822265625	0.21828125	0.2305078125	0.252431640625	0.264833984375	0.269638671875	0.270166015625	0.34044921875	0.342841796875	0.35337890625	0.3571875	0.374609375	0.384814453125	0.480908203125	0.4794921875	0.4888671875	0.487177734375	0.5171484375	0.514775390625	0.525400390625	0.526416015625	0.52837890625	0.528427734375	0.52701171875	0.522333984375	0.528271484375	0.52939453125
0.000546875	0.001640625	0.003642578125	0.007763671875	0.012275390625	0.02001953125	0.03125	0.042109375	0.047548828125	0.066513671875	0.068173828125	0.106005859375	0.113291015625	0.12384765625	0.2119921875	0.2171875	0.227177734375	0.25748046875	0.26623046875	0.269951171875	0.27046875	0.340732421875	0.342626953125	0.35546875	0.358115234375	0.373251953125	0.38439453125	0.479599609375	0.481630859375	0.4875	0.488212890625	0.51720703125	0.5163671875	0.523359375	0.523837890625	0.530185546875	0.5261328125	0.529580078125	0.5285546875	0.53099609375	0.532900390625
0.000595703125	0.001640625	0.00404296875	0.008349609375	0.013984375	0.0199609375	0.031923828125	0.042587890625	0.047294921875	0.0665234375	0.072548828125	0.10681640625	0.117421875	0.124384765625	0.209462890625	0.225029296875	0.22927734375	0.2529296875	0.26662109375	0.2684765625	0.293154296875	0.343408203125	0.3444140625	0.354951171875	0.35927734375	0.37849609375	0.3861328125	0.483134765625	0.4833984375	0.486923828125	0.48755859375	0.51484375	0.510107421875	0.5264453125	0.52470703125	0.5271484375	0.52435546875	0.529140625	0.52626953125	0.52677734375	0.5284375
0.00064453125	0.001640625	0.00396484375	0.00787109375	0.01291015625	0.021083984375	0.032734375	0.042783203125	0.04736328125	0.06642578125	0.072939453125	0.107529296875	0.117587890625	0.12533203125	0.213046875	0.221005859375	0.231708984375	0.252822265625	0.267587890625	0.268173828125	0.2961328125	0.34275390625	0.345771484375	0.3526953125	0.35837890625	0.381279296875	0.385595703125	0.47978515625	0.484326171875	0.487177734375	0.487978515625	0.51599609375	0.5191796875	0.523427734375	0.52564453125	0.52705078125	0.527783203125	0.5265625	0.52955078125	0.529169921875	0.525322265625
0.00064453125	0.001328125	0.004052734375	0.00857421875	0.0140234375	0.020712890625	0.031982421875	0.043623046875	0.048828125	0.067626953125	0.07396484375	0.10802734375	0.120146484375	0.124931640625	0.213505859375	0.2232421875	0.23400390625	0.257294921875	0.2647265625	0.273544921875	0.293994140625	0.342421875	0.3484375	0.358994140625	0.36154296875	0.3817578125	0.387802734375	0.48158203125	0.481650390625	0.48859375	0.486533203125	0.514541015625	0.517109375	0.52435546875	0.529658203125	0.5265625	0.527060546875	0.528984375	0.525810546875	0.53013671875	0.525869140625
0.00064453125	0.001669921875	0.00388671875	0.008525390625	0.0130859375	0.02076171875	0.03259765625	0.043701171875	0.0501953125	0.066748046875	0.073505859375	0.106474609375	0.11884765625	0.126865234375	0.2097265625	0.221064453125	0.231259765625	0.255224609375	0.265771484375	0.282236328125	0.29318359375	0.345361328125	0.345693359375	0.35697265625	0.357978515625	0.383759765625	0.3892578125	0.48263671875	0.481826171875	0.48638671875	0.488095703125	0.515625	0.51779296875	0.5245703125	0.527236328125	0.525009765625	0.52935546875	0.528330078125	0.528427734375	0.532041015625	0.52923828125
0.000537109375	0.001572265625	0.003740234375	0.00822265625	0.014345703125	0.02056640625	0.03296875	0.04423828125	0.051044921875	0.066826171875	0.072802734375	0.107783203125	0.1229296875	0.1259375	0.218515625	0.222724609375	0.2343359375	0.2550390625	0.27021484375	0.28666015625	0.29671875	0.342109375	0.350908203125	0.359208984375	0.37013671875	0.383310546875	0.384541015625	0.481904296875	0.48375	0.488994140625	0.486455078125	0.517705078125	0.516025390625	0.524658203125	0.525888671875	0.526064453125	0.52759765625	0.52720703125	0.524521484375	0.529912109375	0.529228515625
0.000615234375	0.00158203125	0.00455078125	0.0084765625	0.013427734375	0.021416015625	0.033125	0.04505859375	0.049736328125	0.068759765625	0.074248046875	0.109501953125	0.119228515625	0.125107421875	0.21736328125	0.22572265625	0.233642578125	0.25947265625	0.2694140625	0.29	0.29814453125	0.341201171875	0.349775390625	0.3589453125	0.371298828125	0.38458984375	0.386455078125	0.486533203125	0.48404296875	0.486708984375	0.48595703125	0.51498046875	0.517958984375	0.52849609375	0.52603515625	0.52603515625	0.527998046875	0.5280078125	0.5291796875	0.528896484375	0.527587890625
0.000654296875	0.00162109375	0.003935546875	0.008369140625	0.015380859375	0.020595703125	0.033291015625	0.045712890625	0.0515234375	0.0705859375	0.07458984375	0.112412109375	0.1213671875	0.126201171875	0.21904296875	0.22482421875	0.235703125	0.257939453125	0.28185546875	0.29232421875	0.30173828125	0.34423828125	0.352236328125	0.36052734375	0.3696875	0.384287109375	0.38654296875	0.48482421875	0.486201171875	0.491875	0.486865234375	0.514482421875	0.516611328125	0.527509765625	0.526533203125	0.527578125	0.525361328125	0.527880859375	0.52787109375	0.52748046875	0.526767578125
0.000537109375	0.001845703125	0.004736328125	0.008662109375	0.01455078125	0.0220703125	0.0334375	0.044814453125	0.04904296875	0.070146484375	0.075009765625	0.112763671875	0.120537109375	0.12890625	0.2195703125	0.224296875	0.23646484375	0.259814453125	0.285029296875	0.2951953125	0.30203125	0.34771484375	0.356279296875	0.362880859375	0.369990234375	0.38537109375	0.387158203125	0.482392578125	0.4834375	0.489169921875	0.4871484375	0.51771484375	0.519658203125	0.523125	0.522939453125	0.52671875	0.527685546875	0.52736328125	0.528466796875	0.5212109375	0.530166015625
0.000625	0.001669921875	0.004912109375	0.008779296875	0.015	0.021806640625	0.03298828125	0.044892578125	0.05099609375	0.072060546875	0.076103515625	0.114755859375	0.123349609375	0.13716796875	0.219990234375	0.225966796875	0.242646484375	0.260302734375	0.2853125	0.295224609375	0.299453125	0.34953125	0.35634765625	0.36908203125	0.370390625	0.384248046875	0.385947265625	0.485966796875	0.48513671875	0.489677734375	0.486787109375	0.51337890625	0.51650390625	0.525771484375	0.529716796875	0.52890625	0.5283984375	0.526181640625	0.524111328125	0.529404296875	0.524775390625
0.00056640625	0.0017578125	0.004296875	0.009443359375	0.01599609375	0.0223828125	0.03412109375	0.045517578125	0.052080078125	0.071025390625	0.07552734375	0.1130859375	0.123916015625	0.140029296875	0.22029296875	0.225693359375	0.23853515625	0.276357421875	0.2878515625	0.29857421875	0.301337890625	0.34802734375	0.357958984375	0.374111328125	0.355771484375	0.3847265625	0.386875	0.481611328125	0.486005859375	0.48748046875	0.4878125	0.514970703125	0.51876953125	0.52376953125	0.526533203125	0.52734375	0.525244140625	0.524755859375	0.53001953125	0.5299609375	0.524296875
0.000595703125	0.0016796875	0.00462890625	0.009892578125	0.015927734375	0.023291015625	0.034384765625	0.046240234375	0.051484375	0.0730078125	0.08125	0.114296875	0.12556640625	0.141845703125	0.222275390625	0.232158203125	0.2396875	0.2787890625	0.294169921875	0.298671875	0.311298828125	0.351591796875	0.353671875	0.368291015625	0.370859375	0.384912109375	0.391796875	0.484306640625	0.483876953125	0.488466796875	0.489736328125	0.515693359375	0.518681640625	0.5264453125	0.52744140625	0.5269921875	0.526728515625	0.52392578125	0.528984375	0.5290234375	0.5275
0.000556640625	0.001796875	0.00529296875	0.009443359375	0.016669921875	0.022998046875	0.034873046875	0.04693359375	0.055068359375	0.07244140625	0.082880859375	0.114140625	0.1262109375	0.142568359375	0.221611328125	0.23171875	0.264921875	0.2816796875	0.292880859375	0.3079296875	0.3136328125	0.349140625	0.358076171875	0.37328125	0.368818359375	0.38416015625	0.38728515625	0.483759765625	0.487109375	0.4870703125	0.487958984375	0.497783203125	0.517451171875	0.525146484375	0.528173828125	0.52400390625	0.52677734375	0.52779296875	0.5265625	0.525869140625	0.5269921875
0.0005078125	0.001826171875	0.00517578125	0.01052734375	0.016455078125	0.023603515625	0.03580078125	0.047861328125	0.0567578125	0.07267578125	0.0834765625	0.1172265625	0.13716796875	0.1446875	0.2256640625	0.2321875	0.26662109375	0.281357421875	0.297001953125	0.307587890625	0.313154296875	0.3517578125	0.36216796875	0.36736328125	0.371943359375	0.3841015625	0.39060546875	0.48427734375	0.486435546875	0.489814453125	0.490546875	0.513583984375	0.51673828125	0.523447265625	0.527783203125	0.526474609375	0.525439453125	0.52517578125	0.526708984375	0.52765625	0.52681640625
0.000595703125	0.001845703125	0.005458984375	0.010654296875	0.017041015625	0.023115234375	0.036142578125	0.048427734375	0.05671875	0.0752734375	0.0843359375	0.1178125	0.138095703125	0.145068359375	0.22740234375	0.23791015625	0.273193359375	0.287177734375	0.3040234375	0.311923828125	0.31486328125	0.352666015625	0.367880859375	0.37314453125	0.374697265625	0.387822265625	0.3936328125	0.483837890625	0.485458984375	0.48765625	0.49177734375	0.5162890625	0.5174609375	0.523720703125	0.5258984375	0.526689453125	0.524736328125	0.52404296875	0.52599609375	0.527607421875	0.529560546875
0.0005859375	0.001796875	0.00501953125	0.010693359375	0.016396484375	0.023642578125	0.036494140625	0.0490234375	0.0585546875	0.075693359375	0.085439453125	0.11826171875	0.13984375	0.154130859375	0.227548828125	0.23642578125	0.276044921875	0.293427734375	0.308466796875	0.3135546875	0.314970703125	0.35416015625	0.367109375	0.368525390625	0.37267578125	0.387275390625	0.391337890625	0.486171875	0.484306640625	0.4925	0.488994140625	0.516376953125	0.517587890625	0.518759765625	0.52810546875	0.526240234375	0.526845703125	0.52880859375	0.52462890625	0.528681640625	0.5316015625
0.000595703125	0.001865234375	0.005693359375	0.01134765625	0.017763671875	0.02529296875	0.0377734375	0.051044921875	0.06296875	0.082333984375	0.09275390625	0.120703125	0.1412890625	0.161708984375	0.2305078125	0.27166015625	0.289287109375	0.30486328125	0.30697265625	0.314306640625	0.31435546875	0.353759765625	0.366279296875	0.37396484375	0.373330078125	0.388935546875	0.38888671875	0.48521484375	0.48552734375	0.490390625	0.49076171875	0.5163671875	0.51859375	0.523603515625	0.5259375	0.528212890625	0.525927734375	0.527587890625	0.52873046875	0.531220703125	0.525302734375
0.000625	0.002294921875	0.005810546875	0.011416015625	0.01755859375	0.025859375	0.037734375	0.05275390625	0.064658203125	0.084990234375	0.098955078125	0.13759765625	0.152109375	0.162509765625	0.232265625	0.272822265625	0.28853515625	0.303212890625	0.30943359375	0.313232421875	0.314404296875	0.3684375	0.36521484375	0.3730859375	0.37208984375	0.38919921875	0.39048828125	0.484326171875	0.486328125	0.490732421875	0.48931640625	0.5164453125	0.51654296875	0.5239453125	0.52494140625	0.52763671875	0.52533203125	0.529775390625	0.526650390625	0.5283203125	0.526572265625
0.00056640625	0.002216796875	0.006181640625	0.0116015625	0.01865234375	0.0273046875	0.038046875	0.0548046875	0.066953125	0.0914453125	0.100908203125	0.140048828125	0.158125	0.1637890625	0.232490234375	0.286474609375	0.288134765625	0.3085546875	0.3133203125	0.3135546875	0.311806640625	0.367421875	0.368271484375	0.372412109375	0.37357421875	0.38697265625	0.39146484375	0.483974609375	0.487919921875	0.4908984375	0.4907421875	0.518955078125	0.51572265625	0.525	0.527314453125	0.53015625	0.526328125	0.5245703125	0.528193359375	0.530498046875	0.5233203125
0.000654296875	0.002451171875	0.00681640625	0.01267578125	0.020625	0.030634765625	0.045498046875	0.059541015625	0.07169921875	0.09650390625	0.100087890625	0.15388671875	0.160576171875	0.165439453125	0.26171875	0.28296875	0.28767578125	0.305478515625	0.311650390625	0.316337890625	0.314521484375	0.3653125	0.36896484375	0.37314453125	0.37396484375	0.38603515625	0.39236328125	0.485634765625	0.48640625	0.4905859375	0.49044921875	0.5195703125	0.51697265625	0.525947265625	0.52646484375	0.52771484375	0.52322265625	0.5284375	0.52837890625	0.529013671875	0.527314453125
0.0005859375	0.002998046875	0.00685546875	0.014560546875	0.022080078125	0.03158203125	0.0513671875	0.068408203125	0.06958984375	0.09875	0.100302734375	0.154326171875	0.161357421875	0.163984375	0.2824609375	0.285302734375	0.28869140625	0.30783203125	0.31359375	0.3121875	0.31314453125	0.3673828125	0.369287109375	0.375595703125	0.373984375	0.388916015625	0.391376953125	0.489443359375	0.48873046875	0.492138671875	0.491787109375	0.516533203125	0.520517578125	0.52490234375	0.526171875	0.526337890625	0.52646484375	0.53048828125	0.52564453125	0.52888671875	0.52712890625
