1.0	1.0	1.0	1.0	1.0	1.0	1.0	1.0	1.0	1.0	1.0	1.0	1.0	1.0	1.0	1.0	1.0	1.0	1.0	1.0	1.0	1.0	1.0	1.0	1.0	1.0	1.0	0.7065234375	0.6881640625	0.651884765625	0.634921875	0.597109375	0.590126953125	0.57673828125	0.569921875	0.569599609375	0.5667578125	0.569248046875	0.56798828125	0.563857421875	0.56455078125
1.0	1.0	1.0	1.0	1.0	1.0	1.0	1.0	1.0	1.0	1.0	1.0	1.0	1.0	1.0	1.0	1.0	1.0	1.0	1.0	1.0	1.0	1.0	1.0	1.0	1.0	1.0	0.71314453125	0.6746875	0.649833984375	0.611552734375	0.58857421875	0.5846484375	0.578203125	0.5697265625	0.56810546875	0.56265625	0.5684375	0.5640234375	0.56892578125	0.558349609375
1.0	1.0	1.0	1.0	1.0	1.0	1.0	1.0	1.0	1.0	1.0	1.0	1.0	1.0	1.0	1.0	1.0	1.0	1.0	1.0	1.0	1.0	1.0	1.0	1.0	1.0	0.937236328125	0.699873046875	0.67087890625	0.637158203125	0.591953125	0.59498046875	0.58359375	0.573720703125	0.570859375	0.568271484375	0.56533203125	0.56576171875	0.5682421875	0.565068359375	0.544130859375
1.0	1.0	1.0	1.0	1.0	1.0	1.0	1.0	1.0	1.0	1.0	1.0	1.0	1.0	1.0	0.96001953125	1.0	0.96	1.0	1.0	1.0	1.0	1.0	1.0	1.0	0.948125	0.835029296875	0.6930078125	0.663779296875	0.626171875	0.61712890625	0.593916015625	0.5880078125	0.57349609375	0.569794921875	0.566865234375	0.56599609375	0.5608984375	0.571455078125	0.56720703125	0.561123046875
1.0	1.0	1.0	1.0	1.0	1.0	1.0	1.0	1.0	1.0	1.0	1.0	1.0	1.0	1.0	1.0	1.0	1.0	1.0	1.0	1.0	1.0	1.0	1.0	1.0	0.9417578125	0.811845703125	0.686923828125	0.655205078125	0.639833984375	0.617080078125	0.587451171875	0.58517578125	0.57220703125	0.573642578125	0.56853515625	0.568642578125	0.56892578125	0.563662109375	0.5629296875	0.56439453125
1.0	1.0	1.0	1.0	1.0	1.0	1.0	1.0	1.0	1.0	1.0	1.0	1.0	1.0	1.0	1.0	1.0	1.0	1.0	1.0	1.0	1.0	1.0	1.0	0.94529296875	0.9419921875	0.784013671875	0.6858984375	0.6537109375	0.61982421875	0.6165234375	0.58453125	0.58421875	0.57228515625	0.571884765625	0.5666796875	0.566943359375	0.560703125	0.564638671875	0.56333984375	0.558701171875
1.0	1.0	1.0	1.0	1.0	1.0	1.0	1.0	1.0	1.0	1.0	1.0	1.0	1.0	1.0	1.0	1.0	1.0	1.0	1.0	1.0	1.0	1.0	0.946982421875	0.943486328125	0.84962890625	0.763095703125	0.66828125	0.653427734375	0.62001953125	0.61423828125	0.586533203125	0.582412109375	0.5772265625	0.569287109375	0.565400390625	0.567041015625	0.5660546875	0.561083984375	0.560498046875	0.560810546875
1.0	1.0	1.0	1.0	1.0	1.0	1.0	1.0	1.0	1.0	1.0	1.0	1.0	1.0	1.0	1.0	1.0	1.0	1.0	1.0	1.0	1.0	0.950576171875	0.94908203125	0.943134765625	0.8082421875	0.752119140625	0.668740234375	0.64412109375	0.619482421875	0.59115234375	0.58734375	0.58328125	0.577216796875	0.5738671875	0.56943359375	0.57	0.5649609375	0.56263671875	0.55876953125	0.541455078125
1.0	1.0	1.0	1.0	1.0	1.0	1.0	1.0	1.0	1.0	1.0	1.0	1.0	1.0	1.0	1.0	1.0	1.0	1.0	1.0	1.0	1.0	0.950927734375	0.94607421875	0.942001953125	0.7890625	0.7508203125	0.675205078125	0.645859375	0.612451171875	0.60892578125	0.58232421875	0.5865234375	0.571708984375	0.572451171875	0.56306640625	0.565810546875	0.562763671875	0.5640625	0.56205078125	0.560849609375
1.0	1.0	1.0	1.0	1.0	1.0	1.0	1.0	1.0	1.0	1.0	1.0	1.0	1.0	1.0	1.0	1.0	1.0	1.0	1.0	1.0	0.946162109375	0.947314453125	0.93775390625	0.824921875	0.78681640625	0.723876953125	0.664765625	0.6225	0.61158203125	0.609931640625	0.58599609375	0.58216796875	0.577333984375	0.57056640625	0.57181640625	0.5661328125	0.5684375	0.563662109375	0.55869140625	0.56451171875
1.0	1.0	1.0	1.0	1.0	1.0	1.0	1.0	1.0	1.0	1.0	1.0	1.0	1.0	1.0	1.0	1.0	1.0	1.0	1.0	1.0	0.946904296875	0.943125	0.915205078125	0.808134765625	0.773359375	0.71546875	0.645791015625	0.632568359375	0.611533203125	0.606962890625	0.586435546875	0.582568359375	0.575810546875	0.57140625	0.564404296875	0.564931640625	0.56453125	0.563984375	0.558310546875	0.564990234375
1.0	1.0	1.0	1.0	1.0	1.0	1.0	1.0	1.0	1.0	1.0	1.0	1.0	1.0	1.0	1.0	1.0	1.0	1.0	1.0	0.933408203125	0.94525390625	0.920859375	0.915615234375	0.787978515625	0.732724609375	0.71140625	0.6517578125	0.626005859375	0.612041015625	0.602900390625	0.58197265625	0.5830078125	0.57326171875	0.564873046875	0.5601171875	0.562646484375	0.560654296875	0.560048828125	0.561669921875	0.563916015625
1.0	1.0	1.0	1.0	1.0	1.0	1.0	1.0	1.0	1.0	1.0	1.0	1.0	1.0	1.0	1.0	1.0	1.0	1.0	0.9370703125	0.896396484375	0.920361328125	0.92046875	0.822861328125	0.76876953125	0.72076171875	0.709091796875	0.635732421875	0.62888671875	0.61578125	0.594013671875	0.58052734375	0.581455078125	0.57041015625	0.571708984375	0.5674609375	0.560966796875	0.56361328125	0.561298828125	0.56595703125	0.54490234375
1.0	1.0	1.0	1.0	1.0	1.0	1.0	1.0	1.0	1.0	1.0	1.0	1.0	1.0	1.0	1.0	1.0	1.0	1.0	0.932880859375	0.931943359375	0.92216796875	0.911865234375	0.80986328125	0.74296875	0.721533203125	0.70154296875	0.628603515625	0.616533203125	0.607568359375	0.604775390625	0.585087890625	0.581484375	0.57283203125	0.56869140625	0.568935546875	0.5671484375	0.56666015625	0.560087890625	0.558564453125	0.564853515625
1.0	1.0	1.0	1.0	1.0	1.0	1.0	1.0	1.0	1.0	1.0	1.0	1.0	1.0	1.0	1.0	1.0	1.0	0.931982421875	0.929130859375	0.90041015625	0.912197265625	0.818251953125	0.797041015625	0.73353515625	0.717392578125	0.70583984375	0.631357421875	0.618720703125	0.61013671875	0.600751953125	0.58513671875	0.5763671875	0.569658203125	0.56849609375	0.57111328125	0.56009765625	0.563330078125	0.558076171875	0.557568359375	0.564052734375
1.0	1.0	1.0	1.0	1.0	1.0	1.0	1.0	1.0	1.0	1.0	1.0	1.0	1.0	1.0	1.0	1.0	0.920390625	0.92994140625	0.90388671875	0.89693359375	0.908837890625	0.82408203125	0.76625	0.732041015625	0.716513671875	0.694248046875	0.6262109375	0.6134375	0.606796875	0.597177734375	0.58478515625	0.58388671875	0.574619140625	0.570380859375	0.5686328125	0.562080078125	0.561708984375	0.562548828125	0.559990234375	0.56123046875
1.0	1.0	1.0	1.0	1.0	1.0	1.0	1.0	1.0	1.0	1.0	1.0	1.0	1.0	1.0	1.0	0.912744140625	0.92693359375	0.8953515625	0.8984375	0.881396484375	0.8991015625	0.775810546875	0.744638671875	0.733349609375	0.7073828125	0.675576171875	0.633291015625	0.621044921875	0.6092578125	0.578115234375	0.582685546875	0.581083984375	0.57599609375	0.566279296875	0.561376953125	0.5610546875	0.561728515625	0.5632421875	0.564794921875	0.56404296875
1.0	1.0	1.0	1.0	1.0	1.0	1.0	1.0	1.0	1.0	1.0	1.0	1.0	1.0	1.0	1.0	0.916875	0.924423828125	0.896591796875	0.88806640625	0.875546875	0.89720703125	0.763701171875	0.740341796875	0.7142578125	0.7058203125	0.66509765625	0.622197265625	0.612216796875	0.60990234375	0.60029296875	0.576748046875	0.581357421875	0.5748046875	0.5707421875	0.567294921875	0.557587890625	0.5635546875	0.557626953125	0.559267578125	0.56306640625
1.0	1.0	1.0	1.0	1.0	0.96212890625	1.0	1.0	1.0	1.0	1.0	1.0	1.0	1.0	1.0	0.908623046875	0.9123828125	0.888828125	0.88630859375	0.882705078125	0.8698828125	0.813466796875	0.755322265625	0.733876953125	0.702158203125	0.699130859375	0.668037109375	0.6246875	0.615419921875	0.602373046875	0.5987890625	0.586279296875	0.576806640625	0.565927734375	0.567822265625	0.561533203125	0.565732421875	0.561484375	0.564462890625	0.55728515625	0.56462890625
1.0	1.0	1.0	1.0	1.0	1.0	1.0	1.0	1.0	1.0	1.0	1.0	1.0	1.0	1.0	0.909013671875	0.880400390625	0.87958984375	0.880234375	0.8751953125	0.8698046875	0.76412109375	0.739580078125	0.72546875	0.690859375	0.693193359375	0.66126953125	0.61583984375	0.6115234375	0.604130859375	0.596220703125	0.58341796875	0.578974609375	0.569033203125	0.564658203125	0.56482421875	0.5605859375	0.56125	0.561005859375	0.566416015625	0.5621875
1.0	1.0	1.0	1.0	1.0	1.0	1.0	1.0	1.0	1.0	1.0	1.0	1.0	1.0	0.90185546875	0.904375	0.88314453125	0.871845703125	0.873466796875	0.870205078125	0.87123046875	0.7443359375	0.734716796875	0.71267578125	0.70056640625	0.683427734375	0.666162109375	0.61634765625	0.605400390625	0.59912109375	0.601455078125	0.581865234375	0.5783203125	0.57390625	0.566015625	0.564638671875	0.564658203125	0.568271484375	0.560126953125	0.5634765625	0.562705078125
1.0	1.0	1.0	1.0	1.0	0.960283203125	1.0	1.0	1.0	1.0	1.0	1.0	1.0	0.839072265625	0.899873046875	0.86662109375	0.85775390625	0.8689453125	0.867548828125	0.821875	0.71724609375	0.73716796875	0.716904296875	0.709853515625	0.688505859375	0.676640625	0.653330078125	0.61677734375	0.610205078125	0.605458984375	0.594052734375	0.583876953125	0.57716796875	0.572568359375	0.564716796875	0.561650390625	0.562568359375	0.561630859375	0.56251953125	0.5614453125	0.560673828125
1.0	1.0	1.0	1.0	0.961767578125	1.0	1.0	1.0	0.96001953125	1.0	1.0	1.0	1.0	0.835693359375	0.8654296875	0.85798828125	0.853984375	0.866279296875	0.81470703125	0.800498046875	0.715888671875	0.731572265625	0.718779296875	0.706552734375	0.681943359375	0.662197265625	0.650087890625	0.611435546875	0.6030859375	0.597158203125	0.5944140625	0.580556640625	0.578701171875	0.570283203125	0.568671875	0.564091796875	0.56263671875	0.5637109375	0.564951171875	0.562568359375	0.5601953125
1.0	1.0	1.0	1.0	1.0	1.0	1.0	1.0	1.0	1.0	1.0	1.0	0.825849609375	0.792041015625	0.852998046875	0.85001953125	0.83716796875	0.86666015625	0.808505859375	0.773037109375	0.71740234375	0.73294921875	0.72197265625	0.690546875	0.682197265625	0.659306640625	0.64865234375	0.6146875	0.611142578125	0.597353515625	0.593447265625	0.581357421875	0.58056640625	0.57103515625	0.564970703125	0.563974609375	0.55958984375	0.557763671875	0.561533203125	0.56216796875	0.5578125
1.0	1.0	1.0	1.0	0.923056640625	0.960185546875	1.0	1.0	1.0	1.0	1.0	0.80654296875	0.816826171875	0.783681640625	0.8483984375	0.83193359375	0.839169921875	0.800224609375	0.80111328125	0.7171484375	0.703779296875	0.72359375	0.7097265625	0.693095703125	0.686689453125	0.64892578125	0.651201171875	0.58451171875	0.605732421875	0.59740234375	0.601181640625	0.58908203125	0.57677734375	0.568603515625	0.567265625	0.565830078125	0.56603515625	0.559560546875	0.56494140625	0.558779296875	0.56203125
1.0	1.0	1.0	1.0	0.9602734375	1.0	1.0	1.0	1.0	1.0	1.0	0.800869140625	0.783759765625	0.77615234375	0.841767578125	0.832421875	0.782373046875	0.79837890625	0.78064453125	0.712451171875	0.70271484375	0.72158203125	0.70017578125	0.683447265625	0.65369140625	0.65265625	0.65087890625	0.611728515625	0.602197265625	0.596904296875	0.594619140625	0.584619140625	0.5748828125	0.563701171875	0.567099609375	0.5647265625	0.56431640625	0.558359375	0.5641796875	0.561474609375	0.567900390625
1.0	1.0	1.0	0.961279296875	1.0	1.0	1.0	1.0	1.0	0.999931640625	0.75791015625	0.75775390625	0.762919921875	0.77052734375	0.777880859375	0.777314453125	0.7756640625	0.7728125	0.778466796875	0.70306640625	0.696162109375	0.70646484375	0.684951171875	0.665087890625	0.660654296875	0.647705078125	0.6403515625	0.598193359375	0.6102734375	0.59966796875	0.59625	0.572861328125	0.577314453125	0.564443359375	0.5631640625	0.560458984375	0.56033203125	0.56130859375	0.560439453125	0.55765625	0.563212890625
1.0	1.0	1.0	0.887373046875	1.0	1.0	1.0	1.0	0.99984375	0.7299609375	0.698359375	0.74314453125	0.75556640625	0.725634765625	0.765771484375	0.77240234375	0.76892578125	0.73228515625	0.713388671875	0.697890625	0.68166015625	0.6985546875	0.67111328125	0.675439453125	0.652587890625	0.649013671875	0.651337890625	0.612490234375	0.598642578125	0.598486328125	0.594677734375	0.580712890625	0.57123046875	0.566064453125	0.566865234375	0.559609375	0.567470703125	0.559921875	0.561787109375	0.56900390625	0.560498046875
1.0	1.0	1.0	1.0	1.0	1.0	1.0	1.0	0.999931640625	0.7304296875	0.68474609375	0.742919921875	0.755361328125	0.70048828125	0.761767578125	0.766201171875	0.7644140625	0.7628125	0.70400390625	0.691904296875	0.684091796875	0.694609375	0.677373046875	0.665908203125	0.650380859375	0.646015625	0.648046875	0.606806640625	0.59888671875	0.59126953125	0.59666015625	0.574990234375	0.574150390625	0.567548828125	0.564931640625	0.557373046875	0.558349609375	0.561064453125	0.56126953125	0.558056640625	0.560673828125
1.0	1.0	1.0	0.96078125	1.0	1.0	1.0	0.999716796875	0.671005859375	0.678115234375	0.683203125	0.73421875	0.706162109375	0.69546875	0.761064453125	0.7569140625	0.744794921875	0.756787109375	0.697021484375	0.68794921875	0.684853515625	0.679970703125	0.65865234375	0.6613671875	0.64076171875	0.641240234375	0.641962890625	0.6031640625	0.605595703125	0.602294921875	0.595166015625	0.57673828125	0.573759765625	0.56693359375	0.564951171875	0.564931640625	0.55859375	0.561787109375	0.56365234375	0.56427734375	0.560634765625
1.0	1.0	1.0	0.882998046875	1.0	1.0	1.0	0.636591796875	0.62703125	0.662001953125	0.680068359375	0.688740234375	0.704033203125	0.702861328125	0.75759765625	0.755859375	0.740302734375	0.696728515625	0.687060546875	0.685498046875	0.681884765625	0.679169921875	0.6694140625	0.661337890625	0.64912109375	0.65107421875	0.640107421875	0.60353515625	0.599658203125	0.586298828125	0.5946875	0.577060546875	0.576748046875	0.569248046875	0.56365234375	0.56392578125	0.5590625	0.562001953125	0.561572265625	0.5601953125	0.560439453125
1.0	1.0	0.961318359375	0.960224609375	0.9602734375	0.960048828125	0.955146484375	0.595458984375	0.6053515625	0.627373046875	0.6409765625	0.689013671875	0.697158203125	0.69767578125	0.74380859375	0.729248046875	0.735380859375	0.6899609375	0.6831640625	0.67935546875	0.65431640625	0.671845703125	0.6575390625	0.64978515625	0.646025390625	0.640107421875	0.640751953125	0.604228515625	0.6061328125	0.602197265625	0.590810546875	0.55615234375	0.5740234375	0.566630859375	0.565517578125	0.566494140625	0.56162109375	0.55912109375	0.563037109375	0.5644921875	0.556357421875
1.0	1.0	0.960458984375	0.960078125	0.920361328125	0.82482421875	0.525341796875	0.58861328125	0.5747265625	0.625634765625	0.637880859375	0.6873828125	0.69099609375	0.68900390625	0.745615234375	0.720888671875	0.665751953125	0.68662109375	0.681708984375	0.65548828125	0.653427734375	0.662333984375	0.67025390625	0.654443359375	0.650341796875	0.64595703125	0.636171875	0.607158203125	0.603046875	0.59322265625	0.587138671875	0.576552734375	0.578740234375	0.56376953125	0.56453125	0.5596875	0.559921875	0.564951171875	0.5634765625	0.56107421875	0.564521484375
1.0	1.0	0.88119140625	0.880478515625	0.916240234375	0.49916015625	0.53232421875	0.586533203125	0.559501953125	0.62265625	0.64798828125	0.67974609375	0.680048828125	0.6876953125	0.7173046875	0.7205859375	0.6665234375	0.67828125	0.672353515625	0.65705078125	0.650810546875	0.6744140625	0.645830078125	0.645224609375	0.642734375	0.639560546875	0.63595703125	0.60654296875	0.599384765625	0.60044921875	0.586845703125	0.57708984375	0.57373046875	0.5662890625	0.560380859375	0.56470703125	0.563486328125	0.55962890625	0.564091796875	0.55978515625	0.555966796875
1.0	1.0	0.842255859375	0.96005859375	0.5542578125	0.4634375	0.532294921875	0.554921875	0.586650390625	0.628427734375	0.642451171875	0.671845703125	0.671650390625	0.683369140625	0.7180859375	0.708544921875	0.66728515625	0.67333984375	0.659697265625	0.651689453125	0.6503515625	0.668603515625	0.6455078125	0.64466796875	0.640595703125	0.642509765625	0.634248046875	0.603935546875	0.601650390625	0.589482421875	0.58810546875	0.572373046875	0.5716015625	0.563447265625	0.56744140625	0.563291015625	0.561962890625	0.566396484375	0.565703125	0.55953125	0.565205078125
1.0	1.0	0.88037109375	0.5737109375	0.39302734375	0.466826171875	0.5145703125	0.562412109375	0.58892578125	0.620166015625	0.63439453125	0.672138671875	0.669443359375	0.670712890625	0.705615234375	0.7071484375	0.6646484375	0.655810546875	0.659453125	0.653857421875	0.651318359375	0.661748046875	0.645361328125	0.64748046875	0.639248046875	0.6355859375	0.63802734375	0.603642578125	0.596064453125	0.588095703125	0.590302734375	0.575146484375	0.575224609375	0.568271484375	0.56314453125	0.564482421875	0.564130859375	0.56033203125	0.561044921875	0.5655078125	0.55919921875
1.0	0.7267578125	0.334970703125	0.337548828125	0.35626953125	0.4300390625	0.507080078125	0.55576171875	0.57541015625	0.624345703125	0.634921875	0.668671875	0.6676171875	0.6550390625	0.69482421875	0.65369140625	0.63494140625	0.6461328125	0.652724609375	0.646875	0.64484375	0.66359375	0.643671875	0.64265625	0.636435546875	0.63421875	0.636162109375	0.60240234375	0.5988671875	0.58302734375	0.590009765625	0.576474609375	0.5748046875	0.57341796875	0.56830078125	0.562939453125	0.561953125	0.560712890625	0.5609765625	0.560732421875	0.565244140625
1.0	0.6820703125	0.2405859375	0.302763671875	0.39974609375	0.451171875	0.47501953125	0.556015625	0.555361328125	0.61974609375	0.626767578125	0.659814453125	0.65912109375	0.66267578125	0.704990234375	0.6504296875	0.630673828125	0.648955078125	0.6500390625	0.644755859375	0.647314453125	0.651708984375	0.6432421875	0.6384765625	0.64599609375	0.638779296875	0.636396484375	0.601171875	0.59603515625	0.590546875	0.588505859375	0.572978515625	0.574482421875	0.57259765625	0.56646484375	0.5653125	0.5640625	0.56302734375	0.562021484375	0.563994140625	0.56259765625
1.0	0.284716796875	0.215029296875	0.33388671875	0.401044921875	0.4625390625	0.50962890625	0.555625	0.562451171875	0.619296875	0.622060546875	0.654404296875	0.653515625	0.666640625	0.702119140625	0.62498046875	0.6340234375	0.641240234375	0.647177734375	0.653828125	0.64427734375	0.652978515625	0.637197265625	0.637568359375	0.64	0.631005859375	0.629248046875	0.599326171875	0.590283203125	0.587138671875	0.591904296875	0.576357421875	0.573779296875	0.567822265625	0.5651171875	0.559580078125	0.5648828125	0.5640625	0.559892578125	0.5634765625	0.56001953125
1.0	0.131708984375	0.23193359375	0.344296875	0.413076171875	0.475283203125	0.497119140625	0.546689453125	0.58	0.613369140625	0.62337890625	0.64041015625	0.652587890625	0.659072265625	0.642509765625	0.6340234375	0.63041015625	0.637822265625	0.642138671875	0.6469140625	0.650107421875	0.640419921875	0.64060546875	0.643017578125	0.645419921875	0.633056640625	0.63509765625	0.59119140625	0.5885546875	0.582548828125	0.59130859375	0.57126953125	0.5698046875	0.564404296875	0.564052734375	0.56837890625	0.564951171875	0.563896484375	0.562421875	0.559443359375	0.562216796875
1.0	0.138251953125	0.19875	0.345830078125	0.407626953125	0.458056640625	0.523154296875	0.5386328125	0.583125	0.615693359375	0.61974609375	0.6396484375	0.65083984375	0.664013671875	0.619833984375	0.623203125	0.631240234375	0.633671875	0.639208984375	0.63763671875	0.63841796875	0.64005859375	0.638330078125	0.6447265625	0.643623046875	0.635224609375	0.63193359375	0.596083984375	0.593056640625	0.5869921875	0.590751953125	0.57662109375	0.57548828125	0.564140625	0.5656640625	0.5648046875	0.5679296875	0.561552734375	0.55736328125	0.561865234375	0.561279296875
