0.0009765625	0.002890625	0.005595703125	0.008349609375	0.01267578125	0.017841796875	0.030673828125	0.040830078125	0.0463671875	0.0713671875	0.072890625	0.116005859375	0.125712890625	0.133369140625	0.263525390625	0.268076171875	0.2762890625	0.320703125	0.339755859375	0.346474609375	0.343486328125	0.442568359375	0.4483984375	0.47197265625	0.473203125	0.52078125	0.529140625	0.83630859375	0.88181640625	0.91130859375	0.924384765625	0.948623046875	0.948955078125	0.9498046875	0.950546875	0.95345703125	0.95486328125	0.9509765625	0.95408203125	0.952392578125	0.95083984375
0.0009765625	0.0034765625	0.005087890625	0.008466796875	0.0128515625	0.01947265625	0.030634765625	0.042861328125	0.04724609375	0.07224609375	0.07677734375	0.117763671875	0.12931640625	0.132099609375	0.2643359375	0.26951171875	0.285556640625	0.323046875	0.336826171875	0.344638671875	0.37060546875	0.445625	0.45275390625	0.47033203125	0.490068359375	0.52287109375	0.536953125	0.85583984375	0.902958984375	0.921064453125	0.940751953125	0.95056640625	0.9501953125	0.9508984375	0.953642578125	0.95177734375	0.954013671875	0.95123046875	0.953251953125	0.952294921875	0.952666015625
0.0009765625	0.0045703125	0.00529296875	0.007666015625	0.01224609375	0.019482421875	0.03099609375	0.04255859375	0.04791015625	0.074052734375	0.078447265625	0.119013671875	0.131474609375	0.1380859375	0.266689453125	0.276279296875	0.282900390625	0.32361328125	0.338974609375	0.345	0.384384765625	0.443759765625	0.453505859375	0.471357421875	0.5192578125	0.52515625	0.542802734375	0.856884765625	0.904228515625	0.93095703125	0.948671875	0.9513671875	0.95	0.951533203125	0.9534375	0.9517578125	0.9515234375	0.95294921875	0.951259765625	0.952626953125	0.963759765625
0.0009765625	0.0026171875	0.006396484375	0.00861328125	0.01271484375	0.01921875	0.030625	0.0440625	0.046787109375	0.071767578125	0.077275390625	0.11908203125	0.128779296875	0.140625	0.26453125	0.2687890625	0.2880859375	0.3243359375	0.343671875	0.34609375	0.3716015625	0.44875	0.455966796875	0.473193359375	0.4912109375	0.52849609375	0.644482421875	0.872333984375	0.90755859375	0.930224609375	0.939716796875	0.95037109375	0.951025390625	0.952392578125	0.952255859375	0.952197265625	0.95283203125	0.95326171875	0.952265625	0.95271484375	0.95404296875
0.0009765625	0.002783203125	0.005	0.0093359375	0.01228515625	0.01875	0.031005859375	0.0437109375	0.047568359375	0.073837890625	0.077529296875	0.12029296875	0.1298828125	0.1414453125	0.26630859375	0.2731640625	0.289345703125	0.325751953125	0.3433203125	0.347578125	0.369541015625	0.442763671875	0.4534765625	0.47548828125	0.486220703125	0.5306640625	0.664521484375	0.881767578125	0.90837890625	0.931923828125	0.939580078125	0.9494140625	0.9504296875	0.95240234375	0.952998046875	0.95310546875	0.951533203125	0.951953125	0.952509765625	0.9533203125	0.9516796875
0.0009765625	0.002431640625	0.004892578125	0.008447265625	0.01228515625	0.019033203125	0.031728515625	0.0422265625	0.047373046875	0.075419921875	0.078544921875	0.120341796875	0.13244140625	0.1416796875	0.263359375	0.27029296875	0.283759765625	0.322001953125	0.3455859375	0.365126953125	0.371298828125	0.44283203125	0.456162109375	0.477275390625	0.496416015625	0.528251953125	0.667890625	0.89892578125	0.931240234375	0.93939453125	0.940380859375	0.951533203125	0.950078125	0.9517578125	0.951015625	0.951416015625	0.953583984375	0.95380859375	0.952705078125	0.951826171875	0.954560546875
0.0009765625	0.002548828125	0.0055078125	0.00865234375	0.0123828125	0.020263671875	0.03208984375	0.04400390625	0.0490625	0.074453125	0.07841796875	0.122470703125	0.134970703125	0.141953125	0.26333984375	0.27755859375	0.287509765625	0.324697265625	0.345107421875	0.3647265625	0.3718359375	0.448896484375	0.469775390625	0.491806640625	0.509287109375	0.625517578125	0.73681640625	0.9141796875	0.92681640625	0.94171875	0.941826171875	0.9487890625	0.950888671875	0.954296875	0.952880859375	0.95208984375	0.953642578125	0.953408203125	0.952568359375	0.954501953125	0.952470703125
0.0009765625	0.00265625	0.00494140625	0.0091796875	0.013515625	0.020283203125	0.032568359375	0.04390625	0.048505859375	0.07390625	0.078701171875	0.124658203125	0.136005859375	0.140234375	0.26599609375	0.283203125	0.285712890625	0.32650390625	0.3476171875	0.365419921875	0.383583984375	0.449638671875	0.470048828125	0.489814453125	0.528642578125	0.694443359375	0.764404296875	0.92169921875	0.929599609375	0.941513671875	0.948984375	0.95005859375	0.951962890625	0.952041015625	0.95216796875	0.953544921875	0.95251953125	0.95482421875	0.951357421875	0.953662109375	0.963212890625
0.0009765625	0.00203125	0.00478515625	0.008115234375	0.01369140625	0.020263671875	0.032568359375	0.04419921875	0.0487109375	0.07521484375	0.07865234375	0.1229296875	0.133515625	0.142451171875	0.26875	0.279453125	0.290400390625	0.32853515625	0.343134765625	0.36712890625	0.374970703125	0.45384765625	0.477138671875	0.494775390625	0.502626953125	0.68560546875	0.76677734375	0.924755859375	0.9309375	0.93990234375	0.94197265625	0.9500390625	0.95037109375	0.952802734375	0.951962890625	0.953720703125	0.951552734375	0.9543359375	0.952666015625	0.95357421875	0.953671875
0.0009765625	0.00240234375	0.00384765625	0.008740234375	0.013642578125	0.020146484375	0.032421875	0.04490234375	0.051171875	0.076552734375	0.079541015625	0.122451171875	0.138046875	0.14328125	0.267958984375	0.27837890625	0.294521484375	0.329990234375	0.356982421875	0.368359375	0.373876953125	0.462314453125	0.46974609375	0.4944140625	0.637333984375	0.75142578125	0.83509765625	0.92482421875	0.93814453125	0.940107421875	0.939765625	0.951796875	0.95109375	0.951298828125	0.95236328125	0.95255859375	0.953037109375	0.9533984375	0.95228515625	0.95443359375	0.953623046875
0.0009765625	0.001875	0.004873046875	0.009326171875	0.0118359375	0.019873046875	0.0320703125	0.045791015625	0.05	0.075859375	0.07853515625	0.122958984375	0.137265625	0.14556640625	0.266015625	0.28044921875	0.293681640625	0.331669921875	0.358974609375	0.37224609375	0.373916015625	0.464638671875	0.466904296875	0.511484375	0.696455078125	0.756494140625	0.82751953125	0.9259375	0.938349609375	0.93947265625	0.9415234375	0.9505078125	0.95287109375	0.952890625	0.95220703125	0.954609375	0.95388671875	0.954755859375	0.953857421875	0.95423828125	0.9540234375
0.0009765625	0.001689453125	0.0051171875	0.008720703125	0.013427734375	0.020634765625	0.0334765625	0.045498046875	0.050966796875	0.07560546875	0.082666015625	0.125576171875	0.138466796875	0.145810546875	0.271689453125	0.279736328125	0.292568359375	0.32681640625	0.358642578125	0.37142578125	0.3910546875	0.458232421875	0.499345703125	0.528193359375	0.7315625	0.814990234375	0.8432421875	0.9278515625	0.939599609375	0.939833984375	0.943037109375	0.9494140625	0.95193359375	0.952392578125	0.95359375	0.953330078125	0.952734375	0.9530078125	0.951357421875	0.953046875	0.953408203125
0.0009765625	0.001943359375	0.004638671875	0.008349609375	0.01390625	0.021142578125	0.032578125	0.04490234375	0.050810546875	0.076474609375	0.0825390625	0.126201171875	0.13931640625	0.14603515625	0.2734375	0.28802734375	0.2966015625	0.33068359375	0.36564453125	0.379287109375	0.397060546875	0.474384765625	0.52712890625	0.70908203125	0.796865234375	0.837197265625	0.85103515625	0.936240234375	0.941494140625	0.941806640625	0.951708984375	0.951796875	0.95056640625	0.951669921875	0.95388671875	0.9525	0.953125	0.951943359375	0.953251953125	0.95314453125	0.96396484375
0.0009765625	0.001806640625	0.003798828125	0.00791015625	0.013720703125	0.02125	0.034189453125	0.04599609375	0.050771484375	0.07595703125	0.08501953125	0.1255859375	0.13966796875	0.14591796875	0.274033203125	0.28078125	0.295712890625	0.3416015625	0.362373046875	0.385537109375	0.38833984375	0.479453125	0.589638671875	0.73310546875	0.8062890625	0.8503125	0.853759765625	0.938115234375	0.94076171875	0.941240234375	0.9435546875	0.951455078125	0.952587890625	0.954140625	0.9521875	0.95279296875	0.955419921875	0.954755859375	0.95236328125	0.95287109375	0.95111328125
0.0009765625	0.0020703125	0.004814453125	0.009150390625	0.012900390625	0.021318359375	0.03359375	0.047900390625	0.05115234375	0.078251953125	0.084853515625	0.128232421875	0.139775390625	0.14552734375	0.274189453125	0.2805078125	0.297685546875	0.34947265625	0.371826171875	0.385146484375	0.46056640625	0.592099609375	0.721513671875	0.7616015625	0.828759765625	0.844775390625	0.856337890625	0.937998046875	0.941435546875	0.9430078125	0.941796875	0.950126953125	0.951875	0.95203125	0.952705078125	0.953271484375	0.95283203125	0.95279296875	0.95375	0.95494140625	0.954384765625
0.0009765625	0.002021484375	0.004345703125	0.008369140625	0.013564453125	0.0203125	0.0337890625	0.046845703125	0.051025390625	0.07822265625	0.084501953125	0.12998046875	0.1397265625	0.148193359375	0.27638671875	0.283251953125	0.2961328125	0.353486328125	0.372421875	0.4518359375	0.478525390625	0.636240234375	0.752265625	0.801162109375	0.8359765625	0.847060546875	0.857353515625	0.938642578125	0.940380859375	0.94109375	0.943544921875	0.95087890625	0.95154296875	0.95357421875	0.953857421875	0.953076171875	0.954013671875	0.9530078125	0.9523828125	0.951552734375	0.95345703125
0.0009765625	0.00169921875	0.00474609375	0.00794921875	0.013701171875	0.021357421875	0.0334765625	0.048447265625	0.05302734375	0.079912109375	0.08578125	0.131181640625	0.1390625	0.156708984375	0.276171875	0.277236328125	0.2987890625	0.35357421875	0.471572265625	0.499443359375	0.60220703125	0.6551171875	0.786474609375	0.822802734375	0.83177734375	0.85890625	0.866533203125	0.938828125	0.942841796875	0.940322265625	0.942626953125	0.9510546875	0.950185546875	0.951513671875	0.952646484375	0.95505859375	0.95400390625	0.95361328125	0.95283203125	0.95294921875	0.95375
0.0009765625	0.00162109375	0.004404296875	0.009267578125	0.01384765625	0.02103515625	0.034951171875	0.047294921875	0.0549609375	0.07890625	0.084130859375	0.132001953125	0.141240234375	0.155419921875	0.278662109375	0.2873828125	0.32048828125	0.35693359375	0.511923828125	0.60353515625	0.65435546875	0.677919921875	0.817080078125	0.833779296875	0.849755859375	0.86212890625	0.8663671875	0.94193359375	0.942001953125	0.943671875	0.942060546875	0.951865234375	0.95177734375	0.951005859375	0.953408203125	0.95220703125	0.95365234375	0.953837890625	0.952216796875	0.95400390625	0.952041015625
0.0009765625	0.00193359375	0.0043359375	0.007900390625	0.01421875	0.022021484375	0.033681640625	0.04712890625	0.0551171875	0.082939453125	0.0871484375	0.130458984375	0.142021484375	0.15896484375	0.277998046875	0.294375	0.32208984375	0.55349609375	0.619140625	0.653564453125	0.68142578125	0.770810546875	0.82609375	0.843583984375	0.856513671875	0.863583984375	0.86755859375	0.939609375	0.94251953125	0.94404296875	0.9426171875	0.950537109375	0.951337890625	0.955	0.951240234375	0.9548046875	0.95474609375	0.953828125	0.952822265625	0.954013671875	0.954072265625
0.0009765625	0.00181640625	0.004267578125	0.009384765625	0.014501953125	0.021376953125	0.03515625	0.048095703125	0.055673828125	0.0820703125	0.08603515625	0.13408203125	0.141064453125	0.158583984375	0.28099609375	0.29291015625	0.596025390625	0.626064453125	0.641201171875	0.674189453125	0.690732421875	0.820673828125	0.843828125	0.849990234375	0.8519921875	0.8629296875	0.868671875	0.93998046875	0.940849609375	0.942470703125	0.94251953125	0.9528125	0.950771484375	0.9544140625	0.95412109375	0.95216796875	0.9530078125	0.953447265625	0.9553515625	0.95353515625	0.95130859375
0.0009765625	0.00185546875	0.004404296875	0.007861328125	0.01353515625	0.021455078125	0.035498046875	0.04947265625	0.05541015625	0.0830859375	0.084267578125	0.13173828125	0.14544921875	0.157392578125	0.285419921875	0.292275390625	0.6065234375	0.65783203125	0.67515625	0.685263671875	0.697900390625	0.83677734375	0.84630859375	0.8529296875	0.857158203125	0.830224609375	0.87052734375	0.93958984375	0.943173828125	0.943642578125	0.9434375	0.9501171875	0.950771484375	0.9516796875	0.952294921875	0.953154296875	0.95197265625	0.95232421875	0.9529296875	0.953935546875	0.954873046875
0.0009765625	0.00220703125	0.00439453125	0.009326171875	0.014951171875	0.02271484375	0.03640625	0.04998046875	0.056064453125	0.084501953125	0.0921875	0.134794921875	0.152880859375	0.1651171875	0.285537109375	0.63634765625	0.675673828125	0.690234375	0.68703125	0.732666015625	0.818818359375	0.840048828125	0.8458203125	0.854443359375	0.861025390625	0.870478515625	0.87142578125	0.943681640625	0.94302734375	0.94296875	0.94451171875	0.95212890625	0.95021484375	0.9535546875	0.952607421875	0.953671875	0.95302734375	0.950419921875	0.95423828125	0.953349609375	0.953623046875
0.0009765625	0.002060546875	0.0041796875	0.00904296875	0.014873046875	0.02255859375	0.03615234375	0.049541015625	0.055810546875	0.0834765625	0.09220703125	0.136298828125	0.151748046875	0.16767578125	0.667314453125	0.6795703125	0.700673828125	0.70431640625	0.7387890625	0.748857421875	0.819794921875	0.844130859375	0.850673828125	0.85669921875	0.8633984375	0.870869140625	0.8719140625	0.942119140625	0.94255859375	0.9425390625	0.942939453125	0.95140625	0.951572265625	0.952705078125	0.95216796875	0.952060546875	0.952919921875	0.954482421875	0.952001953125	0.955087890625	0.953955078125
0.0009765625	0.001953125	0.004658203125	0.008779296875	0.015400390625	0.022919921875	0.035166015625	0.050126953125	0.057548828125	0.084453125	0.092607421875	0.1351171875	0.158154296875	0.39263671875	0.685537109375	0.70611328125	0.7079296875	0.702080078125	0.743779296875	0.7625	0.82357421875	0.85029296875	0.85310546875	0.861337890625	0.863447265625	0.873515625	0.87115234375	0.94296875	0.94330078125	0.94388671875	0.9436328125	0.951728515625	0.952119140625	0.953583984375	0.954736328125	0.95380859375	0.9519921875	0.954560546875	0.9547265625	0.95515625	0.953466796875
0.0009765625	0.00169921875	0.004638671875	0.009453125	0.01587890625	0.0236328125	0.03796875	0.0510546875	0.05890625	0.083798828125	0.09318359375	0.13728515625	0.1546875	0.4035546875	0.69607421875	0.70921875	0.71392578125	0.7431640625	0.749404296875	0.817822265625	0.824609375	0.8473046875	0.852802734375	0.85990234375	0.863193359375	0.870859375	0.87041015625	0.94107421875	0.905615234375	0.944443359375	0.94275390625	0.951650390625	0.95220703125	0.950458984375	0.953916015625	0.9519921875	0.955791015625	0.952802734375	0.955302734375	0.952470703125	0.9522265625
0.0009765625	0.001875	0.004482421875	0.00890625	0.015400390625	0.02357421875	0.036640625	0.05283203125	0.060771484375	0.085390625	0.093388671875	0.139228515625	0.403134765625	0.4065625	0.7180078125	0.714375	0.739052734375	0.75	0.76568359375	0.822705078125	0.82560546875	0.85490234375	0.85646484375	0.860615234375	0.86958984375	0.871640625	0.872255859375	0.940693359375	0.94369140625	0.9450390625	0.943369140625	0.95076171875	0.95205078125	0.953818359375	0.954521484375	0.952021484375	0.954306640625	0.95677734375	0.952783203125	0.9533203125	0.953349609375
0.0009765625	0.00177734375	0.00482421875	0.00994140625	0.0152734375	0.0234375	0.03849609375	0.05328125	0.05998046875	0.0865625	0.098662109375	0.405966796875	0.410810546875	0.408837890625	0.734072265625	0.7392578125	0.745556640625	0.7593359375	0.7648046875	0.82708984375	0.82771484375	0.85603515625	0.85923828125	0.86380859375	0.86912109375	0.87193359375	0.869189453125	0.942978515625	0.945498046875	0.941123046875	0.942744140625	0.951826171875	0.95259765625	0.953232421875	0.953427734375	0.953291015625	0.95501953125	0.9529296875	0.951953125	0.954306640625	0.953349609375
0.0009765625	0.001953125	0.005009765625	0.00919921875	0.016416015625	0.02271484375	0.03859375	0.050068359375	0.060888671875	0.089912109375	0.270224609375	0.412119140625	0.41220703125	0.415693359375	0.741416015625	0.74060546875	0.745771484375	0.7655859375	0.824306640625	0.82927734375	0.8297265625	0.854794921875	0.86662109375	0.86587890625	0.868408203125	0.872412109375	0.872626953125	0.943759765625	0.943544921875	0.94455078125	0.94486328125	0.94990234375	0.9520703125	0.953251953125	0.954150390625	0.95369140625	0.95201171875	0.952490234375	0.95455078125	0.952392578125	0.95314453125
0.0009765625	0.001689453125	0.0051953125	0.009482421875	0.016650390625	0.02580078125	0.038359375	0.053681640625	0.061220703125	0.224072265625	0.272158203125	0.407001953125	0.409140625	0.4214453125	0.74453125	0.740302734375	0.748251953125	0.76712890625	0.825185546875	0.829013671875	0.8333984375	0.86	0.86498046875	0.86724609375	0.86853515625	0.872744140625	0.874443359375	0.944033203125	0.94341796875	0.944765625	0.945302734375	0.95341796875	0.95169921875	0.95408203125	0.9549609375	0.954189453125	0.953955078125	0.954306640625	0.953291015625	0.950810546875	0.952421875
0.0009765625	0.001533203125	0.005478515625	0.010048828125	0.016748046875	0.025478515625	0.039794921875	0.054462890625	0.188837890625	0.271396484375	0.26736328125	0.410068359375	0.4141796875	0.45693359375	0.742744140625	0.746669921875	0.760009765625	0.770595703125	0.82818359375	0.82962890625	0.83353515625	0.865595703125	0.864375	0.867197265625	0.86646484375	0.871630859375	0.87328125	0.943876953125	0.94408203125	0.942568359375	0.944375	0.952021484375	0.95353515625	0.95404296875	0.955048828125	0.953603515625	0.95337890625	0.95302734375	0.9537890625	0.953662109375	0.954599609375
0.0009765625	0.002216796875	0.0046484375	0.010556640625	0.01701171875	0.02599609375	0.03931640625	0.10017578125	0.187548828125	0.26939453125	0.26833984375	0.41234375	0.419013671875	0.460361328125	0.743642578125	0.7482421875	0.75900390625	0.82728515625	0.828681640625	0.836044921875	0.8344140625	0.86654296875	0.8665234375	0.87021484375	0.8692578125	0.871279296875	0.87337890625	0.945078125	0.94470703125	0.943212890625	0.942978515625	0.95330078125	0.952275390625	0.952646484375	0.952568359375	0.954912109375	0.955146484375	0.95435546875	0.95328125	0.9533984375	0.952783203125
0.0009765625	0.00189453125	0.00625	0.0104296875	0.017158203125	0.025751953125	0.0419921875	0.174921875	0.185830078125	0.270029296875	0.301640625	0.411240234375	0.42443359375	0.457890625	0.74900390625	0.761826171875	0.761259765625	0.828994140625	0.833193359375	0.835595703125	0.837080078125	0.865390625	0.866796875	0.870517578125	0.86861328125	0.872412109375	0.871865234375	0.94423828125	0.942900390625	0.944912109375	0.946689453125	0.951728515625	0.952333984375	0.952265625	0.950908203125	0.9547265625	0.95287109375	0.9541015625	0.952060546875	0.953037109375	0.954501953125
0.0009765625	0.00185546875	0.0060546875	0.010693359375	0.018740234375	0.026982421875	0.12591796875	0.1840625	0.20380859375	0.269970703125	0.30072265625	0.414287109375	0.4245703125	0.4646875	0.749306640625	0.7660546875	0.8222265625	0.830849609375	0.831943359375	0.838876953125	0.83978515625	0.868623046875	0.86880859375	0.871171875	0.869912109375	0.87130859375	0.874052734375	0.941484375	0.944013671875	0.944443359375	0.944033203125	0.95375	0.951240234375	0.953759765625	0.95578125	0.952685546875	0.951376953125	0.9529296875	0.95453125	0.953310546875	0.95443359375
0.0009765625	0.00240234375	0.006123046875	0.01146484375	0.018037109375	0.08861328125	0.13728515625	0.188193359375	0.205244140625	0.272890625	0.3019921875	0.4240234375	0.443876953125	0.462099609375	0.7598828125	0.763564453125	0.8200390625	0.830986328125	0.83611328125	0.83923828125	0.840400390625	0.868134765625	0.87171875	0.869345703125	0.868154296875	0.87431640625	0.870380859375	0.944072265625	0.94298828125	0.94310546875	0.94634765625	0.951337890625	0.952421875	0.95365234375	0.952919921875	0.954248046875	0.952998046875	0.953427734375	0.952724609375	0.9519921875	0.953916015625
0.0009765625	0.002275390625	0.005830078125	0.011572265625	0.019111328125	0.089462890625	0.13984375	0.187509765625	0.206728515625	0.2758984375	0.3041015625	0.423017578125	0.463779296875	0.46392578125	0.75935546875	0.767138671875	0.8211328125	0.829091796875	0.840771484375	0.84109375	0.84126953125	0.868828125	0.871435546875	0.87044921875	0.8698828125	0.872353515625	0.8712890625	0.943486328125	0.94416015625	0.945439453125	0.94662109375	0.954345703125	0.95095703125	0.95271484375	0.953134765625	0.953359375	0.951591796875	0.95267578125	0.95390625	0.952236328125	0.953486328125
0.0009765625	0.002333984375	0.0065234375	0.011796875	0.05712890625	0.082314453125	0.141298828125	0.18806640625	0.208505859375	0.278583984375	0.30390625	0.425166015625	0.462451171875	0.477978515625	0.76201171875	0.769072265625	0.82044921875	0.840732421875	0.83896484375	0.8352734375	0.836455078125	0.86853515625	0.8695703125	0.870595703125	0.870859375	0.871943359375	0.871669921875	0.9430859375	0.94451171875	0.9441796875	0.945478515625	0.950712890625	0.9525390625	0.955478515625	0.952294921875	0.95375	0.9547265625	0.954111328125	0.952890625	0.95404296875	0.954189453125
0.0009765625	0.002822265625	0.006787109375	0.03546875	0.062900390625	0.097451171875	0.1426171875	0.19310546875	0.216865234375	0.304208984375	0.3125	0.428115234375	0.46404296875	0.45876953125	0.763798828125	0.82041015625	0.82953125	0.842353515625	0.841416015625	0.8398828125	0.83720703125	0.867021484375	0.871357421875	0.870029296875	0.870478515625	0.872236328125	0.87091796875	0.944580078125	0.94248046875	0.948369140625	0.944990234375	0.9521484375	0.95212890625	0.953134765625	0.954716796875	0.953701171875	0.950673828125	0.951123046875	0.955068359375	0.9533203125	0.95560546875
0.0009765625	0.002958984375	0.019208984375	0.03869140625	0.065791015625	0.10013671875	0.147060546875	0.193583984375	0.2190234375	0.304296875	0.31923828125	0.46232421875	0.479033203125	0.478974609375	0.768505859375	0.822734375	0.829501953125	0.840263671875	0.837607421875	0.8390625	0.838603515625	0.869794921875	0.870615234375	0.873173828125	0.868681640625	0.871396484375	0.871796875	0.94423828125	0.945283203125	0.94544921875	0.946181640625	0.95248046875	0.953984375	0.95412109375	0.953212890625	0.95318359375	0.953203125	0.953525390625	0.9540234375	0.954033203125	0.95318359375
0.0009765625	0.002822265625	0.018251953125	0.03919921875	0.067939453125	0.103994140625	0.148564453125	0.197802734375	0.22107421875	0.3155859375	0.31861328125	0.463896484375	0.479794921875	0.478671875	0.76650390625	0.8334765625	0.827646484375	0.842841796875	0.83955078125	0.83794921875	0.840322265625	0.873447265625	0.87169921875	0.869921875	0.870224609375	0.874130859375	0.87080078125	0.943134765625	0.9455078125	0.944150390625	0.94404296875	0.951943359375	0.9520703125	0.95271484375	0.954462890625	0.9536328125	0.95412109375	0.95310546875	0.95365234375	0.95134765625	0.9534375
0.0009765625	0.006494140625	0.02064453125	0.03833984375	0.071923828125	0.102587890625	0.159951171875	0.2123046875	0.21947265625	0.32078125	0.320771484375	0.476240234375	0.480478515625	0.476689453125	0.822802734375	0.82833984375	0.82638671875	0.843466796875	0.8409375	0.840498046875	0.839990234375	0.8741015625	0.869501953125	0.869306640625	0.869130859375	0.87244140625	0.871083984375	0.94361328125	0.946708984375	0.946337890625	0.944443359375	0.952861328125	0.95283203125	0.952900390625	0.95490234375	0.95419921875	0.95369140625	0.954091796875	0.953232421875	0.9552734375	0.9526171875
0.0009765625	0.00779296875	0.0227734375	0.043779296875	0.07318359375	0.1078515625	0.162822265625	0.21138671875	0.220478515625	0.318095703125	0.317236328125	0.473525390625	0.480078125	0.477509765625	0.834189453125	0.8299609375	0.82970703125	0.844072265625	0.839599609375	0.836826171875	0.839697265625	0.870947265625	0.8708203125	0.869248046875	0.86947265625	0.8719140625	0.874931640625	0.946455078125	0.946318359375	0.94357421875	0.943876953125	0.952109375	0.9515625	0.95287109375	0.953798828125	0.953466796875	0.9507421875	0.95388671875	0.953779296875	0.953984375	0.95474609375
