0.0009765625	0.003310546875	0.0048046875	0.00849609375	0.013466796875	0.019150390625	0.031865234375	0.0423828125	0.046845703125	0.068818359375	0.071240234375	0.117958984375	0.12333984375	0.130576171875	0.258720703125	0.25833984375	0.272392578125	0.309150390625	0.32685546875	0.335849609375	0.331376953125	0.429697265625	0.43564453125	0.457529296875	0.4586328125	0.4996484375	0.508994140625	0.802490234375	0.8579296875	0.909921875	0.914169921875	0.948369140625	0.948017578125	0.951044921875	0.952626953125	0.951767578125	0.952958984375	0.952900390625	0.952373046875	0.95025390625	0.9503125
0.0009765625	0.004130859375	0.005830078125	0.00931640625	0.01328125	0.019091796875	0.031962890625	0.043896484375	0.047998046875	0.06791015625	0.07529296875	0.115166015625	0.127353515625	0.131064453125	0.258525390625	0.263115234375	0.277216796875	0.309248046875	0.33048828125	0.32884765625	0.35806640625	0.437197265625	0.43517578125	0.45181640625	0.470146484375	0.504814453125	0.507001953125	0.813369140625	0.871865234375	0.904609375	0.9384375	0.948134765625	0.949951171875	0.950693359375	0.9494921875	0.9516015625	0.951337890625	0.952607421875	0.95166015625	0.953017578125	0.95287109375
0.0009765625	0.003759765625	0.00564453125	0.008603515625	0.012724609375	0.0195703125	0.03158203125	0.044130859375	0.047666015625	0.06998046875	0.074189453125	0.11681640625	0.127763671875	0.1319921875	0.258037109375	0.268779296875	0.280146484375	0.3107421875	0.326953125	0.330703125	0.3646875	0.433291015625	0.43919921875	0.45572265625	0.490546875	0.50375	0.513623046875	0.847197265625	0.891904296875	0.926806640625	0.948916015625	0.948857421875	0.951435546875	0.95029296875	0.952333984375	0.95078125	0.95173828125	0.950419921875	0.951982421875	0.9506640625	0.962685546875
0.0009765625	0.00365234375	0.005546875	0.008076171875	0.01384765625	0.020087890625	0.03173828125	0.044033203125	0.048642578125	0.068701171875	0.07447265625	0.115830078125	0.12693359375	0.1360546875	0.258359375	0.267080078125	0.27642578125	0.309580078125	0.32845703125	0.33111328125	0.352314453125	0.433173828125	0.443427734375	0.459736328125	0.47466796875	0.512373046875	0.63408203125	0.842802734375	0.901630859375	0.923681640625	0.93826171875	0.948212890625	0.950029296875	0.95044921875	0.951806640625	0.9512890625	0.949052734375	0.950966796875	0.953740234375	0.952939453125	0.95177734375
0.0009765625	0.003564453125	0.00498046875	0.009375	0.0137890625	0.020478515625	0.03251953125	0.04494140625	0.048681640625	0.069638671875	0.07330078125	0.116533203125	0.127294921875	0.13732421875	0.256494140625	0.2639453125	0.276328125	0.30896484375	0.330107421875	0.33513671875	0.349189453125	0.4319921875	0.446884765625	0.46125	0.4772265625	0.516767578125	0.611005859375	0.861982421875	0.902822265625	0.92716796875	0.938388671875	0.948603515625	0.95015625	0.9512890625	0.9509765625	0.95091796875	0.949326171875	0.951279296875	0.952265625	0.953017578125	0.95123046875
0.0009765625	0.002587890625	0.006455078125	0.00890625	0.014052734375	0.020068359375	0.03220703125	0.045615234375	0.04912109375	0.06986328125	0.074130859375	0.117099609375	0.129248046875	0.139453125	0.2587109375	0.26482421875	0.2803515625	0.312294921875	0.3268359375	0.339130859375	0.35201171875	0.430947265625	0.4409765625	0.45759765625	0.47927734375	0.5076171875	0.655205078125	0.8790625	0.920126953125	0.937421875	0.938642578125	0.949765625	0.948671875	0.951474609375	0.952373046875	0.950810546875	0.95138671875	0.95296875	0.95244140625	0.950771484375	0.9540234375
0.0009765625	0.002119140625	0.0058203125	0.008818359375	0.0138671875	0.02052734375	0.0318359375	0.0458984375	0.04908203125	0.06998046875	0.074052734375	0.119599609375	0.127880859375	0.138486328125	0.258232421875	0.267216796875	0.28064453125	0.309208984375	0.3298828125	0.35078125	0.35650390625	0.435166015625	0.44337890625	0.470185546875	0.479462890625	0.59654296875	0.680185546875	0.913916015625	0.91814453125	0.93654296875	0.938623046875	0.94970703125	0.950400390625	0.951728515625	0.952568359375	0.9521484375	0.950732421875	0.95126953125	0.952646484375	0.95099609375	0.95275390625
0.0009765625	0.002314453125	0.005361328125	0.00837890625	0.013818359375	0.0207421875	0.032353515625	0.04548828125	0.04904296875	0.071103515625	0.075986328125	0.12181640625	0.130634765625	0.13876953125	0.260205078125	0.2796875	0.283388671875	0.313466796875	0.32734375	0.3474609375	0.36791015625	0.4336328125	0.45361328125	0.469765625	0.5045703125	0.628291015625	0.718427734375	0.904453125	0.9223828125	0.93728515625	0.949453125	0.948408203125	0.951083984375	0.950283203125	0.952021484375	0.95373046875	0.95267578125	0.95048828125	0.95267578125	0.95203125	0.959384765625
0.0009765625	0.002177734375	0.005078125	0.00908203125	0.013740234375	0.020048828125	0.0330078125	0.045126953125	0.048486328125	0.072158203125	0.07578125	0.121669921875	0.130947265625	0.138935546875	0.25828125	0.2687890625	0.277958984375	0.311494140625	0.33107421875	0.350458984375	0.361015625	0.4351953125	0.45205078125	0.468173828125	0.485234375	0.678486328125	0.758681640625	0.914873046875	0.927685546875	0.94029296875	0.940380859375	0.950263671875	0.94998046875	0.95138671875	0.952509765625	0.9516015625	0.950556640625	0.951845703125	0.95208984375	0.95189453125	0.952333984375
0.0009765625	0.00236328125	0.005390625	0.00966796875	0.01501953125	0.0213671875	0.033349609375	0.04537109375	0.05169921875	0.072919921875	0.074521484375	0.121298828125	0.13287109375	0.13990234375	0.26095703125	0.269462890625	0.283046875	0.3157421875	0.341728515625	0.350927734375	0.358359375	0.445361328125	0.4544921875	0.479072265625	0.60294921875	0.72791015625	0.820400390625	0.91802734375	0.936357421875	0.939501953125	0.93958984375	0.950888671875	0.949541015625	0.95126953125	0.95279296875	0.950517578125	0.950244140625	0.95201171875	0.95390625	0.95123046875	0.951220703125
0.0009765625	0.002197265625	0.004609375	0.009404296875	0.01462890625	0.020908203125	0.032177734375	0.045986328125	0.052021484375	0.072353515625	0.0748046875	0.121064453125	0.13314453125	0.141484375	0.258408203125	0.272470703125	0.279462890625	0.316962890625	0.336982421875	0.3545703125	0.355791015625	0.44234375	0.454580078125	0.477626953125	0.64455078125	0.703203125	0.832607421875	0.9203515625	0.9366796875	0.9398046875	0.9401953125	0.950751953125	0.95185546875	0.951201171875	0.9517578125	0.952392578125	0.951591796875	0.951650390625	0.953203125	0.954326171875	0.951357421875
0.0009765625	0.0024609375	0.005048828125	0.009892578125	0.01392578125	0.02072265625	0.033291015625	0.045625	0.0517578125	0.072607421875	0.079541015625	0.12140625	0.133916015625	0.139091796875	0.26748046875	0.27119140625	0.28408203125	0.316533203125	0.342646484375	0.355966796875	0.366015625	0.4452734375	0.478056640625	0.50662109375	0.68798828125	0.803369140625	0.834541015625	0.926279296875	0.9390234375	0.940478515625	0.9397265625	0.950048828125	0.950478515625	0.951220703125	0.951220703125	0.951689453125	0.951533203125	0.95103515625	0.952841796875	0.9533984375	0.951748046875
0.0009765625	0.002529296875	0.004658203125	0.009443359375	0.01400390625	0.021484375	0.03408203125	0.046337890625	0.051279296875	0.073271484375	0.0809375	0.1207421875	0.133349609375	0.1408203125	0.26263671875	0.27923828125	0.286318359375	0.314384765625	0.3441796875	0.36173828125	0.37609375	0.451728515625	0.48265625	0.6642578125	0.76716796875	0.811142578125	0.84318359375	0.935927734375	0.93703125	0.93908203125	0.95072265625	0.95001953125	0.948935546875	0.950205078125	0.952060546875	0.951015625	0.951484375	0.9492578125	0.9534375	0.95291015625	0.96255859375
0.0009765625	0.002294921875	0.00494140625	0.0090625	0.014111328125	0.022236328125	0.034443359375	0.0467578125	0.0505859375	0.074169921875	0.080732421875	0.122734375	0.13505859375	0.141943359375	0.262626953125	0.269453125	0.284853515625	0.3267578125	0.349892578125	0.362041015625	0.369072265625	0.460908203125	0.55759765625	0.7028125	0.79716796875	0.834951171875	0.813076171875	0.9370703125	0.938974609375	0.93892578125	0.93986328125	0.950283203125	0.951142578125	0.950869140625	0.951552734375	0.951376953125	0.951611328125	0.952666015625	0.9525	0.951689453125	0.95197265625
0.0009765625	0.00240234375	0.00439453125	0.00794921875	0.014326171875	0.02048828125	0.034033203125	0.04705078125	0.050302734375	0.074580078125	0.08056640625	0.1272265625	0.1366015625	0.141337890625	0.267958984375	0.272373046875	0.2846484375	0.32884765625	0.350966796875	0.367900390625	0.42380859375	0.5482421875	0.6951953125	0.734052734375	0.8037109375	0.839365234375	0.848291015625	0.937080078125	0.93708984375	0.94154296875	0.94134765625	0.912578125	0.95095703125	0.952470703125	0.95189453125	0.952587890625	0.95154296875	0.952587890625	0.952685546875	0.95271484375	0.953125
0.0009765625	0.00236328125	0.004521484375	0.008876953125	0.0141015625	0.02171875	0.03515625	0.048857421875	0.051796875	0.0743359375	0.078134765625	0.12578125	0.135283203125	0.14126953125	0.26599609375	0.27572265625	0.29056640625	0.333896484375	0.35115234375	0.416689453125	0.464111328125	0.601376953125	0.720595703125	0.77623046875	0.827587890625	0.840693359375	0.855673828125	0.9371875	0.939658203125	0.9388671875	0.9412109375	0.94876953125	0.950478515625	0.949833984375	0.951083984375	0.950888671875	0.95087890625	0.953994140625	0.950859375	0.95548828125	0.95376953125
0.0009765625	0.0021484375	0.004609375	0.008779296875	0.0144140625	0.02240234375	0.03455078125	0.047451171875	0.050302734375	0.075458984375	0.08166015625	0.1270703125	0.136904296875	0.150166015625	0.264814453125	0.275791015625	0.29359375	0.3381640625	0.453203125	0.46380859375	0.57228515625	0.628984375	0.77951171875	0.81259765625	0.829970703125	0.850166015625	0.8637109375	0.93767578125	0.93966796875	0.940693359375	0.942080078125	0.95041015625	0.95005859375	0.953857421875	0.952587890625	0.95146484375	0.95150390625	0.9535546875	0.954111328125	0.951484375	0.95328125
0.0009765625	0.002373046875	0.0049609375	0.00943359375	0.01453125	0.02189453125	0.035556640625	0.047822265625	0.054892578125	0.075634765625	0.080517578125	0.1264453125	0.135166015625	0.152373046875	0.267353515625	0.275693359375	0.31140625	0.3353515625	0.46095703125	0.57548828125	0.63396484375	0.6615625	0.799423828125	0.825849609375	0.845234375	0.850361328125	0.860634765625	0.938330078125	0.941142578125	0.941171875	0.940947265625	0.9501171875	0.95138671875	0.9505078125	0.9516015625	0.951796875	0.9546875	0.9523046875	0.953564453125	0.9530078125	0.952607421875
0.0009765625	0.002119140625	0.0046484375	0.00900390625	0.014482421875	0.021787109375	0.035078125	0.048017578125	0.054501953125	0.076728515625	0.08171875	0.127900390625	0.1375	0.1503515625	0.270322265625	0.279326171875	0.303681640625	0.51771484375	0.5776953125	0.631875	0.6545703125	0.753076171875	0.812001953125	0.836689453125	0.846025390625	0.853271484375	0.86583984375	0.93818359375	0.9388671875	0.939609375	0.940263671875	0.946904296875	0.951328125	0.952216796875	0.951435546875	0.951201171875	0.95314453125	0.95140625	0.953896484375	0.9534375	0.95181640625
0.0009765625	0.002197265625	0.0041796875	0.009140625	0.01552734375	0.022890625	0.03548828125	0.04896484375	0.054501953125	0.078759765625	0.080703125	0.12859375	0.13853515625	0.150439453125	0.26798828125	0.282861328125	0.5743359375	0.602001953125	0.630986328125	0.652568359375	0.671181640625	0.811328125	0.83158203125	0.841552734375	0.852216796875	0.857392578125	0.86302734375	0.93734375	0.93939453125	0.9433984375	0.9410546875	0.951884765625	0.950576171875	0.9516015625	0.95193359375	0.952392578125	0.9523828125	0.9533984375	0.95203125	0.95234375	0.952607421875
0.0009765625	0.002216796875	0.004443359375	0.009033203125	0.01412109375	0.022412109375	0.035888671875	0.049453125	0.05521484375	0.0782421875	0.08037109375	0.127060546875	0.1374609375	0.152841796875	0.275419921875	0.284130859375	0.583623046875	0.645927734375	0.662919921875	0.672021484375	0.678466796875	0.827470703125	0.832734375	0.84185546875	0.85423828125	0.85654296875	0.864482421875	0.938544921875	0.940537109375	0.9415625	0.94091796875	0.9505859375	0.9503125	0.952587890625	0.95263671875	0.95337890625	0.9523046875	0.950908203125	0.95283203125	0.95361328125	0.95455078125
0.0009765625	0.002236328125	0.004736328125	0.0095703125	0.015693359375	0.0226953125	0.037021484375	0.049619140625	0.05572265625	0.078837890625	0.086865234375	0.128759765625	0.144658203125	0.15689453125	0.27376953125	0.6112109375	0.660224609375	0.6753125	0.678447265625	0.72759765625	0.810146484375	0.834423828125	0.8370703125	0.845458984375	0.85119140625	0.86232421875	0.866328125	0.939931640625	0.940576171875	0.9414453125	0.940302734375	0.951494140625	0.951279296875	0.95330078125	0.95482421875	0.952333984375	0.9519921875	0.9541015625	0.952197265625	0.95310546875	0.951806640625
0.0009765625	0.0021875	0.004814453125	0.009306640625	0.01529296875	0.023798828125	0.037255859375	0.050654296875	0.056025390625	0.079248046875	0.087783203125	0.130576171875	0.145439453125	0.15837890625	0.64662109375	0.66322265625	0.68212890625	0.68544921875	0.733916015625	0.739111328125	0.812626953125	0.8364453125	0.841650390625	0.848583984375	0.857802734375	0.86431640625	0.86521484375	0.940869140625	0.94025390625	0.94181640625	0.942724609375	0.951689453125	0.951962890625	0.952353515625	0.951318359375	0.95302734375	0.951669921875	0.95462890625	0.95453125	0.952841796875	0.952509765625
0.0009765625	0.001845703125	0.0049609375	0.00984375	0.016123046875	0.023369140625	0.0367578125	0.0508984375	0.0564453125	0.079443359375	0.088173828125	0.13078125	0.149365234375	0.376923828125	0.672421875	0.6982421875	0.692373046875	0.691025390625	0.738017578125	0.756025390625	0.813935546875	0.839443359375	0.847060546875	0.852509765625	0.857763671875	0.8668359375	0.866796875	0.941015625	0.940703125	0.94166015625	0.94146484375	0.948984375	0.94955078125	0.95357421875	0.95302734375	0.950771484375	0.953046875	0.95302734375	0.952958984375	0.95505859375	0.9522265625
0.0009765625	0.0022265625	0.004755859375	0.009873046875	0.015224609375	0.023671875	0.037841796875	0.05083984375	0.059443359375	0.07939453125	0.088125	0.129580078125	0.146787109375	0.392470703125	0.687900390625	0.704111328125	0.7025390625	0.733251953125	0.7416015625	0.81689453125	0.81515625	0.84546875	0.845380859375	0.853056640625	0.855751953125	0.86685546875	0.865595703125	0.939775390625	0.9408984375	0.942001953125	0.94404296875	0.951142578125	0.94927734375	0.95236328125	0.95349609375	0.953125	0.953994140625	0.952529296875	0.953876953125	0.95267578125	0.953544921875
0.0009765625	0.00212890625	0.004677734375	0.01001953125	0.01640625	0.0236328125	0.03826171875	0.050986328125	0.060791015625	0.079658203125	0.086962890625	0.131826171875	0.39275390625	0.39869140625	0.706728515625	0.71328125	0.733173828125	0.74140625	0.75529296875	0.817353515625	0.818330078125	0.845390625	0.852568359375	0.855869140625	0.8664453125	0.869453125	0.8630859375	0.94083984375	0.9428125	0.943359375	0.9394140625	0.95029296875	0.951142578125	0.952724609375	0.950810546875	0.95373046875	0.952275390625	0.95271484375	0.9520703125	0.952060546875	0.953408203125
0.0009765625	0.00216796875	0.005498046875	0.009970703125	0.0155859375	0.024697265625	0.037998046875	0.05251953125	0.058525390625	0.081943359375	0.089775390625	0.400732421875	0.402578125	0.398642578125	0.731015625	0.73798828125	0.73390625	0.755126953125	0.758720703125	0.81607421875	0.821318359375	0.848701171875	0.854873046875	0.86056640625	0.86296875	0.867392578125	0.864755859375	0.940478515625	0.94302734375	0.9409375	0.94119140625	0.949794921875	0.950595703125	0.954384765625	0.9525390625	0.951474609375	0.9523828125	0.953505859375	0.95275390625	0.954619140625	0.951982421875
0.0009765625	0.002080078125	0.004755859375	0.00958984375	0.017275390625	0.0238671875	0.0383203125	0.053232421875	0.06099609375	0.085205078125	0.257900390625	0.399140625	0.399755859375	0.404228515625	0.734541015625	0.73830078125	0.73482421875	0.758251953125	0.81650390625	0.824501953125	0.8246484375	0.851494140625	0.862197265625	0.862158203125	0.861748046875	0.8665234375	0.865625	0.939794921875	0.9441015625	0.941669921875	0.943037109375	0.95041015625	0.95298828125	0.95171875	0.95236328125	0.95416015625	0.952060546875	0.952109375	0.952724609375	0.95126953125	0.951826171875
0.0009765625	0.002275390625	0.00556640625	0.010146484375	0.01671875	0.025166015625	0.039140625	0.05294921875	0.05794921875	0.111240234375	0.260751953125	0.40259765625	0.402587890625	0.413349609375	0.7383984375	0.736923828125	0.740556640625	0.75859375	0.81646484375	0.82455078125	0.824931640625	0.8536328125	0.862802734375	0.86255859375	0.86421875	0.866650390625	0.8663671875	0.94052734375	0.941181640625	0.9426953125	0.9403515625	0.95291015625	0.952548828125	0.952392578125	0.949462890625	0.952119140625	0.952138671875	0.951572265625	0.951689453125	0.950498046875	0.95466796875
0.0009765625	0.0021484375	0.005732421875	0.010048828125	0.017255859375	0.025126953125	0.038369140625	0.053330078125	0.091435546875	0.25953125	0.258681640625	0.397529296875	0.40498046875	0.4468359375	0.734677734375	0.741796875	0.753427734375	0.7630078125	0.8183203125	0.827587890625	0.8253515625	0.863544921875	0.86126953125	0.86490234375	0.86365234375	0.869375	0.86689453125	0.943173828125	0.941845703125	0.941708984375	0.940302734375	0.950341796875	0.952880859375	0.9541796875	0.953232421875	0.952587890625	0.9519140625	0.9530859375	0.951328125	0.95267578125	0.95181640625
0.0009765625	0.002275390625	0.005126953125	0.010888671875	0.0178515625	0.02630859375	0.039931640625	0.058720703125	0.189296875	0.259296875	0.258330078125	0.402265625	0.405810546875	0.4506640625	0.737978515625	0.745087890625	0.75380859375	0.820166015625	0.82455078125	0.824033203125	0.826611328125	0.85884765625	0.86267578125	0.864990234375	0.82970703125	0.8669140625	0.865205078125	0.943310546875	0.942822265625	0.94267578125	0.9437890625	0.95115234375	0.9528515625	0.951953125	0.95318359375	0.953203125	0.951455078125	0.95423828125	0.955439453125	0.953046875	0.951220703125
0.0009765625	0.0023046875	0.005537109375	0.011279296875	0.0179296875	0.02705078125	0.040146484375	0.17615234375	0.187421875	0.25919921875	0.283916015625	0.40185546875	0.41533203125	0.448974609375	0.741435546875	0.75318359375	0.76216796875	0.826591796875	0.82611328125	0.82685546875	0.833359375	0.861552734375	0.864091796875	0.864169921875	0.864189453125	0.86634765625	0.865791015625	0.944755859375	0.94095703125	0.9419140625	0.943056640625	0.9514453125	0.953046875	0.9531640625	0.953720703125	0.951962890625	0.952236328125	0.949287109375	0.952509765625	0.95388671875	0.9537109375
0.0009765625	0.002314453125	0.006259765625	0.010947265625	0.019111328125	0.02685546875	0.134609375	0.18658203125	0.207607421875	0.25984375	0.286201171875	0.402431640625	0.413994140625	0.455693359375	0.73931640625	0.757412109375	0.815	0.825927734375	0.826201171875	0.834794921875	0.829638671875	0.85953125	0.86185546875	0.8644140625	0.863486328125	0.867958984375	0.86705078125	0.94185546875	0.942470703125	0.94162109375	0.945	0.913203125	0.9515234375	0.953779296875	0.95224609375	0.9501171875	0.953701171875	0.954404296875	0.95224609375	0.952021484375	0.9529296875
0.0009765625	0.002421875	0.0062109375	0.01216796875	0.019033203125	0.078046875	0.14083984375	0.18732421875	0.207470703125	0.26439453125	0.2874609375	0.411435546875	0.4508203125	0.452958984375	0.754384765625	0.759921875	0.815146484375	0.82486328125	0.8280859375	0.8335546875	0.833291015625	0.86212890625	0.862626953125	0.864921875	0.8634765625	0.867353515625	0.867265625	0.941669921875	0.942373046875	0.94294921875	0.944716796875	0.94935546875	0.95162109375	0.95376953125	0.95421875	0.95302734375	0.95181640625	0.95212890625	0.950185546875	0.951826171875	0.9533203125
0.0009765625	0.002451171875	0.006484375	0.012421875	0.019853515625	0.090693359375	0.143974609375	0.188486328125	0.207080078125	0.268154296875	0.2898046875	0.411728515625	0.455810546875	0.453701171875	0.756845703125	0.760380859375	0.81453125	0.826611328125	0.834697265625	0.8317578125	0.83328125	0.86181640625	0.864521484375	0.86505859375	0.864951171875	0.87029296875	0.868310546875	0.94271484375	0.942197265625	0.9426171875	0.944306640625	0.952177734375	0.95078125	0.953369140625	0.95365234375	0.95287109375	0.9516796875	0.95046875	0.95275390625	0.9503125	0.9522265625
0.0009765625	0.00244140625	0.00611328125	0.0126171875	0.060625	0.08982421875	0.142763671875	0.190029296875	0.21119140625	0.265185546875	0.291484375	0.410556640625	0.452587890625	0.4678125	0.757861328125	0.763837890625	0.81818359375	0.835087890625	0.834228515625	0.83580078125	0.830224609375	0.861572265625	0.864775390625	0.865341796875	0.8654296875	0.8687109375	0.867978515625	0.94244140625	0.94037109375	0.9434765625	0.9453515625	0.951474609375	0.95064453125	0.949443359375	0.95345703125	0.952490234375	0.95291015625	0.953095703125	0.950458984375	0.95171875	0.95388671875
0.0009765625	0.002548828125	0.006611328125	0.041337890625	0.065537109375	0.09708984375	0.146103515625	0.1947265625	0.2178125	0.290703125	0.299365234375	0.415791015625	0.454697265625	0.46927734375	0.76	0.8164453125	0.826396484375	0.83513671875	0.8344921875	0.8341015625	0.831220703125	0.86380859375	0.864921875	0.866142578125	0.8666015625	0.866025390625	0.86541015625	0.94083984375	0.94	0.9446484375	0.943701171875	0.950810546875	0.951591796875	0.95080078125	0.95369140625	0.952607421875	0.951240234375	0.9543359375	0.952734375	0.953349609375	0.952265625
0.0009765625	0.0029296875	0.019638671875	0.041806640625	0.066171875	0.09478515625	0.144677734375	0.195615234375	0.2172265625	0.2920703125	0.3016015625	0.45423828125	0.47	0.472529296875	0.760146484375	0.821298828125	0.827490234375	0.83666015625	0.833466796875	0.83263671875	0.832578125	0.8648046875	0.866298828125	0.86837890625	0.865126953125	0.86623046875	0.867197265625	0.941884765625	0.943974609375	0.943046875	0.943515625	0.9521875	0.95259765625	0.952841796875	0.952099609375	0.9510546875	0.9512890625	0.952880859375	0.95298828125	0.951494140625	0.9522265625
0.0009765625	0.002998046875	0.02125	0.043447265625	0.067255859375	0.098837890625	0.146376953125	0.19861328125	0.219365234375	0.30076171875	0.30353515625	0.454873046875	0.4724609375	0.470234375	0.76294921875	0.825478515625	0.82455078125	0.835673828125	0.837119140625	0.830791015625	0.83470703125	0.867373046875	0.866279296875	0.865849609375	0.864091796875	0.868017578125	0.8648828125	0.942666015625	0.945595703125	0.943701171875	0.943076171875	0.953232421875	0.95134765625	0.953076171875	0.951630859375	0.952646484375	0.952451171875	0.952138671875	0.95310546875	0.95427734375	0.952236328125
0.0009765625	0.006884765625	0.022978515625	0.045283203125	0.0715234375	0.105751953125	0.161865234375	0.213798828125	0.22125	0.30544921875	0.304853515625	0.466826171875	0.472548828125	0.470751953125	0.788037109375	0.826435546875	0.8249609375	0.837666015625	0.83513671875	0.833408203125	0.834873046875	0.86798828125	0.867255859375	0.867060546875	0.864111328125	0.866025390625	0.869267578125	0.94560546875	0.943994140625	0.943291015625	0.94466796875	0.954326171875	0.95197265625	0.9524609375	0.95232421875	0.952744140625	0.95138671875	0.95185546875	0.953740234375	0.952109375	0.951904296875
0.0009765625	0.0084765625	0.02314453125	0.0498828125	0.075048828125	0.10552734375	0.169423828125	0.221083984375	0.22349609375	0.305185546875	0.301611328125	0.467890625	0.471103515625	0.46822265625	0.82955078125	0.8245703125	0.8255078125	0.834677734375	0.8351953125	0.8341015625	0.831875	0.867998046875	0.866611328125	0.866640625	0.866748046875	0.869296875	0.869140625	0.943623046875	0.9437890625	0.944677734375	0.943681640625	0.953193359375	0.952529296875	0.951416015625	0.954482421875	0.951064453125	0.95380859375	0.9527734375	0.952197265625	0.95396484375	0.95103515625
