0.0009765625	0.0024609375	0.00408203125	0.0054296875	0.008974609375	0.0136328125	0.02462890625	0.038525390625	0.042431640625	0.0688671875	0.071455078125	0.123251953125	0.132724609375	0.139072265625	0.28861328125	0.293134765625	0.303408203125	0.344482421875	0.36482421875	0.370810546875	0.373974609375	0.476953125	0.4816015625	0.502255859375	0.50630859375	0.547861328125	0.562333984375	0.898818359375	0.912861328125	0.931376953125	0.934599609375	0.950595703125	0.950673828125	0.952333984375	0.9521875	0.9546875	0.953173828125	0.953486328125	0.953203125	0.954169921875	0.95375
0.0009765625	0.00240234375	0.0041015625	0.006064453125	0.009296875	0.0140625	0.025693359375	0.039443359375	0.04646484375	0.067470703125	0.076474609375	0.122099609375	0.133662109375	0.13955078125	0.28609375	0.296044921875	0.313291015625	0.3501171875	0.364423828125	0.37078125	0.399931640625	0.47421875	0.4815234375	0.502021484375	0.518505859375	0.5505078125	0.5578125	0.894853515625	0.919775390625	0.932978515625	0.9447265625	0.950888671875	0.95146484375	0.953330078125	0.953974609375	0.953056640625	0.951884765625	0.954228515625	0.953662109375	0.953935546875	0.954775390625
0.0009765625	0.0026171875	0.003388671875	0.0051171875	0.008232421875	0.01509765625	0.0255859375	0.039736328125	0.047080078125	0.06943359375	0.077939453125	0.123310546875	0.137392578125	0.147802734375	0.28740234375	0.30333984375	0.313076171875	0.3487109375	0.36412109375	0.372314453125	0.410537109375	0.47697265625	0.483818359375	0.50208984375	0.542333984375	0.551474609375	0.57291015625	0.909814453125	0.9235546875	0.936181640625	0.9509375	0.952763671875	0.9515234375	0.951640625	0.954365234375	0.95310546875	0.953388671875	0.952998046875	0.952666015625	0.95212890625	0.96490234375
0.0009765625	0.00251953125	0.003896484375	0.00578125	0.009306640625	0.016328125	0.02630859375	0.039375	0.045966796875	0.069130859375	0.0775	0.124345703125	0.13548828125	0.15140625	0.287060546875	0.28677734375	0.31435546875	0.333046875	0.36337890625	0.373115234375	0.4048828125	0.476591796875	0.487587890625	0.504541015625	0.519609375	0.5589453125	0.700302734375	0.913720703125	0.928857421875	0.9371875	0.943095703125	0.952177734375	0.951611328125	0.952265625	0.953505859375	0.95208984375	0.9534765625	0.95314453125	0.95431640625	0.95380859375	0.95314453125
0.0009765625	0.00208984375	0.003271484375	0.00529296875	0.008623046875	0.016220703125	0.026533203125	0.040517578125	0.045634765625	0.06943359375	0.077001953125	0.126171875	0.1347265625	0.152431640625	0.289052734375	0.29681640625	0.314521484375	0.349423828125	0.365185546875	0.373857421875	0.401552734375	0.478671875	0.489765625	0.50548828125	0.5216796875	0.563408203125	0.72892578125	0.916123046875	0.929453125	0.937939453125	0.941298828125	0.951337890625	0.95185546875	0.9525	0.95361328125	0.952431640625	0.954326171875	0.95416015625	0.954072265625	0.955380859375	0.9536328125
0.0009765625	0.001826171875	0.003642578125	0.006005859375	0.0095703125	0.01470703125	0.02650390625	0.04033203125	0.047412109375	0.074033203125	0.078564453125	0.126669921875	0.1423828125	0.1531640625	0.29078125	0.296201171875	0.316357421875	0.3513671875	0.370009765625	0.39140625	0.401884765625	0.478310546875	0.488896484375	0.50857421875	0.53396484375	0.563076171875	0.775810546875	0.921201171875	0.93423828125	0.941025390625	0.94216796875	0.950380859375	0.95244140625	0.952763671875	0.9524609375	0.952890625	0.9538671875	0.95291015625	0.953837890625	0.953837890625	0.955673828125
0.0009765625	0.00185546875	0.003291015625	0.00646484375	0.010244140625	0.016845703125	0.027353515625	0.043486328125	0.04833984375	0.073056640625	0.078330078125	0.128046875	0.14142578125	0.154599609375	0.289755859375	0.3062109375	0.315283203125	0.3480078125	0.36818359375	0.39599609375	0.402490234375	0.47923828125	0.49232421875	0.525361328125	0.534130859375	0.695478515625	0.8187890625	0.932138671875	0.934541015625	0.94236328125	0.944619140625	0.95134765625	0.952177734375	0.952509765625	0.95318359375	0.952548828125	0.9549609375	0.952998046875	0.9540625	0.9525	0.9543359375
0.0009765625	0.00197265625	0.0027734375	0.005625	0.00896484375	0.01556640625	0.028974609375	0.043134765625	0.047705078125	0.07326171875	0.08033203125	0.132431640625	0.1446875	0.155751953125	0.291005859375	0.31361328125	0.3169140625	0.35271484375	0.3715234375	0.3943359375	0.416162109375	0.480986328125	0.500458984375	0.524404296875	0.559541015625	0.771484375	0.83009765625	0.93279296875	0.935576171875	0.9428125	0.951083984375	0.950498046875	0.95228515625	0.953388671875	0.955322265625	0.9538671875	0.95384765625	0.9528515625	0.95322265625	0.954716796875	0.962900390625
0.0009765625	0.00181640625	0.00267578125	0.0051171875	0.009228515625	0.015947265625	0.028115234375	0.044033203125	0.048525390625	0.072685546875	0.0790625	0.133603515625	0.14408203125	0.155849609375	0.29248046875	0.304912109375	0.316337890625	0.3503515625	0.3686328125	0.395517578125	0.404072265625	0.488046875	0.50125	0.52458984375	0.535654296875	0.78943359375	0.839091796875	0.931845703125	0.93724609375	0.9428515625	0.9448046875	0.951259765625	0.9542578125	0.952763671875	0.95416015625	0.953193359375	0.953203125	0.953974609375	0.95421875	0.954169921875	0.953515625
0.0009765625	0.001611328125	0.00322265625	0.005439453125	0.010595703125	0.016142578125	0.028193359375	0.043603515625	0.051787109375	0.075732421875	0.079228515625	0.1331640625	0.1476171875	0.15818359375	0.2947265625	0.3090625	0.32375	0.352392578125	0.3869140625	0.400166015625	0.406005859375	0.49521484375	0.505859375	0.532607421875	0.744345703125	0.81296875	0.85654296875	0.933193359375	0.94341796875	0.943701171875	0.94283203125	0.95140625	0.953505859375	0.95390625	0.953662109375	0.95359375	0.95376953125	0.9552734375	0.9546484375	0.953828125	0.954033203125
0.0009765625	0.001630859375	0.002880859375	0.0058203125	0.01056640625	0.015029296875	0.02759765625	0.043798828125	0.0522265625	0.07501953125	0.079638671875	0.1330078125	0.146806640625	0.156201171875	0.29220703125	0.308544921875	0.32375	0.354951171875	0.387255859375	0.40171875	0.4034765625	0.49904296875	0.507802734375	0.586611328125	0.773603515625	0.821416015625	0.860244140625	0.934921875	0.942509765625	0.9437109375	0.944228515625	0.95248046875	0.953369140625	0.955498046875	0.95380859375	0.952705078125	0.954248046875	0.954189453125	0.953603515625	0.954189453125	0.955048828125
0.0009765625	0.001591796875	0.003515625	0.006279296875	0.010458984375	0.017216796875	0.031982421875	0.045068359375	0.05310546875	0.0766015625	0.088173828125	0.134833984375	0.149462890625	0.157236328125	0.2998046875	0.31052734375	0.32482421875	0.35912109375	0.3906640625	0.402392578125	0.42236328125	0.49986328125	0.569140625	0.601767578125	0.808857421875	0.85208984375	0.862705078125	0.936572265625	0.941728515625	0.94576171875	0.943837890625	0.953203125	0.95337890625	0.95390625	0.953046875	0.95291015625	0.9540234375	0.954150390625	0.953857421875	0.954501953125	0.955595703125
0.0009765625	0.00142578125	0.003125	0.004951171875	0.010693359375	0.01810546875	0.03234375	0.045673828125	0.054208984375	0.0781640625	0.090234375	0.136494140625	0.1523828125	0.157080078125	0.3018359375	0.313623046875	0.3255859375	0.357509765625	0.394609375	0.4100390625	0.415126953125	0.5565625	0.591591796875	0.775166015625	0.83529296875	0.856123046875	0.864462890625	0.94255859375	0.942685546875	0.94529296875	0.951533203125	0.9506640625	0.952958984375	0.9537109375	0.955537109375	0.953662109375	0.95365234375	0.955556640625	0.95484375	0.95525390625	0.962275390625
0.0009765625	0.001494140625	0.00310546875	0.005419921875	0.01052734375	0.0186328125	0.031630859375	0.047841796875	0.053818359375	0.078076171875	0.088642578125	0.138818359375	0.152080078125	0.15857421875	0.30310546875	0.310322265625	0.325966796875	0.376416015625	0.395458984375	0.419560546875	0.4237109375	0.561845703125	0.64658203125	0.79466796875	0.84248046875	0.85888671875	0.865087890625	0.94078125	0.942841796875	0.94439453125	0.9459765625	0.95236328125	0.952822265625	0.952890625	0.952314453125	0.95353515625	0.9553125	0.953505859375	0.952998046875	0.954794921875	0.954775390625
0.0009765625	0.001396484375	0.003369140625	0.0060546875	0.0112109375	0.0189453125	0.030947265625	0.047412109375	0.053330078125	0.083037109375	0.088935546875	0.142177734375	0.153681640625	0.1572265625	0.301748046875	0.31318359375	0.326943359375	0.378837890625	0.405546875	0.418994140625	0.556875	0.64390625	0.782841796875	0.8094921875	0.848388671875	0.864951171875	0.866396484375	0.94197265625	0.943662109375	0.94419921875	0.943642578125	0.952763671875	0.951572265625	0.952607421875	0.9528515625	0.954248046875	0.954140625	0.955068359375	0.954384765625	0.95341796875	0.954423828125
0.0009765625	0.00154296875	0.0026953125	0.005810546875	0.010537109375	0.018056640625	0.0327734375	0.04861328125	0.054228515625	0.0818359375	0.09072265625	0.142646484375	0.15275390625	0.162109375	0.302607421875	0.312734375	0.327734375	0.38451171875	0.402197265625	0.54958984375	0.5801953125	0.674111328125	0.792197265625	0.835185546875	0.855126953125	0.863271484375	0.867666015625	0.94154296875	0.943486328125	0.9450390625	0.94490234375	0.9521484375	0.95283203125	0.95263671875	0.954775390625	0.953466796875	0.95552734375	0.954248046875	0.954638671875	0.9554296875	0.955087890625
0.0009765625	0.001484375	0.003115234375	0.004638671875	0.011806640625	0.020185546875	0.033037109375	0.0485546875	0.05857421875	0.0831640625	0.0912890625	0.143115234375	0.153662109375	0.1701953125	0.30271484375	0.319541015625	0.335693359375	0.385888671875	0.5698046875	0.585478515625	0.65140625	0.69458984375	0.828115234375	0.849736328125	0.85548828125	0.86501953125	0.871474609375	0.9428125	0.9434765625	0.9459765625	0.90822265625	0.95337890625	0.951611328125	0.953994140625	0.95197265625	0.952470703125	0.952177734375	0.955224609375	0.95447265625	0.955625	0.95537109375
0.0009765625	0.001552734375	0.00259765625	0.00642578125	0.011787109375	0.019873046875	0.034345703125	0.049345703125	0.06115234375	0.083154296875	0.09154296875	0.14302734375	0.155263671875	0.172822265625	0.307880859375	0.319931640625	0.3591015625	0.38744140625	0.5951953125	0.650634765625	0.688642578125	0.711083984375	0.8379296875	0.85189453125	0.859091796875	0.86490234375	0.874072265625	0.943310546875	0.9439453125	0.945576171875	0.94484375	0.952646484375	0.95349609375	0.9544921875	0.954609375	0.954892578125	0.954287109375	0.9541796875	0.95484375	0.952998046875	0.95322265625
0.0009765625	0.00138671875	0.0026953125	0.005419921875	0.011357421875	0.0198046875	0.034755859375	0.05142578125	0.0608984375	0.086689453125	0.091826171875	0.145322265625	0.155126953125	0.17537109375	0.308740234375	0.32724609375	0.3591015625	0.609716796875	0.650830078125	0.679208984375	0.70642578125	0.803544921875	0.847880859375	0.855947265625	0.86220703125	0.869287109375	0.87416015625	0.942919921875	0.943544921875	0.94404296875	0.944560546875	0.952509765625	0.95142578125	0.952021484375	0.95271484375	0.952841796875	0.954921875	0.953046875	0.955263671875	0.952568359375	0.954462890625
0.0009765625	0.001484375	0.00267578125	0.005615234375	0.011845703125	0.020439453125	0.036181640625	0.050693359375	0.060556640625	0.087392578125	0.0908984375	0.143681640625	0.15859375	0.17541015625	0.307373046875	0.328447265625	0.631328125	0.667529296875	0.677900390625	0.704091796875	0.71072265625	0.843525390625	0.855927734375	0.859951171875	0.866513671875	0.86947265625	0.875	0.941259765625	0.944404296875	0.9449609375	0.944931640625	0.95322265625	0.952275390625	0.9524609375	0.953203125	0.954580078125	0.955146484375	0.955390625	0.953544921875	0.9535546875	0.955234375
0.0009765625	0.001220703125	0.002568359375	0.007265625	0.010380859375	0.0196875	0.035615234375	0.054326171875	0.0612890625	0.0876171875	0.09208984375	0.14677734375	0.157880859375	0.178154296875	0.3176953125	0.325673828125	0.6559375	0.6897265625	0.702548828125	0.712412109375	0.716005859375	0.854453125	0.855966796875	0.862138671875	0.8622265625	0.868818359375	0.8744140625	0.945126953125	0.944931640625	0.945576171875	0.945908203125	0.951455078125	0.953701171875	0.9539453125	0.9558984375	0.954326171875	0.95451171875	0.954892578125	0.954306640625	0.9550390625	0.9547265625
0.0009765625	0.0014453125	0.00271484375	0.006240234375	0.013642578125	0.021220703125	0.037080078125	0.05369140625	0.062626953125	0.089951171875	0.100205078125	0.14734375	0.168056640625	0.18572265625	0.3194140625	0.67447265625	0.70455078125	0.70837890625	0.7150390625	0.742041015625	0.831435546875	0.853193359375	0.857294921875	0.8617578125	0.87	0.874970703125	0.876142578125	0.943759765625	0.945546875	0.9453515625	0.9453515625	0.951806640625	0.9541015625	0.953349609375	0.953603515625	0.9534375	0.95501953125	0.954140625	0.953369140625	0.954384765625	0.954501953125
0.0009765625	0.001318359375	0.002880859375	0.006416015625	0.01349609375	0.023349609375	0.03712890625	0.05470703125	0.059970703125	0.091337890625	0.10169921875	0.150751953125	0.168369140625	0.340185546875	0.690751953125	0.700107421875	0.7175390625	0.720009765625	0.7491796875	0.757783203125	0.83123046875	0.855068359375	0.86140625	0.86474609375	0.868408203125	0.87435546875	0.8758203125	0.943662109375	0.944423828125	0.94509765625	0.94552734375	0.95296875	0.9532421875	0.954921875	0.954736328125	0.954990234375	0.95361328125	0.95462890625	0.954541015625	0.95435546875	0.95482421875
0.0009765625	0.001513671875	0.00291015625	0.00638671875	0.01396484375	0.023359375	0.039375	0.05533203125	0.06330078125	0.09048828125	0.102275390625	0.151630859375	0.20990234375	0.400029296875	0.705537109375	0.723203125	0.72701171875	0.71916015625	0.7556640625	0.770048828125	0.834560546875	0.860380859375	0.86568359375	0.867509765625	0.867099609375	0.876875	0.87541015625	0.943427734375	0.94525390625	0.946572265625	0.945185546875	0.953076171875	0.95212890625	0.95462890625	0.954013671875	0.956171875	0.95431640625	0.95501953125	0.952373046875	0.95490234375	0.95376953125
0.0009765625	0.001533203125	0.002802734375	0.006962890625	0.01216796875	0.022578125	0.0401171875	0.0575	0.066416015625	0.090927734375	0.10361328125	0.20376953125	0.392646484375	0.40447265625	0.712099609375	0.730146484375	0.727548828125	0.75578125	0.7595703125	0.834384765625	0.83638671875	0.86220703125	0.8646875	0.865810546875	0.865830078125	0.877802734375	0.876318359375	0.90529296875	0.94568359375	0.944130859375	0.94673828125	0.954501953125	0.953134765625	0.952958984375	0.95392578125	0.9538671875	0.954345703125	0.9539453125	0.955224609375	0.9545703125	0.95447265625
0.0009765625	0.001259765625	0.0030859375	0.007578125	0.01455078125	0.02341796875	0.04140625	0.058671875	0.06970703125	0.093935546875	0.1051953125	0.3878515625	0.405068359375	0.4053125	0.7291015625	0.735263671875	0.749375	0.758173828125	0.769853515625	0.833369140625	0.83474609375	0.859013671875	0.865986328125	0.867275390625	0.87390625	0.876787109375	0.87529296875	0.944365234375	0.945341796875	0.945751953125	0.945517578125	0.951708984375	0.953515625	0.952783203125	0.9530859375	0.95353515625	0.95560546875	0.953857421875	0.95478515625	0.95306640625	0.95560546875
0.0009765625	0.001572265625	0.002763671875	0.008515625	0.015458984375	0.026484375	0.04013671875	0.05900390625	0.069794921875	0.09416015625	0.2612890625	0.405693359375	0.406630859375	0.40677734375	0.744345703125	0.748525390625	0.753154296875	0.771298828125	0.774814453125	0.838271484375	0.83951171875	0.8634765625	0.86794921875	0.870517578125	0.873583984375	0.875791015625	0.87587890625	0.945107421875	0.94607421875	0.946455078125	0.945751953125	0.95072265625	0.95376953125	0.953076171875	0.953955078125	0.95349609375	0.953515625	0.954501953125	0.95474609375	0.954208984375	0.954345703125
0.0009765625	0.0013671875	0.002958984375	0.0075390625	0.015625	0.0272265625	0.042333984375	0.059951171875	0.069931640625	0.263232421875	0.2651953125	0.40888671875	0.407177734375	0.40974609375	0.746923828125	0.756005859375	0.755615234375	0.744677734375	0.835263671875	0.837392578125	0.840888671875	0.863232421875	0.873251953125	0.869794921875	0.87537109375	0.876201171875	0.875673828125	0.945283203125	0.94466796875	0.946552734375	0.946298828125	0.952978515625	0.9541796875	0.953095703125	0.95435546875	0.9541796875	0.954091796875	0.95416015625	0.954091796875	0.954912109375	0.9542578125
0.0009765625	0.00158203125	0.003447265625	0.00826171875	0.016474609375	0.02677734375	0.043701171875	0.06109375	0.071748046875	0.2598828125	0.26482421875	0.407744140625	0.407958984375	0.418515625	0.7500390625	0.752705078125	0.758759765625	0.778486328125	0.8377734375	0.838681640625	0.844541015625	0.865703125	0.872333984375	0.86955078125	0.87599609375	0.877529296875	0.874423828125	0.945458984375	0.9455859375	0.94328125	0.947451171875	0.953779296875	0.9523046875	0.9524609375	0.954970703125	0.951298828125	0.952548828125	0.953232421875	0.954306640625	0.954619140625	0.95388671875
0.0009765625	0.001259765625	0.003623046875	0.0091015625	0.018505859375	0.028134765625	0.043515625	0.063046875	0.191708984375	0.264912109375	0.263681640625	0.407646484375	0.4102734375	0.45328125	0.75302734375	0.760390625	0.770361328125	0.77962890625	0.837451171875	0.842529296875	0.84248046875	0.8723046875	0.871962890625	0.87716796875	0.87361328125	0.876806640625	0.875693359375	0.94326171875	0.945009765625	0.947470703125	0.945888671875	0.954033203125	0.95294921875	0.95294921875	0.955283203125	0.954326171875	0.953466796875	0.954599609375	0.955205078125	0.9544140625	0.954990234375
0.0009765625	0.001357421875	0.003173828125	0.008876953125	0.017890625	0.028193359375	0.04533203125	0.18060546875	0.19025390625	0.263984375	0.26291015625	0.4061328125	0.411865234375	0.45583984375	0.7514453125	0.757177734375	0.770185546875	0.83806640625	0.8383203125	0.841953125	0.844990234375	0.872900390625	0.87185546875	0.875205078125	0.87365234375	0.8766015625	0.87681640625	0.946748046875	0.94521484375	0.945380859375	0.94419921875	0.952724609375	0.953173828125	0.953935546875	0.95369140625	0.954404296875	0.95294921875	0.953349609375	0.95509765625	0.954130859375	0.954169921875
0.0009765625	0.001533203125	0.004189453125	0.009443359375	0.018349609375	0.0296484375	0.047451171875	0.179853515625	0.188857421875	0.263955078125	0.2928515625	0.409755859375	0.418427734375	0.456865234375	0.754912109375	0.766923828125	0.771025390625	0.840341796875	0.842998046875	0.8446484375	0.8458203125	0.8722265625	0.8731640625	0.8749609375	0.876884765625	0.87947265625	0.874345703125	0.944609375	0.9453125	0.9432421875	0.946337890625	0.91744140625	0.953427734375	0.9533984375	0.9533984375	0.953916015625	0.95466796875	0.953583984375	0.953408203125	0.955380859375	0.95189453125
0.0009765625	0.00142578125	0.005009765625	0.01064453125	0.0191015625	0.031904296875	0.13640625	0.18810546875	0.213349609375	0.263564453125	0.2920703125	0.410478515625	0.419248046875	0.4619921875	0.75955078125	0.774609375	0.830849609375	0.84169921875	0.842255859375	0.846728515625	0.84716796875	0.868427734375	0.872724609375	0.874609375	0.877099609375	0.87603515625	0.875224609375	0.945673828125	0.943818359375	0.943681640625	0.9457421875	0.95291015625	0.953837890625	0.95291015625	0.95431640625	0.95439453125	0.953857421875	0.954921875	0.952880859375	0.954443359375	0.95431640625
0.0009765625	0.0016015625	0.00474609375	0.0103515625	0.0201953125	0.091669921875	0.14337890625	0.190966796875	0.202392578125	0.26748046875	0.294208984375	0.418798828125	0.456474609375	0.460888671875	0.771533203125	0.767841796875	0.8328515625	0.842294921875	0.84052734375	0.848623046875	0.846396484375	0.872177734375	0.873662109375	0.875439453125	0.874208984375	0.87810546875	0.87669921875	0.945224609375	0.94490234375	0.945703125	0.9469140625	0.95421875	0.9534765625	0.95455078125	0.953935546875	0.95294921875	0.953505859375	0.9543359375	0.9557421875	0.953662109375	0.95287109375
0.0009765625	0.001474609375	0.004990234375	0.011875	0.041474609375	0.0919140625	0.14626953125	0.1923828125	0.213046875	0.273408203125	0.296630859375	0.419833984375	0.460712890625	0.46138671875	0.772412109375	0.7758984375	0.8336328125	0.8428125	0.84974609375	0.847744140625	0.847900390625	0.8720703125	0.876435546875	0.8742578125	0.872724609375	0.87900390625	0.875166015625	0.945771484375	0.9458203125	0.94669921875	0.946337890625	0.953642578125	0.953125	0.955400390625	0.95501953125	0.95400390625	0.953037109375	0.954189453125	0.9548046875	0.954306640625	0.954072265625
0.0009765625	0.001748046875	0.005771484375	0.015322265625	0.060654296875	0.091181640625	0.14509765625	0.19353515625	0.217314453125	0.27501953125	0.297001953125	0.4181640625	0.460400390625	0.47234375	0.772919921875	0.77779296875	0.83345703125	0.848896484375	0.84802734375	0.84572265625	0.847421875	0.87318359375	0.87458984375	0.875234375	0.874521484375	0.8769921875	0.87490234375	0.945390625	0.94654296875	0.946650390625	0.94876953125	0.953720703125	0.953603515625	0.954921875	0.955068359375	0.95380859375	0.95443359375	0.95353515625	0.954287109375	0.955263671875	0.953447265625
0.0009765625	0.001982421875	0.010078125	0.038291015625	0.059755859375	0.097216796875	0.147158203125	0.197392578125	0.223583984375	0.296259765625	0.30583984375	0.4225390625	0.459228515625	0.47416015625	0.774033203125	0.83263671875	0.8380859375	0.849736328125	0.8480859375	0.847001953125	0.845595703125	0.873203125	0.87474609375	0.874130859375	0.8740234375	0.875478515625	0.876806640625	0.946015625	0.945576171875	0.9474609375	0.94662109375	0.952666015625	0.9529296875	0.9564453125	0.95494140625	0.955361328125	0.954248046875	0.953232421875	0.954404296875	0.952685546875	0.95517578125
0.0009765625	0.002255859375	0.017060546875	0.03568359375	0.06833984375	0.103896484375	0.138818359375	0.199189453125	0.216484375	0.296904296875	0.30984375	0.4573828125	0.472548828125	0.4733984375	0.77359375	0.833828125	0.838681640625	0.849638671875	0.850908203125	0.847490234375	0.846640625	0.87591796875	0.875556640625	0.8759765625	0.87572265625	0.877705078125	0.87763671875	0.945556640625	0.946787109375	0.9475390625	0.94697265625	0.95271484375	0.953486328125	0.954892578125	0.954453125	0.95494140625	0.95408203125	0.955419921875	0.954453125	0.9538671875	0.953896484375
0.0009765625	0.002421875	0.01611328125	0.0403515625	0.070107421875	0.107392578125	0.15125	0.201572265625	0.218095703125	0.308662109375	0.310107421875	0.458681640625	0.47501953125	0.473896484375	0.773515625	0.839697265625	0.840888671875	0.8503125	0.846435546875	0.84873046875	0.84888671875	0.87609375	0.876728515625	0.87392578125	0.8745703125	0.874404296875	0.877001953125	0.94720703125	0.94814453125	0.9463671875	0.9471875	0.95302734375	0.954130859375	0.95423828125	0.954150390625	0.95529296875	0.954443359375	0.95599609375	0.9533984375	0.9547265625	0.954404296875
0.0009765625	0.00486328125	0.01927734375	0.044169921875	0.074638671875	0.11119140625	0.15763671875	0.207998046875	0.227353515625	0.311591796875	0.310283203125	0.473310546875	0.475859375	0.472255859375	0.836787109375	0.84203125	0.837900390625	0.8491796875	0.848212890625	0.847353515625	0.8487109375	0.878232421875	0.8760546875	0.87630859375	0.875595703125	0.87662109375	0.876953125	0.946279296875	0.94740234375	0.94576171875	0.94732421875	0.954111328125	0.95443359375	0.95470703125	0.952705078125	0.954599609375	0.95384765625	0.955576171875	0.955009765625	0.95369140625	0.956640625
0.0009765625	0.0059765625	0.016142578125	0.0454296875	0.074677734375	0.10490234375	0.171376953125	0.218564453125	0.22669921875	0.3090234375	0.31015625	0.4698828125	0.475703125	0.473330078125	0.842548828125	0.84126953125	0.83875	0.84720703125	0.847568359375	0.847470703125	0.84658203125	0.87388671875	0.873876953125	0.875166015625	0.874560546875	0.87677734375	0.8753125	0.946142578125	0.948720703125	0.9460546875	0.94740234375	0.954990234375	0.95400390625	0.953212890625	0.9548046875	0.954716796875	0.955185546875	0.9526171875	0.9531640625	0.953056640625	0.953125
