104.75200000000001	162.736	307.664	419.84	243.2	229.056	217.392	244.33599999999998	228.704	232.096	274.704	277.29600000000005	249.168	294.592	248.43200000000002	262.40000000000003	250.896	246.30399999999997	287.856	283.648	249.04	291.712	262.192	279.84000000000003	201.056	255.488	286.576	234.48000000000002	250.72000000000003	279.024	234.36800000000002	225.18399999999997	251.88799999999998	275.74399999999997	212.464	279.824	263.024	244.8	251.856	245.05599999999998	244.54399999999998
16.368	24.464	120.336	182.256	237.888	318.048	481.568	496.176	500.0	500.0	500.0	500.0	500.0	500.0	500.0	500.0	500.0	500.0	500.0	500.0	500.0	500.0	500.0	500.0	500.0	500.0	500.0	500.0	500.0	500.0	500.0	500.0	500.0	500.0	500.0	500.0	500.0	500.0	500.0	500.0	500.0
15.712000000000002	25.472	100.64000000000001	180.432	233.648	278.25600000000003	467.87199999999996	496.096	496.03200000000004	500.0	500.0	500.0	500.0	500.0	500.0	500.0	496.03200000000004	500.0	500.0	500.0	500.0	500.0	500.0	500.0	500.0	500.0	500.0	500.0	500.0	500.0	500.0	500.0	500.0	500.0	500.0	500.0	500.0	500.0	500.0	500.0	500.0
20.08	24.176000000000002	126.832	177.728	199.936	277.808	465.44	492.288	496.15999999999997	500.0	496.128	500.0	500.0	500.0	500.0	500.0	500.0	500.0	500.0	500.0	500.0	500.0	500.0	500.0	500.0	500.0	500.0	500.0	500.0	500.0	500.0	500.0	500.0	500.0	500.0	500.0	500.0	500.0	500.0	500.0	500.0
16.672	28.528	118.912	187.408	213.888	253.04000000000002	446.288	500.0	500.0	500.0	500.0	500.0	500.0	500.0	500.0	500.0	500.0	500.0	500.0	500.0	500.0	500.0	500.0	500.0	500.0	500.0	500.0	500.0	500.0	500.0	500.0	500.0	500.0	500.0	500.0	500.0	500.0	500.0	500.0	500.0	500.0
15.776	27.12	116.432	209.2	181.936	284.71999999999997	426.01599999999996	485.232	492.176	496.06399999999996	496.144	496.096	500.0	500.0	500.0	500.0	500.0	500.0	500.0	500.0	500.0	500.0	500.0	500.0	500.0	500.0	500.0	500.0	500.0	500.0	500.0	500.0	500.0	500.0	500.0	500.0	500.0	500.0	500.0	500.0	500.0
16.176000000000002	24.192	114.464	185.872	249.536	274.41600000000005	370.16	492.79999999999995	496.128	500.0	496.144	500.0	500.0	500.0	500.0	500.0	500.0	500.0	500.0	500.0	500.0	500.0	500.0	500.0	500.0	500.0	500.0	500.0	500.0	500.0	500.0	500.0	500.0	500.0	500.0	500.0	500.0	500.0	500.0	500.0	500.0
19.631999999999998	32.864	125.10399999999998	188.81599999999997	255.03999999999996	270.01599999999996	325.344	464.84799999999996	496.608	496.144	500.0	492.432	496.06399999999996	500.0	500.0	500.0	500.0	500.0	500.0	500.0	500.0	500.0	500.0	500.0	500.0	500.0	500.0	500.0	500.0	500.0	500.0	500.0	500.0	500.0	500.0	500.0	500.0	500.0	500.0	500.0	500.0
19.984	30.224	122.68800000000002	185.56799999999998	213.44	265.216	316.54400000000004	445.472	489.52	500.0	500.0	500.0	500.0	500.0	500.0	500.0	500.0	500.0	500.0	500.0	500.0	500.0	500.0	500.0	500.0	500.0	500.0	500.0	500.0	500.0	500.0	500.0	500.0	500.0	500.0	500.0	500.0	500.0	500.0	500.0	500.0
23.232	31.488	112.784	183.936	220.83199999999997	250.368	302.048	367.74399999999997	489.504	496.192	500.0	496.176	500.0	500.0	496.048	500.0	500.0	500.0	500.0	500.0	500.0	500.0	500.0	500.0	500.0	500.0	500.0	500.0	500.0	500.0	500.0	500.0	500.0	500.0	500.0	500.0	500.0	500.0	500.0	500.0	500.0
16.4	28.479999999999997	108.83200000000001	155.856	244.464	256.176	285.712	354.24	465.808	500.0	500.0	500.0	500.0	500.0	500.0	500.0	500.0	500.0	500.0	500.0	500.0	500.0	500.0	500.0	500.0	500.0	500.0	500.0	500.0	500.0	500.0	500.0	500.0	500.0	500.0	500.0	500.0	500.0	500.0	500.0	500.0
16.176	24.128	124.52800000000002	156.27200000000002	193.2	183.488	205.984	256.896	202.38400000000001	200.496	194.91199999999998	205.05599999999998	247.55200000000002	292.32000000000005	422.112	453.00800000000004	489.93600000000004	500.0	500.0	500.0	500.0	500.0	500.0	500.0	500.0	500.0	500.0	500.0	500.0	500.0	500.0	500.0	500.0	500.0	500.0	500.0	500.0	500.0	500.0	500.0	500.0
15.376	25.520000000000003	113.36	146.54399999999998	164.848	199.024	205.376	202.55999999999997	202.784	205.05599999999998	211.90400000000002	240.01600000000002	228.752	267.44	266.11199999999997	362.06399999999996	416.384	470.06399999999996	493.28	500.0	500.0	500.0	500.0	500.0	500.0	500.0	500.0	500.0	500.0	500.0	500.0	500.0	500.0	500.0	500.0	500.0	500.0	500.0	500.0	500.0	500.0
17.28	24.448	114.56	157.04	155.968	191.23199999999997	188.944	179.952	217.136	218.72	189.392	198.67199999999997	225.984	191.37599999999998	206.048	212.06400000000002	228.76800000000003	209.296	243.53600000000003	315.92	407.36	436.288	469.168	479.76	496.8	493.584	500.0	500.0	500.0	500.0	500.0	500.0	500.0	500.0	500.0	500.0	500.0	500.0	500.0	500.0	500.0
17.232	26.816	126.576	137.184	178.768	207.872	212.832	200.28799999999995	190.67200000000003	187.968	193.968	213.984	234.23999999999998	244.608	175.23199999999997	209.28	245.824	209.66400000000004	212.176	229.64800000000002	225.424	235.32799999999997	184.672	207.808	233.952	189.008	220.56	242.08	196.848	220.33599999999998	206.19199999999998	203.10399999999998	230.00000000000003	208.91199999999998	230.368	216.112	187.69599999999997	194.416	208.752	222.95999999999998	180.144
17.392000000000003	31.088	113.888	171.168	158.99200000000002	170.35199999999998	208.192	209.744	229.15200000000002	187.71200000000002	190.096	206.15999999999997	218.95999999999998	188.592	218.86399999999998	228.60800000000003	211.52000000000004	222.288	217.95200000000003	203.69599999999997	197.16799999999998	218.144	196.976	218.16000000000003	241.45599999999996	178.91199999999998	202.864	199.68	185.744	188.88	189.69599999999997	205.744	193.16799999999998	181.776	217.11999999999998	202.112	207.37600000000003	226.032	205.72799999999998	198.12800000000001	235.88799999999998
16.4	23.856	98.768	150.816	184.976	176.54399999999998	201.536	207.82399999999998	198.448	224.592	231.008	203.64799999999997	205.44	187.376	225.952	249.296	180.04800000000003	214.992	214.064	193.456	228.0	189.16799999999998	227.296	202.83200000000002	199.248	220.464	185.80800000000002	209.856	230.848	202.64	219.424	201.952	213.23199999999997	197.872	170.272	183.2	191.632	221.664	215.952	236.12800000000001	176.83200000000002
15.824	28.208	104.22400000000002	149.552	181.64800000000002	153.648	193.984	191.36	205.168	200.91199999999998	200.272	226.496	228.32	209.056	225.552	187.008	233.936	230.768	196.17600000000002	231.248	189.328	195.93600000000004	216.736	195.76000000000002	191.728	237.58400000000003	212.224	240.08	177.76000000000002	236.064	222.016	205.35999999999999	166.81599999999997	202.16000000000003	221.03999999999996	221.904	173.08800000000002	198.496	179.904	203.55200000000002	196.928
15.951999999999998	28.576	114.864	123.024	152.20800000000003	178.576	190.592	195.056	205.35999999999999	197.23199999999997	199.344	208.752	205.088	232.48000000000002	204.65599999999998	239.12	224.368	218.368	210.416	202.608	212.65599999999998	213.296	188.88	233.18399999999997	198.24	226.25599999999997	184.336	205.392	194.928	198.624	211.32799999999997	183.96799999999996	190.57600000000002	215.23200000000003	218.208	187.50400000000002	197.84	179.92000000000002	208.56	183.136	186.336
16.208	25.056	106.768	147.79200000000003	185.936	162.992	194.38400000000001	174.8	218.49600000000004	232.688	212.73600000000002	201.92	195.47199999999998	222.38400000000001	213.67999999999998	241.104	227.904	234.75199999999998	190.096	241.904	271.424	202.72000000000003	211.80800000000002	218.864	216.01599999999996	240.35199999999998	212.49599999999998	198.54399999999998	230.14399999999998	228.62400000000002	212.89600000000002	201.84	215.392	205.184	197.92000000000002	189.56799999999998	241.88799999999998	193.696	214.46399999999997	203.728	183.68
16.256	26.32	104.49600000000001	152.976	129.776	187.712	204.72	223.82399999999998	200.0	214.01600000000002	192.33599999999998	219.616	249.48800000000003	249.408	234.54399999999998	209.93600000000004	220.464	210.59199999999998	195.52	215.48799999999997	241.10399999999998	196.624	201.872	195.296	214.81599999999997	192.28799999999998	233.64799999999997	252.784	180.112	204.72	212.35199999999998	215.712	236.032	219.376	218.64	214.59199999999998	187.74399999999997	197.472	207.88799999999998	203.616	204.192
17.152	24.176000000000002	84.208	99.00800000000001	88.944	83.50399999999999	80.88000000000001	78.22399999999999	75.296	73.728	71.76	71.44	71.216	70.08	69.80799999999999	68.864	68.128	68.44800000000001	67.44000000000001	66.44800000000001	66.896	66.688	67.04	66.19200000000001	66.976	66.592	66.864	64.784	64.928	66.512	64.496	64.27199999999999	63.312	64.86399999999999	64.832	62.992	63.16799999999999	64.304	64.62400000000001	64.24	63.76
16.576	28.192	88.864	96.928	89.76	85.60000000000001	81.50400000000002	77.424	75.168	74.0	73.936	72.52799999999999	69.10400000000001	69.37599999999999	68.016	68.112	68.592	67.488	67.952	68.91199999999999	67.536	66.12799999999999	67.44	66.24	65.92	66.176	65.376	65.50399999999999	65.088	64.22399999999999	64.62400000000001	65.2	63.952	65.216	65.152	64.4	64.22399999999999	63.599999999999994	64.848	64.32000000000001	64.336
13.952000000000002	24.432	101.904	101.024	88.128	83.12	80.67200000000001	78.24	76.24	73.104	72.8	71.088	69.456	69.552	68.896	68.60799999999999	68.976	68.96000000000001	68.0	66.92800000000001	67.456	66.0	66.048	65.968	65.056	65.71199999999999	66.11200000000001	65.76	65.80799999999999	65.232	65.392	64.03200000000001	64.544	66.73599999999999	64.47999999999999	65.744	64.512	63.74400000000001	65.00800000000001	63.15200000000001	64.208
15.84	26.72	94.272	101.50399999999999	86.59199999999998	86.704	80.57600000000001	79.536	75.744	74.864	72.62400000000001	70.912	69.68	69.424	68.70400000000001	68.592	67.56800000000001	68.52799999999999	67.904	66.848	66.672	67.32799999999999	65.712	66.048	65.808	67.50399999999999	64.01599999999999	64.832	65.216	65.296	65.984	65.16799999999999	65.024	64.944	65.024	65.50399999999999	65.248	64.32	64.432	63.792	64.304
15.776	28.08	100.99199999999999	98.704	92.912	84.88	82.304	78.672	75.50399999999999	73.072	73.584	70.592	70.19200000000001	69.536	70.224	67.808	67.872	68.43200000000002	67.696	67.824	66.256	65.872	65.744	66.096	67.008	64.912	65.328	65.584	64.064	66.208	66.032	65.21600000000001	66.016	64.64	63.872	63.664	64.096	63.69599999999999	64.368	63.36	64.432
16.608	25.392000000000003	95.488	91.296	91.13600000000001	86.46399999999998	81.584	77.904	74.368	74.464	71.37599999999999	72.688	70.28800000000001	69.55199999999999	69.76	69.68	67.168	67.42399999999999	67.984	67.104	66.416	66.88	64.224	66.176	65.952	65.68	65.19999999999999	64.89599999999999	65.11999999999999	65.056	64.44800000000001	64.91199999999999	65.136	63.11999999999999	63.52	63.552	63.68000000000001	63.248000000000005	65.104	64.256	64.096
16.64	26.032	86.36800000000001	108.464	90.03200000000001	86.096	81.29599999999999	78.992	76.464	73.056	73.216	72.06400000000001	70.144	70.01599999999999	68.912	68.84800000000001	67.648	67.12	65.84	66.848	65.792	66.944	66.064	66.224	65.93599999999999	66.656	65.12	65.568	65.36	64.336	65.152	65.088	65.76	64.08	63.36	64.672	64.4	62.976	63.343999999999994	64.384	63.023999999999994
16.016	28.048	93.328	89.696	87.136	86.064	82.75200000000001	79.36000000000001	75.84	73.98400000000001	72.128	71.08800000000001	69.264	70.32	69.952	67.392	69.488	67.456	67.408	67.728	66.48	67.248	66.144	65.88799999999999	66.048	64.736	65.056	64.896	65.104	64.608	63.36	63.824000000000005	63.00800000000001	65.296	65.104	64.96	63.87199999999999	64.128	63.056	63.42399999999999	63.279999999999994
16.672	27.76	86.0	93.96799999999999	90.752	82.72	80.992	79.936	75.13600000000001	75.088	72.8	71.776	69.616	68.752	69.232	69.344	66.992	68.896	66.39999999999999	67.664	66.72	65.792	65.472	65.84	65.04	65.376	64.832	64.16	64.144	64.36800000000001	65.24799999999999	64.28800000000001	64.51200000000001	63.952	63.824	64.592	63.056	63.072	63.408	64.288	63.952000000000005
16.448	23.488	82.256	98.304	88.17599999999999	84.89599999999999	82.656	77.29599999999999	74.208	73.03999999999999	72.128	71.472	70.304	70.176	68.768	68.304	68.816	68.14399999999999	67.584	64.49600000000001	67.392	65.55199999999999	67.904	65.904	65.456	66.208	65.024	66.592	63.872	65.98400000000001	65.152	64.08	63.904	64.512	63.92	63.42400000000001	62.112	65.93599999999999	64.52799999999999	62.752	62.8
16.4	29.183999999999997	94.63999999999999	100.79999999999998	89.26399999999998	88.22399999999999	82.592	77.61599999999999	76.928	72.8	73.248	71.184	70.56	69.55199999999999	69.07199999999999	69.712	68.592	66.49600000000001	66.352	67.44	66.4	66.68799999999999	66.32000000000001	64.32	66.832	65.232	64.91199999999999	64.944	65.77600000000001	64.75200000000001	64.96000000000001	65.344	65.21600000000001	65.04	63.087999999999994	64.24	64.16000000000001	63.264	64.528	63.76	64.288
16.496000000000002	23.088	93.60000000000001	96.01599999999999	91.312	84.22399999999999	80.944	76.224	77.104	74.032	73.53599999999999	72.336	69.72800000000001	69.136	69.136	67.68	68.688	67.264	67.792	67.84	66.16	65.712	66.448	65.21600000000001	64.64	66.944	65.648	64.288	64.288	64.8	63.919999999999995	64.032	63.68000000000001	62.288	64.16	65.584	63.007999999999996	63.95199999999999	63.888000000000005	63.504000000000005	64.30399999999999
16.64	26.128	93.87199999999999	92.67199999999998	91.55199999999999	85.168	81.888	77.05600000000001	75.008	73.168	72.816	71.088	71.232	71.056	68.72	67.952	67.952	67.024	67.232	66.288	66.09599999999999	66.928	65.2	65.456	65.024	65.088	65.424	64.784	62.64	64.992	64.512	65.104	64.0	63.48800000000001	63.775999999999996	64.816	64.352	63.92	63.984	62.096	62.78399999999999
14.879999999999999	29.456	98.91199999999999	97.344	88.624	84.64000000000001	82.0	76.992	77.12	72.864	71.504	70.704	71.152	69.568	68.67200000000001	69.056	67.67999999999999	67.24799999999999	66.32000000000001	67.52000000000001	67.00800000000001	66.16	64.8	65.91999999999999	66.512	64.608	65.21600000000001	64.944	64.63999999999999	65.44	64.19200000000001	63.424	63.264	64.032	64.608	63.568	62.512	64.176	62.688	65.088	62.831999999999994
17.072	27.52	95.28	91.19999999999999	89.76	84.47999999999999	81.10400000000001	77.072	76.592	72.192	73.856	71.088	70.88	71.184	68.60799999999999	68.416	67.408	67.664	66.016	66.736	66.928	66.36800000000001	65.584	64.816	65.312	65.6	64.91199999999999	64.352	64.94399999999999	64.944	64.0	66.384	64.32000000000001	63.391999999999996	65.21600000000001	65.008	64.288	64.256	62.992	63.072	62.495999999999995
15.712	24.48	95.16799999999999	94.94399999999999	88.368	83.568	80.688	78.81599999999999	75.392	72.62400000000001	71.28	71.328	70.176	69.984	68.75200000000001	69.31200000000001	68.032	68.048	67.75999999999999	67.056	65.456	66.224	67.072	66.96000000000001	65.75999999999999	66.464	66.32000000000001	65.952	65.344	64.688	64.912	63.68	63.775999999999996	63.264	64.48	63.872	64.256	64.368	64.016	63.29600000000001	63.248000000000005
16.224	25.552	108.352	96.352	94.176	83.632	79.728	77.952	76.064	74.128	73.216	71.008	70.064	69.472	68.39999999999999	68.672	68.70400000000001	68.144	67.67999999999999	66.976	65.82400000000001	66.128	66.864	66.288	65.792	64.832	66.24	65.472	65.00800000000001	63.55200000000001	64.048	65.072	65.136	64.688	65.12	64.096	64.016	66.368	64.48	62.704	62.672000000000004
14.847999999999999	31.616	93.824	98.97600000000001	90.94400000000002	86.30399999999999	81.584	77.136	75.936	72.896	73.376	72.32	70.016	69.328	69.024	68.448	67.632	67.632	65.744	66.272	66.624	65.472	66.08000000000001	66.016	65.264	66.272	63.872	65.152	64.784	65.05600000000001	64.064	65.12	64.24000000000001	64.144	63.44	63.824	63.328	63.472	63.584	63.80800000000001	65.168
17.28	25.007999999999996	80.064	89.248	92.368	87.072	81.12	77.52	76.48	72.288	73.536	71.664	69.792	69.37599999999999	69.32799999999999	66.976	66.4	68.592	68.03200000000001	65.952	66.912	66.384	64.944	65.856	64.73599999999999	64.688	65.47200000000001	65.13600000000001	64.88	65.584	64.0	63.792	64.288	65.24799999999999	64.032	65.328	65.024	64.352	63.44	62.70399999999999	64.064
16.032	25.055999999999997	82.38400000000001	93.16799999999999	88.20800000000001	81.536	80.70400000000001	75.696	74.416	71.63199999999999	71.42399999999999	70.272	66.736	68.00000000000001	67.424	66.896	66.44800000000001	65.584	65.24799999999999	64.512	63.31199999999999	64.928	64.01599999999999	64.864	65.2	63.647999999999996	64.06400000000001	63.632000000000005	63.888000000000005	62.96	62.687999999999995	63.839999999999996	63.68	64.0	63.232	62.06400000000001	61.68	61.44	61.584	61.55200000000001	62.704
