19.935999999999996	289.104	380.032	214.68799999999996	220.576	219.66400000000002	222.784	236.62399999999997	234.08	252.84800000000004	231.504	211.504	254.064	211.216	239.20000000000002	231.744	235.90400000000002	238.32	252.70399999999998	224.41600000000003	215.48799999999997	199.536	203.952	186.00000000000003	215.07199999999995	213.312	207.248	182.448	200.608	202.59199999999998	192.78400000000002	196.704	193.34400000000002	213.536	178.88	164.52799999999996	154.38400000000001	168.30399999999997	186.39999999999998	171.92000000000002	157.632
17.087999999999997	128.0	225.21599999999998	492.20799999999997	500.0	496.06399999999996	500.0	500.0	500.0	500.0	500.0	500.0	500.0	500.0	496.448	500.0	496.448	500.0	500.0	496.496	500.0	492.86400000000003	492.81600000000003	486.048	492.88	492.96000000000004	478.96000000000004	471.792	482.432	482.544	475.408	475.37600000000003	475.48800000000006	446.912	475.24800000000005	454.208	443.376	464.81600000000003	457.6	447.12	464.88
15.919999999999998	112.17599999999999	213.376	484.304	496.048	500.0	500.0	500.0	500.0	500.0	496.432	500.0	500.0	500.0	500.0	496.464	500.0	500.0	496.512	496.384	496.432	489.312	489.344	482.352	485.76	489.408	471.68	482.54400000000004	479.024	471.696	478.848	482.192	467.968	482.2080000000001	443.72799999999995	447.34400000000005	454.17600000000004	464.832	433.11999999999995	436.528	439.72799999999995
16.112000000000002	120.368	206.368	496.15999999999997	500.0	500.0	496.08	500.0	500.0	500.0	500.0	500.0	500.0	500.0	500.0	496.56	492.88	493.024	496.448	500.0	500.0	489.52	489.44	478.8	492.976	478.83200000000005	482.288	475.34400000000005	489.29600000000005	489.43999999999994	482.176	471.568	471.968	478.94399999999996	482.48	471.872	471.904	454.336	447.05600000000004	468.672	436.432
15.856000000000002	119.72800000000001	224.192	500.0	500.0	496.06399999999996	500.0	500.0	500.0	500.0	500.0	500.0	500.0	500.0	500.0	500.0	492.944	489.48799999999994	492.976	500.0	492.99199999999996	493.024	482.24	500.0	482.46400000000006	489.37600000000003	492.848	464.96000000000004	482.432	475.39200000000005	464.70399999999995	482.416	482.46400000000006	482.128	461.52	482.4	450.68799999999993	461.29600000000005	429.616	461.136	447.584
16.72	136.096	228.448	477.74399999999997	492.20799999999997	500.0	496.128	500.0	500.0	500.0	500.0	500.0	496.496	500.0	500.0	492.944	496.432	496.592	493.024	489.488	493.024	496.512	496.48	482.27200000000005	489.744	478.84799999999996	482.464	485.888	485.84000000000003	478.736	475.20000000000005	475.44000000000005	454.256	468.384	475.29600000000005	450.9440000000001	450.528	458.352	461.216	460.9440000000001	451.456
16.656	128.72	218.576	462.656	500.0	500.0	500.0	500.0	500.0	500.0	496.576	500.0	500.0	500.0	500.0	500.0	500.0	496.512	489.408	492.928	496.56	496.448	496.432	489.504	485.808	489.408	475.36000000000007	475.15200000000004	482.32	492.928	471.968	464.56	468.096	464.512	454.432	461.504	471.952	468.288	447.05600000000004	443.10400000000004	447.32800000000003
16.992	140.368	215.13600000000002	302.992	496.144	496.08	500.0	500.0	500.0	500.0	500.0	500.0	496.48	500.0	492.96000000000004	500.0	492.928	500.0	496.48	489.40799999999996	496.432	492.96000000000004	496.432	485.824	492.91200000000003	485.93600000000004	475.36	493.024	482.416	475.39200000000005	475.36	478.704	478.656	475.2320000000001	450.432	465.00800000000004	443.648	461.488	461.088	447.48799999999994	471.96799999999996
20.432	147.504	230.75199999999998	284.448	496.096	500.0	500.0	500.0	500.0	500.0	500.0	500.0	500.0	500.0	500.0	500.0	500.0	496.448	496.432	492.848	496.544	500.0	489.312	489.536	489.36	492.944	485.952	489.29600000000005	475.376	471.616	471.856	475.168	464.672	478.88000000000005	479.024	475.408	468.4000000000001	450.88	433.39200000000005	464.416	443.904
15.696000000000002	121.552	213.23200000000003	267.21599999999995	496.128	500.0	500.0	496.01599999999996	500.0	500.0	500.0	500.0	496.528	500.0	500.0	500.0	496.64	500.0	500.0	496.496	496.56	492.91200000000003	492.96000000000004	485.952	489.424	496.496	482.24	485.776	471.808	465.328	475.216	492.912	467.96799999999996	457.63200000000006	468.3839999999999	468.656	471.9200000000001	443.936	461.344	436.0640000000001	443.488
15.871999999999998	138.08	219.32799999999997	232.12800000000001	490.336	500.0	500.0	500.0	500.0	500.0	500.0	500.0	500.0	500.0	492.976	500.0	500.0	496.464	489.424	492.94399999999996	496.464	492.88	492.912	489.47200000000004	500.0	489.312	482.432	478.8	482.592	478.704	492.928	475.344	493.08799999999997	482.272	457.472	457.48800000000006	468.624	461.48799999999994	457.93600000000004	436.368	450.944
16.288	115.34400000000001	207.824	240.688	350.096	500.0	500.0	500.0	500.0	500.0	500.0	500.0	500.0	500.0	500.0	500.0	500.0	500.0	500.0	500.0	500.0	500.0	500.0	500.0	500.0	500.0	500.0	500.0	500.0	500.0	500.0	492.99199999999996	496.528	496.496	496.384	489.34400000000005	489.408	492.976	489.36	500.0	492.88
16.592000000000002	138.832	209.712	224.624	249.2	496.624	500.0	500.0	500.0	500.0	500.0	500.0	500.0	500.0	500.0	500.0	500.0	500.0	500.0	500.0	500.0	500.0	500.0	500.0	500.0	500.0	500.0	500.0	496.72	500.0	496.56	500.0	500.0	496.432	500.0	496.544	489.328	478.97599999999994	492.944	478.672	489.568
19.632	120.32000000000002	199.61599999999999	188.768	251.02400000000003	425.152	500.0	500.0	500.0	500.0	500.0	500.0	500.0	500.0	500.0	500.0	500.0	500.0	500.0	500.0	500.0	500.0	500.0	500.0	500.0	500.0	500.0	500.0	500.0	500.0	500.0	500.0	496.576	496.56	500.0	493.00800000000004	500.0	492.96000000000004	500.0	489.36	492.81600000000003
15.552	112.24000000000001	209.45600000000002	208.94400000000002	261.168	229.456	265.392	330.944	484.656	500.0	500.0	500.0	500.0	500.0	500.0	500.0	500.0	500.0	500.0	500.0	500.0	500.0	500.0	500.0	500.0	500.0	500.0	496.448	500.0	500.0	500.0	500.0	496.4	500.0	500.0	500.0	496.464	500.0	496.416	496.464	496.528
16.400000000000002	116.14399999999999	200.64	233.024	263.712	225.2	243.216	281.56800000000004	307.168	399.39199999999994	474.048	496.528	500.0	500.0	500.0	500.0	500.0	500.0	500.0	500.0	500.0	500.0	500.0	500.0	500.0	500.0	500.0	500.0	500.0	500.0	500.0	500.0	500.0	500.0	500.0	500.0	496.448	500.0	500.0	489.296	489.39199999999994
15.456	121.744	207.13600000000002	216.704	245.168	243.808	258.496	254.73600000000002	244.368	256.656	237.68	236.08	236.144	244.704	235.18400000000003	233.12	232.848	212.43200000000002	238.88000000000002	229.488	238.81600000000003	224.768	261.408	242.928	303.456	313.104	301.952	318.816	324.86400000000003	300.40000000000003	355.248	343.91999999999996	381.808	374.67199999999997	403.12	419.69599999999997	439.02400000000006	401.98400000000004	398.688	412.25600000000003	442.20799999999997
15.936	110.16	171.296	219.168	234.368	240.448	255.168	224.92799999999997	244.128	230.864	234.48	243.80800000000002	214.43200000000002	220.38400000000001	203.296	206.224	226.72000000000003	199.568	213.12	209.088	165.632	195.824	211.616	204.992	193.76	171.05599999999998	211.408	161.48800000000003	167.696	168.192	166.624	135.872	180.352	190.07999999999998	149.584	163.10399999999998	158.70399999999998	169.232	168.816	160.89600000000002	169.632
15.856	114.912	184.144	209.82399999999998	225.34400000000002	217.632	234.528	189.02400000000003	229.18400000000003	239.408	218.64	250.432	203.488	232.176	193.968	248.54399999999998	193.072	219.952	179.36	201.92000000000002	199.888	161.856	153.952	160.72	164.27200000000002	195.61599999999999	154.224	147.36	182.304	182.176	143.472	164.112	136.912	160.176	142.528	167.808	160.992	131.84	166.784	169.96800000000002	152.94400000000002
19.424	115.696	176.112	240.20799999999997	243.42399999999998	239.60000000000002	243.632	260.06399999999996	255.776	228.94400000000002	230.736	230.784	207.024	176.624	230.624	195.248	202.36800000000002	161.696	215.776	188.51199999999997	156.56	187.536	194.32000000000002	176.224	170.112	157.856	166.8	175.92000000000002	162.704	166.06400000000002	139.2	134.672	155.29600000000002	143.024	120.51199999999999	166.416	142.496	146.912	138.096	136.864	130.672
16.112000000000002	117.984	212.368	210.28799999999998	225.104	256.89599999999996	241.00799999999998	269.93600000000004	258.57599999999996	214.496	231.776	220.72000000000003	196.176	188.768	181.05599999999998	227.47199999999998	184.96	211.51999999999995	205.296	186.976	171.056	189.088	167.48800000000003	170.59199999999998	180.72	173.632	172.656	145.168	145.472	131.12	154.864	142.24	123.312	141.456	168.816	140.32	124.032	141.44	130.992	112.688	161.072
17.439999999999998	97.824	91.44	89.92	82.256	77.904	77.52000000000001	74.064	76.24	74.72	73.36	71.84	73.232	72.65599999999999	70.368	70.06400000000001	70.672	70.19200000000001	70.672	70.14399999999999	69.616	67.968	70.032	69.376	68.51200000000001	66.41600000000001	69.184	70.0	67.80799999999999	68.976	67.80799999999999	68.336	68.656	68.27199999999999	67.696	66.784	66.928	67.664	67.84	66.032	66.752
16.288	98.03200000000001	97.488	84.43199999999999	82.03200000000001	78.65599999999999	77.296	74.624	75.52000000000001	74.256	72.864	72.128	72.016	71.84	70.57600000000001	70.416	69.968	70.304	69.84	69.232	70.19200000000001	70.112	69.136	68.8	68.39999999999999	68.592	67.664	68.97600000000001	68.64	68.384	67.184	67.504	67.024	67.872	67.67999999999999	67.76	68.384	67.536	66.16000000000001	66.592	67.744
15.471999999999998	94.576	89.904	88.11200000000001	81.80799999999999	79.344	75.80799999999999	76.176	73.92	72.912	72.60799999999999	71.648	73.008	70.928	70.65599999999999	70.432	69.248	72.144	69.824	69.936	69.488	68.576	69.29599999999999	69.104	67.10399999999998	68.496	67.98400000000001	69.61599999999999	68.01599999999999	67.52	66.928	67.36	67.984	67.248	68.816	67.536	66.688	67.67999999999999	66.224	66.528	67.952
15.968	90.512	97.312	85.93599999999999	81.856	78.736	75.136	74.592	74.064	72.88	72.384	72.384	71.904	71.472	69.712	70.24	70.27199999999999	69.488	69.21600000000001	69.456	69.63199999999999	68.256	68.08	68.992	68.464	68.464	69.2	66.14399999999999	68.57600000000001	67.44	68.448	67.03999999999999	66.384	66.928	67.536	67.344	67.664	67.952	67.264	66.71999999999998	66.0
16.016000000000002	91.888	99.488	87.232	80.0	78.688	75.376	75.168	74.048	72.992	73.24799999999999	70.752	71.12	70.704	70.24	71.248	69.056	68.96000000000001	69.07199999999999	70.096	70.176	69.184	67.744	68.44800000000001	69.456	66.8	68.672	68.768	67.52	67.792	67.056	67.104	67.536	66.832	66.384	67.536	67.648	67.824	67.248	66.912	67.12
16.528000000000002	90.608	92.84799999999998	88.80000000000001	82.57600000000001	77.40799999999999	76.16	74.368	74.256	72.32	72.608	70.80000000000001	70.75200000000001	70.656	69.44	70.416	69.84	69.44000000000001	70.32	68.608	69.024	69.728	68.416	67.648	67.29599999999999	67.648	68.96000000000001	66.91199999999999	68.39999999999999	66.144	67.47200000000001	67.55199999999999	66.352	66.752	67.424	66.784	67.11999999999999	67.072	67.248	68.288	66.144
15.6	93.424	94.49600000000001	87.936	79.99999999999999	78.16	76.288	73.904	74.064	72.592	72.84800000000001	70.944	69.616	69.93599999999999	68.832	68.976	68.592	69.648	68.752	67.824	68.39999999999999	69.40800000000002	67.152	67.76	67.056	67.12	68.11200000000001	68.352	67.52	67.696	67.072	66.272	66.656	65.60000000000001	65.696	65.152	66.24000000000001	66.272	66.17599999999999	65.712	65.83999999999999
17.344	101.03999999999999	97.55199999999999	86.656	82.128	77.728	76.16	73.296	73.472	72.528	71.52	70.672	71.85600000000001	70.368	70.4	68.976	69.008	68.416	68.41600000000001	68.224	68.0	67.728	67.904	66.976	66.864	67.28	67.77600000000001	67.168	66.992	66.8	67.744	66.48	67.184	67.24799999999999	66.096	66.68799999999999	65.888	66.192	65.472	67.536	66.048
15.216000000000001	89.856	96.32	89.408	81.21599999999998	77.744	74.672	73.728	73.12	73.008	71.36	71.36	69.456	69.296	69.99999999999999	69.28	70.192	68.4	67.824	68.16	68.75200000000001	68.976	66.24000000000001	67.856	67.69600000000001	68.864	68.976	67.648	67.232	67.552	67.136	67.08800000000001	67.34400000000001	66.672	67.12	66.336	66.896	66.352	66.512	66.464	66.70400000000001
16.064	91.91999999999999	99.072	85.72800000000001	83.216	78.016	75.52	74.816	72.288	72.14399999999999	71.824	71.58399999999999	70.336	70.36800000000001	68.78399999999999	68.736	69.296	68.56	69.456	67.93599999999999	67.52000000000001	67.744	68.272	68.11200000000001	67.104	68.46400000000001	68.272	67.72800000000001	67.232	67.536	66.88	66.992	66.736	67.136	67.11999999999999	65.536	65.392	65.648	66.49600000000001	66.128	65.152
16.240000000000002	94.36800000000001	97.19999999999999	88.544	82.72	78.56	75.28	73.456	71.408	73.344	69.264	69.92	70.912	69.056	69.456	69.824	69.264	69.66400000000002	67.52	68.048	67.58399999999999	68.65599999999999	67.536	67.648	67.152	67.712	67.888	66.816	66.448	66.48	68.08	66.09599999999999	67.28	66.39999999999999	66.4	66.976	65.808	66.608	66.65599999999999	64.94399999999999	66.14399999999999
16.24	92.28800000000001	97.47200000000001	88.94399999999999	79.68	77.248	74.4	74.608	72.016	71.568	72.144	70.976	69.75999999999999	69.616	69.76	68.112	68.464	68.656	67.856	69.392	67.568	68.36800000000001	68.096	67.60000000000001	68.192	67.904	67.67999999999999	66.272	66.86399999999999	66.752	66.992	65.344	66.752	65.792	66.96000000000001	66.8	64.73599999999999	66.352	66.32	66.704	66.496
17.136	104.20799999999998	95.03999999999999	85.77600000000001	80.96	77.744	76.432	72.576	72.288	71.616	71.776	70.576	69.648	69.152	68.976	68.912	67.776	68.48	68.032	68.0	67.744	67.936	66.848	68.72	67.696	66.94399999999999	67.056	66.88	66.86399999999999	66.256	66.99199999999999	66.97600000000001	67.952	66.816	65.36	67.68	65.536	65.77600000000001	66.784	64.528	66.048
15.84	91.952	93.55199999999999	87.50399999999999	80.464	77.872	75.52000000000001	74.112	72.512	71.952	71.344	69.48800000000001	70.864	70.528	69.312	68.208	68.816	67.808	68.544	68.384	68.512	67.952	68.20800000000001	67.36	66.864	67.47200000000001	67.104	65.904	67.056	65.568	66.99199999999999	66.928	66.08	66.864	65.984	66.976	66.19200000000001	65.088	66.01599999999999	65.296	65.136
15.04	93.088	97.45599999999999	85.72799999999998	80.67200000000001	77.95200000000001	75.232	73.85600000000001	72.704	71.13600000000001	71.76	71.072	71.136	68.688	68.352	68.752	68.032	68.544	67.08800000000001	66.608	66.91199999999999	68.608	67.536	67.776	66.256	66.4	66.99199999999999	66.304	67.024	66.59200000000001	66.848	66.592	66.64	65.84	66.512	67.328	66.736	66.784	66.01599999999999	65.82400000000001	66.208
15.184000000000001	102.49600000000001	90.75200000000001	88.256	80.832	78.256	75.872	74.04799999999999	73.36	72.608	69.95199999999998	69.424	69.72800000000001	69.888	68.944	68.75200000000001	68.816	68.0	68.384	67.83999999999999	67.472	67.92	66.65599999999999	67.488	67.792	67.664	67.776	66.78399999999999	67.072	68.32	66.288	66.336	67.072	66.896	66.91199999999999	66.512	66.944	66.176	65.28	66.24	66.496
16.336	89.56800000000001	96.32	89.29599999999999	82.352	77.936	75.856	74.96000000000001	71.968	72.24	69.728	70.448	69.42399999999999	70.41600000000001	69.632	68.768	68.592	69.63199999999999	68.112	68.55999999999999	67.008	67.28	67.904	66.928	66.4	68.128	66.784	67.152	66.224	66.944	66.72	66.99199999999999	66.496	67.888	67.10400000000001	67.28	65.488	65.44	66.128	65.888	66.592
16.96	93.44	98.73599999999999	88.048	80.432	78.88	76.0	74.144	72.96	71.008	71.664	70.944	69.312	69.488	69.184	69.58399999999999	68.512	68.64000000000001	67.744	68.304	69.12	66.88	67.552	66.864	68.0	67.2	67.792	67.32799999999999	67.36	66.432	67.92	68.33600000000001	66.88	68.192	65.93599999999999	68.08000000000001	65.98400000000001	65.952	67.776	67.312	66.70400000000001
16.4	92.512	95.888	87.104	81.44	76.48	75.52000000000001	75.008	73.15200000000002	71.536	70.992	70.75200000000001	70.096	70.432	69.90400000000001	69.00800000000001	70.19200000000001	67.888	66.976	68.52799999999999	67.232	67.488	68.368	66.512	66.848	67.16799999999999	65.80799999999999	66.64	67.248	67.04	66.47999999999999	65.536	65.632	66.81599999999999	65.6	67.16799999999999	66.096	65.056	66.60799999999999	65.67999999999999	66.112
16.672	94.48	97.232	85.03999999999999	80.03199999999998	78.0	75.584	74.16000000000001	72.928	70.68799999999999	71.424	69.968	71.16799999999999	70.912	68.14399999999999	69.36	68.544	67.76	67.952	66.096	66.32	67.312	67.392	67.952	66.944	66.49600000000001	66.848	66.256	65.98400000000001	65.31200000000001	66.01599999999999	65.904	65.616	65.64800000000001	65.64800000000001	65.568	64.048	65.28	64.60799999999999	66.368	64.14399999999999
