0.976	1.0	1.0	1.0	1.0	1.0	1.0	1.0	1.0	1.0	1.0	1.0	1.0	1.0	1.0	1.0	1.0	1.0	1.0	1.0	1.0	0.990107421875	0.98994140625	0.9739843749999999	0.97462109375	0.9483710937500001	0.9435390625	0.736130859375	0.7324609375000001	0.6798828124999999	0.6801640625	0.6684609375	0.669330078125	0.6307812500000001	0.569375	0.5638828125	0.5639492187499999	0.562626953125	0.563263671875	0.562689453125	0.5645
0.992	1.0	1.0	1.0	1.0	1.0	1.0	1.0	1.0	1.0	1.0	1.0	1.0	1.0	1.0	1.0	1.0	1.0	1.0	1.0	0.9959648437499999	0.98965234375	0.9897050781250001	0.97660546875	0.956767578125	0.9449140624999999	0.944396484375	0.7413515625	0.72796875	0.678697265625	0.67104296875	0.6691582031250001	0.632662109375	0.600048828125	0.5676796875	0.563935546875	0.564341796875	0.5620273437500001	0.5617578125	0.5618046875	0.551029296875
0.952	1.0	1.0	1.0	1.0	1.0	1.0	1.0	1.0	1.0	1.0	1.0	1.0	1.0	1.0	1.0	1.0	1.0	1.0	0.99916796875	0.9951640625	0.990373046875	0.986130859375	0.973126953125	0.95487890625	0.945607421875	0.891951171875	0.749603515625	0.707642578125	0.6836796875	0.6647421875	0.6619570312499999	0.6282558593750001	0.584509765625	0.5637578125	0.5614609375	0.563630859375	0.5649101562500001	0.56435546875	0.5577285156249999	0.5520468749999999
0.96	1.0	1.0	1.0	1.0	1.0	1.0	1.0	1.0	1.0	1.0	1.0	1.0	1.0	1.0	1.0	1.0	1.0	1.0	0.9991035156249999	0.9963281249999999	0.991052734375	0.984451171875	0.970513671875	0.955908203125	0.9075683593749999	0.83674609375	0.7503124999999999	0.700201171875	0.67805078125	0.665369140625	0.6394257812499999	0.6070625000000001	0.5727187499999999	0.565703125	0.5642226562499999	0.562669921875	0.56131640625	0.559419921875	0.55630859375	0.55169140625
0.984	1.0	1.0	1.0	1.0	1.0	1.0	1.0	1.0	1.0	1.0	1.0	1.0	1.0	1.0	1.0	1.0	1.0	1.0	0.99905859375	0.9962011718750001	0.9895996093749999	0.9790156250000001	0.9655078125000001	0.9543027343749999	0.9094921874999999	0.8255078124999999	0.74475	0.7113730468749999	0.67749609375	0.6625703125	0.6352285156249999	0.6010722656249999	0.57583203125	0.567408203125	0.563796875	0.5612812500000001	0.562591796875	0.558427734375	0.551654296875	0.551169921875
1.0	1.0	1.0	1.0	1.0	1.0	1.0	1.0	0.992	1.0	1.0	1.0	1.0	1.0	1.0	1.0	1.0	1.0	0.9913632812500001	0.998544921875	0.9960898437499999	0.988876953125	0.977408203125	0.96737890625	0.9291386718750001	0.8947031249999998	0.8107890624999999	0.7384160156249999	0.707888671875	0.67462109375	0.6464296875	0.612494140625	0.5924960937499999	0.5713378906250001	0.567533203125	0.562927734375	0.561650390625	0.5589296875	0.5565898437500001	0.5513203125	0.551373046875
0.984	1.0	1.0	1.0	1.0	1.0	1.0	1.0	1.0	1.0	1.0	1.0	1.0	1.0	1.0	1.0	1.0	1.0	0.999310546875	0.9984179687500001	0.994330078125	0.988009765625	0.976943359375	0.9438417968749999	0.9196933593750001	0.8468496093750001	0.7969921875	0.7330703125	0.6967128906250001	0.6622499999999999	0.636685546875	0.612017578125	0.590123046875	0.57215234375	0.5684667968749999	0.5587226562500001	0.55700390625	0.555755859375	0.5543828125	0.552830078125	0.552078125
0.952	1.0	1.0	1.0	1.0	1.0	1.0	1.0	1.0	1.0	1.0	1.0	1.0	1.0	1.0	1.0	1.0	0.99932421875	0.998828125	0.9953203125000001	0.9910937500000001	0.9869902343749999	0.9576523437500001	0.9412304687499999	0.90333984375	0.83623046875	0.7874218749999999	0.72346484375	0.68116015625	0.6424726562499999	0.61766015625	0.607091796875	0.58246484375	0.56961328125	0.565578125	0.5604882812499999	0.5559453124999999	0.559625	0.5522890625	0.550990234375	0.550857421875
1.0	1.0	1.0	1.0	1.0	1.0	1.0	1.0	1.0	1.0	0.992	1.0	1.0	1.0	1.0	1.0	1.0	0.99929296875	0.9990625	0.995486328125	0.991962890625	0.9856777343750001	0.954046875	0.9311933593749999	0.9094394531250001	0.8353613281249999	0.7787187500000001	0.710560546875	0.6851601562499999	0.651533203125	0.613388671875	0.592939453125	0.578384765625	0.568134765625	0.5654609374999999	0.55901171875	0.554544921875	0.555447265625	0.55489453125	0.5514687500000001	0.5528691406249999
0.976	1.0	1.0	1.0	1.0	1.0	1.0	1.0	1.0	1.0	1.0	1.0	1.0	1.0	1.0	1.0	0.9994296874999999	0.999287109375	0.9979453125	0.994318359375	0.991197265625	0.9691093749999999	0.9526484375	0.9257578125	0.8651054687499999	0.82286328125	0.75844140625	0.70176171875	0.672634765625	0.6315507812500001	0.609501953125	0.5976308593749999	0.577697265625	0.5688125	0.5648222656249999	0.55795703125	0.5575078124999999	0.557611328125	0.5519394531249999	0.5517265625	0.551359375
0.984	1.0	1.0	1.0	1.0	1.0	1.0	1.0	1.0	1.0	1.0	1.0	1.0	1.0	1.0	1.0	0.999470703125	0.99922265625	0.9980625000000001	0.99369140625	0.9915664062499999	0.97184765625	0.943783203125	0.918478515625	0.8590605468750001	0.8189296875000001	0.74779296875	0.700228515625	0.66436328125	0.630765625	0.620470703125	0.593478515625	0.57627734375	0.5674980468749999	0.562705078125	0.562029296875	0.55635546875	0.5515546875	0.550984375	0.549533203125	0.553505859375
0.952	1.0	1.0	1.0	1.0	1.0	1.0	1.0	1.0	1.0	1.0	1.0	1.0	1.0	1.0	0.9993886718749999	0.9994296874999999	0.9985664062499999	0.997115234375	0.9927421875	0.979396484375	0.9602832031249999	0.938244140625	0.9123847656249999	0.8458476562499999	0.782720703125	0.74192578125	0.6874785156250001	0.6463750000000001	0.622162109375	0.6058984374999999	0.588396484375	0.5726953125	0.564935546875	0.564443359375	0.5604648437499999	0.5566054687499999	0.553771484375	0.551755859375	0.551015625	0.54810546875
0.992	1.0	1.0	1.0	1.0	1.0	1.0	1.0	1.0	1.0	1.0	1.0	1.0	1.0	0.99943359375	0.999314453125	0.998751953125	0.9972226562500001	0.9936640625	0.9805468749999999	0.971890625	0.956212890625	0.9259921874999999	0.885828125	0.8196054687500001	0.768587890625	0.73449609375	0.6788007812499999	0.6433710937500001	0.6173769531250001	0.6002109375	0.58632421875	0.571291015625	0.564326171875	0.562623046875	0.5578535156250001	0.5533125	0.553001953125	0.5504921875000001	0.550818359375	0.549298828125
0.984	1.0	1.0	1.0	1.0	1.0	1.0	1.0	1.0	1.0	1.0	1.0	1.0	1.0	0.9992402343749998	0.999447265625	0.9986249999999999	0.9971074218749999	0.9938515625	0.979654296875	0.96922265625	0.9515507812500001	0.9303613281249999	0.8467480468749999	0.8125722656250001	0.7637714843750001	0.727869140625	0.6614472656249999	0.6322890625	0.619478515625	0.602978515625	0.5932558593749999	0.57015234375	0.5648222656249999	0.56179296875	0.5584609375	0.553119140625	0.5506953125	0.551287109375	0.550025390625	0.5503378906249999
0.976	1.0	1.0	1.0	1.0	1.0	1.0	1.0	1.0	1.0	1.0	1.0	1.0	1.0	0.999427734375	0.99905859375	0.99818359375	0.9969355468750001	0.98198828125	0.9768105468749999	0.96616015625	0.92780859375	0.9001406249999999	0.8373125000000001	0.804890625	0.76162890625	0.7275214843750001	0.6510058593749999	0.6331660156250001	0.613580078125	0.60440625	0.57921875	0.5687617187499999	0.56573046875	0.562603515625	0.557908203125	0.553236328125	0.554501953125	0.5499667968749999	0.55336328125	0.5529707031250001
0.984	1.0	1.0	1.0	1.0	1.0	1.0	1.0	1.0	1.0	1.0	1.0	1.0	0.9994492187500001	0.999357421875	0.998779296875	0.99778515625	0.989126953125	0.978552734375	0.9725488281250001	0.9650488281249999	0.904595703125	0.8568339843749999	0.82753515625	0.803998046875	0.760490234375	0.6871679687500001	0.6545585937499999	0.62873828125	0.6070488281249999	0.60116796875	0.5791269531250001	0.5682207031250001	0.562119140625	0.5588222656249999	0.559033203125	0.552603515625	0.551970703125	0.5515078125	0.547765625	0.552791015625
0.992	1.0	1.0	1.0	1.0	1.0	1.0	1.0	1.0	1.0	1.0	1.0	1.0	0.9993398437500002	0.998517578125	0.99809375	0.9891171875000001	0.9877519531250001	0.976265625	0.9692167968750001	0.95129296875	0.8972617187499999	0.8597773437499998	0.82470703125	0.807162109375	0.7347480468750001	0.6920039062500001	0.655453125	0.642625	0.614802734375	0.5951015625	0.5827500000000001	0.57562109375	0.5636679687499999	0.560591796875	0.556611328125	0.555642578125	0.55008984375	0.5527285156249999	0.5527851562499999	0.5525351562499999
0.952	1.0	1.0	1.0	1.0	1.0	1.0	1.0	1.0	1.0	1.0	1.0	0.99911328125	0.999380859375	0.997619140625	0.9979296875000001	0.985873046875	0.9840800781250001	0.97542578125	0.955611328125	0.9001230468750001	0.869548828125	0.853884765625	0.8103125	0.765580078125	0.7151484375	0.684833984375	0.65386328125	0.6341406249999999	0.6018554687500001	0.590646484375	0.5768203125	0.570658203125	0.565203125	0.555416015625	0.557302734375	0.5592031249999999	0.550767578125	0.55221484375	0.55183203125	0.552005859375
0.96	1.0	1.0	1.0	1.0	1.0	1.0	1.0	1.0	1.0	1.0	1.0	0.9987011718750001	0.998798828125	0.997658203125	0.98766015625	0.981896484375	0.9820253906249999	0.9623984374999999	0.908396484375	0.896248046875	0.8635371093750002	0.8366289062500001	0.7871992187499999	0.7545429687499999	0.7114921875	0.68800390625	0.650923828125	0.6318710937500001	0.615787109375	0.59433203125	0.582603515625	0.5733476562500001	0.562791015625	0.558296875	0.557951171875	0.55662890625	0.552884765625	0.5525214843749999	0.5518261718749999	0.552740234375
0.976	1.0	1.0	1.0	1.0	1.0	1.0	1.0	1.0	1.0	1.0	0.9986171875000001	0.99884375	0.9979550781250001	0.997154296875	0.9871523437499999	0.977306640625	0.9552207031250001	0.927302734375	0.9019160156250001	0.896150390625	0.860091796875	0.8067304687500001	0.7913339843749999	0.733064453125	0.705236328125	0.68350390625	0.644890625	0.625517578125	0.610205078125	0.59270703125	0.57821875	0.570470703125	0.56840625	0.5579570312500001	0.557162109375	0.55628125	0.551373046875	0.55	0.548669921875	0.5521328125
0.984	1.0	1.0	1.0	1.0	1.0	1.0	1.0	1.0	1.0	1.0	0.998537109375	0.9979492187500001	0.9968046875000001	0.98518359375	0.981181640625	0.976798828125	0.9253652343750001	0.912490234375	0.8989414062500001	0.8894316406249999	0.8176777343750001	0.801099609375	0.7809980468750001	0.725763671875	0.711474609375	0.683931640625	0.63910546875	0.6310839843749999	0.614078125	0.600458984375	0.5774140624999999	0.57301953125	0.57090234375	0.557353515625	0.5596484375	0.557587890625	0.552162109375	0.552626953125	0.5521484375	0.5522011718750001
0.968	1.0	1.0	1.0	0.97601953125	1.0	1.0	1.0	1.0	1.0	0.997353515625	0.997373046875	0.9959882812499999	0.980732421875	0.975931640625	0.9772109375	0.9247421875	0.902119140625	0.896412109375	0.8633281250000001	0.8351601562500001	0.816529296875	0.7917578125	0.7563417968749999	0.723552734375	0.70338671875	0.6765546875000001	0.6452597656250001	0.62432421875	0.613572265625	0.589484375	0.5778378906249999	0.57174609375	0.56715234375	0.5608515625	0.5558652343749999	0.55671484375	0.54795703125	0.55129296875	0.54954296875	0.549791015625
1.0	1.0	1.0	1.0	1.0	1.0	1.0	1.0	1.0	0.996470703125	0.9973769531250001	0.994912109375	0.99619921875	0.9721132812500002	0.9703027343749999	0.9630058593749999	0.9048515625	0.89787109375	0.8586230468749999	0.8430761718750001	0.8192421875	0.8003828125000001	0.7801289062499999	0.7478066406250001	0.7133632812500001	0.7016933593749999	0.671134765625	0.6343691406249999	0.62421875	0.61330078125	0.593046875	0.58622265625	0.574298828125	0.5645	0.56574609375	0.556265625	0.556861328125	0.555435546875	0.552134765625	0.551310546875	0.5525
0.984	1.0	1.0	1.0	1.0	1.0	0.992	1.0	1.0	0.9957324218750001	0.99545703125	0.994537109375	0.9732285156249999	0.9695507812499999	0.956740234375	0.893064453125	0.8982539062500001	0.89227734375	0.8362226562499999	0.8408925781250001	0.806939453125	0.7973281249999999	0.7585097656249999	0.7314882812499999	0.7102929687499999	0.6927734375000001	0.6591269531249999	0.63898828125	0.6272480468749999	0.607263671875	0.5953984375	0.58223828125	0.574408203125	0.569171875	0.56400390625	0.5575703124999999	0.5561328125	0.5544921875000001	0.5528046875	0.55230859375	0.5515097656250001
0.984	1.0	1.0	1.0	1.0	1.0	1.0	1.0	1.0	0.9962187499999999	0.99258984375	0.9659863281250001	0.960015625	0.9523125	0.8843593750000001	0.8895683593749999	0.8968984375	0.8359765625	0.82987109375	0.811796875	0.797375	0.78452734375	0.750888671875	0.7308828125	0.718703125	0.681501953125	0.6688203125	0.6386757812499999	0.627810546875	0.6086718750000001	0.592580078125	0.58434375	0.579390625	0.569935546875	0.5658046875	0.5575878906249999	0.557328125	0.55596875	0.551955078125	0.5509550781249999	0.55278515625
0.96	1.0	1.0	1.0	0.9846249999999999	1.0	1.0	1.0	0.9779082031249999	0.99207421875	0.9906640624999999	0.952666015625	0.9547402343749999	0.875044921875	0.8803203124999999	0.8789316406249998	0.8317402343749999	0.8292714843750001	0.825107421875	0.7908496093749999	0.7924550781249999	0.757185546875	0.7351171875	0.7271601562500001	0.7018535156250001	0.6903867187499999	0.667109375	0.6395312499999999	0.625919921875	0.609599609375	0.5935878906250001	0.5859824218749999	0.576703125	0.56963671875	0.565013671875	0.5624316406250001	0.5567304687500001	0.556611328125	0.5507929687500001	0.5513085937500001	0.5501777343750001
0.976	1.0	1.0	1.0	0.9920253906250001	0.9920136718749999	1.0	0.9814296875000001	0.9765703124999999	0.9867109375	0.9459335937500001	0.939673828125	0.852220703125	0.8626113281250001	0.8407753906250001	0.8283515625	0.8201738281250001	0.81437890625	0.7990703125	0.7831621093750001	0.7767597656249999	0.7306992187500001	0.73837890625	0.709875	0.70622265625	0.6773867187500001	0.66241015625	0.64176953125	0.621568359375	0.610783203125	0.5985332031249999	0.589291015625	0.5794902343750001	0.5755820312500001	0.566900390625	0.5624765625	0.556908203125	0.5552421875	0.553240234375	0.550361328125	0.552177734375
0.992	1.0	1.0	1.0	1.0	0.992	0.999982421875	0.97903515625	0.9623242187500001	0.8906054687499999	0.91821484375	0.8392109374999999	0.8468359375000001	0.8158632812500001	0.8278125000000001	0.823375	0.8141093749999999	0.8048164062500001	0.775673828125	0.776037109375	0.740796875	0.736703125	0.7202363281249999	0.71198828125	0.70022265625	0.678939453125	0.662365234375	0.638154296875	0.6245175781250001	0.603421875	0.59623828125	0.590228515625	0.5794453125	0.5759160156249999	0.569978515625	0.5634882812500001	0.55909765625	0.55601953125	0.5509140625	0.5527695312500001	0.55111328125
0.968	1.0	1.0	0.9845839843749999	0.9840078125	1.0	1.0	0.9513554687500001	0.9610234375	0.857197265625	0.8881972656250001	0.804423828125	0.8453593749999999	0.810513671875	0.8135605468749999	0.8185234374999999	0.810744140625	0.79904296875	0.763896484375	0.766328125	0.7329374999999999	0.73024609375	0.71616015625	0.7031894531249999	0.706265625	0.6726171875	0.660119140625	0.6364453125	0.62528125	0.6057890625	0.59583984375	0.58386328125	0.5809199218750001	0.575630859375	0.56779296875	0.565330078125	0.559462890625	0.556435546875	0.554634765625	0.54730078125	0.552048828125
0.976	1.0	1.0	0.9840292968750002	0.992029296875	0.9999648437499999	0.9538437500000001	0.920607421875	0.812857421875	0.8139863281249999	0.797771484375	0.813375	0.79811328125	0.8020625	0.8109765625	0.8058359375000002	0.7925878906249999	0.7853945312500001	0.754775390625	0.7271835937499999	0.729220703125	0.711607421875	0.7084160156250001	0.7025742187499999	0.6923593750000001	0.6771210937500001	0.6584804687499999	0.63641796875	0.62678515625	0.60240234375	0.5948828125000001	0.5879531250000001	0.58197265625	0.574857421875	0.5764765625	0.56801953125	0.56284765625	0.554515625	0.555119140625	0.552576171875	0.5535
0.992	1.0	1.0	0.9681015625	0.9920058593749999	0.991962890625	0.917890625	0.7574921875	0.8111035156249999	0.725841796875	0.7494707031250001	0.772390625	0.7910761718750001	0.7992792968750001	0.803765625	0.7943359375000001	0.77996484375	0.7562871093749999	0.7418457031249999	0.7170917968749999	0.7162812500000001	0.7106796874999999	0.70291796875	0.701296875	0.69325390625	0.682818359375	0.661421875	0.6374140625	0.6238203124999999	0.6061230468750001	0.600328125	0.588080078125	0.585658203125	0.5832402343749999	0.57868359375	0.575603515625	0.56648046875	0.55631640625	0.5557421875	0.551693359375	0.552603515625
0.976	1.0	1.0	0.9680371093749999	0.991416015625	0.9015546874999999	0.8650527343749999	0.74408984375	0.69678515625	0.7063945312500001	0.719494140625	0.76355078125	0.781625	0.791796875	0.7902968749999999	0.7726171875000001	0.7689394531250001	0.737072265625	0.712646484375	0.7125585937499999	0.69801171875	0.7055312500000002	0.693302734375	0.697630859375	0.688271484375	0.6743085937500001	0.660921875	0.636712890625	0.624419921875	0.609271484375	0.5948789062500001	0.586794921875	0.586623046875	0.5857148437499999	0.57889453125	0.572689453125	0.565421875	0.565876953125	0.5568808593750001	0.5517832031250001	0.5514882812499999
0.968	1.0	0.9687246093750002	0.960099609375	0.8115078125	0.779177734375	0.664533203125	0.6462890625	0.656521484375	0.7001699218749999	0.7195820312500001	0.762095703125	0.769626953125	0.7826152343749999	0.7716210937500001	0.7548886718750001	0.72393359375	0.72599609375	0.709837890625	0.7039355468749999	0.6975625000000001	0.690880859375	0.693033203125	0.69128125	0.68802734375	0.6767500000000001	0.6609335937499999	0.63297265625	0.6240527343750001	0.605318359375	0.59321484375	0.591873046875	0.58568359375	0.583720703125	0.57966796875	0.57538671875	0.575150390625	0.565412109375	0.557283203125	0.551837890625	0.5490039062500001
0.992	1.0	0.97617578125	0.9360761718750001	0.8261171875	0.628900390625	0.5997734375	0.646568359375	0.66073828125	0.6955410156249999	0.70982421875	0.7565292968749999	0.757453125	0.7691523437500001	0.7692089843750001	0.7570175781249999	0.7243203125	0.6993007812500001	0.7048867187499999	0.7015156250000001	0.699224609375	0.6905097656249999	0.690767578125	0.680455078125	0.686677734375	0.67250390625	0.6544687499999999	0.634048828125	0.61316015625	0.60371484375	0.596447265625	0.59165625	0.5853984375	0.58134765625	0.58228125	0.579560546875	0.576302734375	0.56418359375	0.5568261718749999	0.552814453125	0.552318359375
0.992	1.0	0.921349609375	0.9713066406250002	0.66938671875	0.5716054687500001	0.5923105468750001	0.621646484375	0.654283203125	0.693564453125	0.706552734375	0.7227988281250001	0.7463046875	0.76004296875	0.754228515625	0.7359746093749999	0.7147343749999999	0.68858203125	0.68453125	0.689892578125	0.6915175781249999	0.680091796875	0.6809042968749999	0.6833378906249999	0.6828203125000001	0.675658203125	0.661271484375	0.6328437499999999	0.615314453125	0.6047792968750001	0.59887890625	0.5907109375	0.58698828125	0.580255859375	0.5796484375000001	0.5768828125	0.581009765625	0.573896484375	0.563078125	0.557501953125	0.550111328125
0.984	1.0	0.9041679687499999	0.61219140625	0.527349609375	0.5371640624999999	0.5804296874999999	0.607701171875	0.654193359375	0.6921601562499999	0.7056484375000001	0.7163222656249999	0.742666015625	0.74407421875	0.73966796875	0.731169921875	0.6828984375	0.6744453125000001	0.672291015625	0.6887578125	0.6861894531249999	0.6801796874999999	0.6718242187500001	0.66783984375	0.6741699218749999	0.674048828125	0.6618320312499999	0.6322558593750001	0.616134765625	0.606130859375	0.5939296875000001	0.5878125000000001	0.585466796875	0.58295703125	0.58067578125	0.5811015625	0.581583984375	0.575099609375	0.564349609375	0.5567402343750001	0.552498046875
0.976	0.8730605468749999	0.48709375	0.4147109375	0.469162109375	0.535798828125	0.5663417968750001	0.6156992187499999	0.6466464843749999	0.6683476562499999	0.69812890625	0.7107636718750001	0.6975351562500001	0.730779296875	0.7366484375	0.69605078125	0.668201171875	0.672875	0.6746230468749999	0.6861718750000001	0.6884257812500001	0.6819628906249999	0.67391796875	0.6708007812500001	0.667009765625	0.672544921875	0.6579765625	0.6277558593750001	0.615294921875	0.6109824218750001	0.593171875	0.5924433593749999	0.5840332031250001	0.585740234375	0.5793808593750001	0.58065234375	0.583474609375	0.580427734375	0.570255859375	0.5558828125	0.5515546874999999
0.968	0.7655546875000001	0.33212304687499994	0.39574609375	0.471091796875	0.54055078125	0.5830468750000001	0.614369140625	0.644767578125	0.66221875	0.69396875	0.694404296875	0.6907441406249999	0.72962109375	0.7214882812499999	0.6632441406249999	0.668005859375	0.6650175781250001	0.6742011718750001	0.6770312500000001	0.690236328125	0.6757324218749999	0.665744140625	0.6671132812499999	0.6637187499999999	0.6619101562499998	0.6679531249999999	0.6286562499999999	0.6078749999999999	0.608421875	0.59673046875	0.591701171875	0.587400390625	0.583060546875	0.58078125	0.582380859375	0.581353515625	0.57735546875	0.578822265625	0.56582421875	0.552326171875
1.0	0.53806640625	0.315078125	0.406802734375	0.48253710937500005	0.535400390625	0.572568359375	0.609361328125	0.6469375	0.6604218749999999	0.68858203125	0.689068359375	0.68691015625	0.71885546875	0.711005859375	0.65453125	0.665193359375	0.670595703125	0.6718124999999999	0.669755859375	0.685490234375	0.66907421875	0.6634609375	0.6650351562500001	0.6672597656250001	0.65147265625	0.666806640625	0.623158203125	0.6114433593749999	0.61000390625	0.597068359375	0.59305859375	0.585111328125	0.5873437499999999	0.581953125	0.5834550781250001	0.579197265625	0.578375	0.581171875	0.568681640625	0.55077734375
0.992	0.18838671875000002	0.338583984375	0.413900390625	0.49695117187499993	0.53601953125	0.579234375	0.619388671875	0.6490214843750001	0.6561816406249998	0.6886230468750001	0.672072265625	0.6843496093750001	0.68705078125	0.65007421875	0.653689453125	0.6667128906249999	0.660521484375	0.6691074218749999	0.665892578125	0.688873046875	0.66573828125	0.6642109375	0.659654296875	0.664068359375	0.6585625	0.6556464843750001	0.61275	0.6122441406250001	0.608587890625	0.5959687499999999	0.590787109375	0.588453125	0.585904296875	0.582216796875	0.5781132812499999	0.583615234375	0.5806289062500001	0.5776308593749999	0.5817578125	0.5511171875
1.0	0.201603515625	0.32530664062500003	0.41949023437499994	0.47952734375	0.53950390625	0.5770625	0.6070683593749999	0.6288515625	0.65720703125	0.66158203125	0.67370703125	0.681048828125	0.6893359375000001	0.64313671875	0.6458359375	0.653681640625	0.658912109375	0.665912109375	0.672427734375	0.664154296875	0.6628671875	0.6607167968750001	0.66022265625	0.6616191406249999	0.6561328125000001	0.6604355468750001	0.613173828125	0.6113984375	0.6085468749999999	0.6063984375	0.5919199218750001	0.589837890625	0.585994140625	0.584826171875	0.584328125	0.582205078125	0.583271484375	0.58205859375	0.57914453125	0.5810234375000001
