1.0	1.0	1.0	1.0	1.0	1.0	1.0	1.0	1.0	1.0	1.0	1.0	1.0	1.0	1.0	1.0	1.0	1.0	1.0	1.0	1.0	0.988359375	0.98873046875	0.966318359375	0.971142578125	0.938525390625	0.934208984375	0.71255859375	0.705390625	0.65626953125	0.6530859375	0.640634765625	0.6467578125	0.610966796875	0.554111328125	0.5520703125	0.547783203125	0.543544921875	0.54654296875	0.5454296875	0.547763671875
1.0	1.0	1.0	1.0	1.0	1.0	1.0	1.0	1.0	1.0	1.0	1.0	1.0	1.0	1.0	1.0	1.0	1.0	1.0	1.0	0.9944921875	0.988017578125	0.98705078125	0.971240234375	0.948251953125	0.93009765625	0.932421875	0.716962890625	0.703857421875	0.654287109375	0.644013671875	0.637568359375	0.6100390625	0.57564453125	0.5510546875	0.549267578125	0.546533203125	0.54498046875	0.542685546875	0.54455078125	0.532783203125
0.92	1.0	1.0	1.0	1.0	1.0	1.0	1.0	1.0	1.0	1.0	1.0	1.0	1.0	1.0	1.0	1.0	1.0	1.0	0.999052734375	0.9936328125	0.988671875	0.981865234375	0.965244140625	0.950654296875	0.931005859375	0.865810546875	0.7200390625	0.679716796875	0.656357421875	0.645107421875	0.635498046875	0.598291015625	0.564443359375	0.54875	0.549892578125	0.547197265625	0.545390625	0.551201171875	0.543203125	0.5353125
1.0	1.0	1.0	1.0	1.0	1.0	1.0	1.0	1.0	1.0	1.0	1.0	1.0	1.0	1.0	1.0	1.0	1.0	1.0	0.998779296875	0.99576171875	0.988662109375	0.980263671875	0.963525390625	0.945341796875	0.86044921875	0.8171875	0.719267578125	0.672548828125	0.653994140625	0.6388671875	0.61380859375	0.58314453125	0.5582421875	0.549482421875	0.54865234375	0.546259765625	0.546298828125	0.545322265625	0.537490234375	0.53638671875
1.0	1.0	1.0	1.0	1.0	1.0	1.0	1.0	1.0	1.0	1.0	1.0	1.0	1.0	1.0	1.0	1.0	1.0	1.0	0.998759765625	0.99482421875	0.98759765625	0.974130859375	0.95810546875	0.941025390625	0.895048828125	0.799677734375	0.717548828125	0.690771484375	0.647275390625	0.643369140625	0.617529296875	0.58244140625	0.55951171875	0.547607421875	0.549169921875	0.54662109375	0.544189453125	0.540205078125	0.533857421875	0.538046875
1.0	1.0	1.0	1.0	1.0	1.0	1.0	1.0	1.0	1.0	1.0	1.0	1.0	1.0	1.0	1.0	1.0	1.0	0.999130859375	0.998369140625	0.994208984375	0.986083984375	0.972138671875	0.95810546875	0.91279296875	0.8761328125	0.77576171875	0.708759765625	0.675966796875	0.653271484375	0.623193359375	0.58927734375	0.568447265625	0.55220703125	0.54865234375	0.547890625	0.547158203125	0.5409375	0.542587890625	0.5341796875	0.538564453125
1.0	1.0	1.0	1.0	1.0	1.0	1.0	1.0	1.0	1.0	1.0	1.0	1.0	1.0	1.0	1.0	1.0	1.0	0.99873046875	0.99767578125	0.991865234375	0.98427734375	0.973056640625	0.932529296875	0.90123046875	0.822265625	0.771064453125	0.704921875	0.66927734375	0.631181640625	0.610810546875	0.590537109375	0.57384765625	0.55419921875	0.55369140625	0.546826171875	0.542353515625	0.54291015625	0.5374609375	0.539892578125	0.535185546875
0.92	1.0	1.0	1.0	1.0	1.0	1.0	1.0	1.0	1.0	1.0	1.0	1.0	1.0	1.0	1.0	1.0	0.99921875	0.9982421875	0.99462890625	0.990556640625	0.985	0.94701171875	0.926982421875	0.876904296875	0.81021484375	0.75521484375	0.69951171875	0.65763671875	0.619521484375	0.598525390625	0.58310546875	0.567763671875	0.5519140625	0.5477734375	0.543330078125	0.5405859375	0.541279296875	0.53775390625	0.53880859375	0.535712890625
1.0	1.0	1.0	1.0	1.0	1.0	1.0	1.0	1.0	1.0	0.96	1.0	1.0	1.0	1.0	1.0	1.0	0.999072265625	0.9990625	0.994990234375	0.989599609375	0.98173828125	0.9427734375	0.912314453125	0.881552734375	0.812646484375	0.7482421875	0.686220703125	0.657138671875	0.62337890625	0.591845703125	0.574892578125	0.55857421875	0.549736328125	0.545400390625	0.543544921875	0.544501953125	0.543173828125	0.541171875	0.536103515625	0.53828125
0.96	1.0	1.0	1.0	1.0	1.0	1.0	1.0	1.0	1.0	1.0	1.0	1.0	1.0	1.0	1.0	0.999169921875	0.998896484375	0.997822265625	0.99244140625	0.988466796875	0.961513671875	0.941181640625	0.90669921875	0.845263671875	0.792138671875	0.73490234375	0.6825	0.648154296875	0.609013671875	0.586708984375	0.572841796875	0.557060546875	0.554423828125	0.544091796875	0.540595703125	0.54078125	0.54048828125	0.538359375	0.53576171875	0.52921875
0.96	1.0	1.0	1.0	1.0	1.0	1.0	1.0	1.0	1.0	1.0	1.0	1.0	1.0	1.0	1.0	0.999033203125	0.99900390625	0.997666015625	0.992080078125	0.987841796875	0.963701171875	0.934111328125	0.89552734375	0.83625	0.792890625	0.7175	0.668876953125	0.635244140625	0.606298828125	0.59501953125	0.567744140625	0.556064453125	0.549755859375	0.547373046875	0.548779296875	0.5387890625	0.5378125	0.5367578125	0.537802734375	0.539453125
1.0	1.0	1.0	1.0	1.0	1.0	1.0	1.0	1.0	1.0	1.0	1.0	1.0	1.0	1.0	0.9992578125	0.99951171875	0.997890625	0.9961328125	0.99123046875	0.972265625	0.95078125	0.924208984375	0.892841796875	0.8218359375	0.747421875	0.70130859375	0.657490234375	0.619892578125	0.598505859375	0.58509765625	0.57076171875	0.554912109375	0.549501953125	0.545751953125	0.54244140625	0.538291015625	0.53583984375	0.539970703125	0.5375	0.537470703125
1.0	1.0	1.0	1.0	1.0	1.0	1.0	1.0	1.0	1.0	1.0	1.0	1.0	1.0	0.99935546875	0.999208984375	0.998955078125	0.99662109375	0.9911328125	0.97607421875	0.9639453125	0.945849609375	0.91208984375	0.861376953125	0.798466796875	0.7430859375	0.69970703125	0.654619140625	0.614228515625	0.595283203125	0.558935546875	0.562392578125	0.550576171875	0.5455078125	0.54736328125	0.542822265625	0.537236328125	0.5358203125	0.534951171875	0.53689453125	0.53419921875
1.0	1.0	1.0	1.0	1.0	1.0	1.0	1.0	1.0	1.0	1.0	1.0	1.0	1.0	0.999111328125	0.9992578125	0.9984765625	0.996298828125	0.991923828125	0.974765625	0.95927734375	0.938798828125	0.912724609375	0.8212890625	0.788466796875	0.736083984375	0.697626953125	0.64037109375	0.60771484375	0.595595703125	0.5780859375	0.571904296875	0.55056640625	0.545791015625	0.5460546875	0.540986328125	0.53734375	0.538046875	0.5351171875	0.536181640625	0.536328125
0.96	1.0	1.0	1.0	1.0	1.0	1.0	1.0	1.0	1.0	1.0	1.0	1.0	1.0	0.999052734375	0.998779296875	0.997626953125	0.99591796875	0.975751953125	0.9705859375	0.957783203125	0.922998046875	0.87916015625	0.804990234375	0.7787890625	0.73947265625	0.7000390625	0.6226953125	0.61033203125	0.59357421875	0.584287109375	0.565419921875	0.5475	0.54951171875	0.542958984375	0.53951171875	0.538642578125	0.53923828125	0.536298828125	0.54015625	0.53990234375
1.0	1.0	1.0	1.0	1.0	1.0	1.0	1.0	1.0	1.0	1.0	1.0	1.0	0.999169921875	0.9990234375	0.998525390625	0.9965234375	0.985126953125	0.970068359375	0.96458984375	0.9523828125	0.888623046875	0.831162109375	0.7963671875	0.768203125	0.73279296875	0.6637890625	0.636826171875	0.606025390625	0.58990234375	0.577998046875	0.563818359375	0.550263671875	0.544521484375	0.5430859375	0.5424609375	0.539697265625	0.536181640625	0.53591796875	0.535908203125	0.53962890625
1.0	1.0	1.0	1.0	1.0	1.0	1.0	1.0	1.0	1.0	1.0	1.0	1.0	0.99921875	0.997802734375	0.997119140625	0.984736328125	0.98421875	0.967734375	0.961904296875	0.937900390625	0.886337890625	0.839619140625	0.7955859375	0.776865234375	0.712080078125	0.661201171875	0.6271484375	0.614150390625	0.58861328125	0.572587890625	0.56037109375	0.560732421875	0.5491015625	0.5469140625	0.54228515625	0.5435546875	0.538154296875	0.535380859375	0.5338671875	0.538408203125
0.96	1.0	1.0	1.0	1.0	1.0	1.0	1.0	1.0	1.0	1.0	1.0	0.9986328125	0.99912109375	0.996787109375	0.996923828125	0.981162109375	0.978759765625	0.967861328125	0.944716796875	0.885390625	0.846845703125	0.833916015625	0.78025390625	0.726572265625	0.680302734375	0.658154296875	0.630498046875	0.610927734375	0.578095703125	0.5755078125	0.564853515625	0.554248046875	0.54822265625	0.54154296875	0.5436328125	0.543525390625	0.535166015625	0.537724609375	0.538310546875	0.536357421875
0.92	1.0	1.0	1.0	1.0	1.0	1.0	1.0	1.0	1.0	1.0	1.0	0.99828125	0.99798828125	0.996201171875	0.983818359375	0.974150390625	0.976337890625	0.95314453125	0.85796875	0.8791015625	0.839375	0.81671875	0.771533203125	0.729580078125	0.685048828125	0.656552734375	0.629599609375	0.60609375	0.58841796875	0.571005859375	0.561171875	0.551396484375	0.549951171875	0.54177734375	0.539580078125	0.541787109375	0.53552734375	0.537138671875	0.535947265625	0.534775390625
1.0	1.0	1.0	1.0	1.0	1.0	1.0	1.0	1.0	1.0	1.0	0.998115234375	0.9984375	0.997060546875	0.996748046875	0.982890625	0.9716015625	0.952919921875	0.909990234375	0.88466796875	0.8840625	0.829033203125	0.7909375	0.758642578125	0.7008984375	0.68033203125	0.654072265625	0.618603515625	0.603310546875	0.58763671875	0.580517578125	0.5554296875	0.55791015625	0.5519140625	0.540869140625	0.54369140625	0.53970703125	0.532890625	0.540400390625	0.53763671875	0.534658203125
1.0	1.0	1.0	1.0	1.0	1.0	1.0	1.0	1.0	1.0	1.0	0.998125	0.997177734375	0.995146484375	0.979755859375	0.9752734375	0.968740234375	0.905791015625	0.89611328125	0.8766796875	0.8671875	0.800341796875	0.778671875	0.753603515625	0.6965625	0.67912109375	0.654970703125	0.6206640625	0.6103515625	0.5866796875	0.58208984375	0.56126953125	0.552646484375	0.552431640625	0.5473046875	0.541826171875	0.542802734375	0.5381640625	0.5371875	0.536357421875	0.53533203125
0.96	1.0	1.0	1.0	0.96	1.0	1.0	1.0	1.0	1.0	0.99634765625	0.9955859375	0.993349609375	0.97443359375	0.96923828125	0.966982421875	0.9083203125	0.888896484375	0.882939453125	0.847060546875	0.815576171875	0.790791015625	0.771630859375	0.72392578125	0.696552734375	0.6734765625	0.650673828125	0.61361328125	0.600693359375	0.587783203125	0.56984375	0.55986328125	0.555068359375	0.5526171875	0.5428125	0.544013671875	0.538740234375	0.51576171875	0.53978515625	0.53572265625	0.53626953125
1.0	1.0	1.0	1.0	1.0	1.0	1.0	1.0	1.0	0.995390625	0.996162109375	0.991552734375	0.993173828125	0.962177734375	0.960556640625	0.952138671875	0.8854296875	0.87416015625	0.840341796875	0.823017578125	0.79833984375	0.773203125	0.75828125	0.720205078125	0.689501953125	0.670576171875	0.648271484375	0.611025390625	0.602509765625	0.585107421875	0.567900390625	0.563173828125	0.5600390625	0.547021484375	0.548681640625	0.53974609375	0.54462890625	0.537216796875	0.53693359375	0.53638671875	0.54234375
0.92	1.0	1.0	1.0	1.0	1.0	1.0	1.0	1.0	0.993720703125	0.992021484375	0.9911328125	0.96345703125	0.95580078125	0.942685546875	0.876455078125	0.874619140625	0.872060546875	0.817255859375	0.82564453125	0.786142578125	0.770302734375	0.73564453125	0.71359375	0.69712890625	0.66287109375	0.6359765625	0.613115234375	0.607529296875	0.584462890625	0.56984375	0.5643359375	0.55775390625	0.55240234375	0.548388671875	0.539970703125	0.5391015625	0.5375390625	0.537373046875	0.535986328125	0.536318359375
0.96	1.0	1.0	1.0	1.0	1.0	1.0	1.0	1.0	0.99431640625	0.986923828125	0.95162109375	0.946328125	0.93775390625	0.86814453125	0.87330078125	0.87810546875	0.815166015625	0.811015625	0.792119140625	0.771611328125	0.759951171875	0.73294921875	0.7087109375	0.691162109375	0.670302734375	0.632275390625	0.61490234375	0.60447265625	0.5872265625	0.572958984375	0.564365234375	0.56421875	0.546435546875	0.548681640625	0.54470703125	0.543408203125	0.54005859375	0.53990234375	0.534404296875	0.534833984375
0.96	1.0	1.0	1.0	1.0	1.0	1.0	1.0	0.97591796875	0.987626953125	0.984345703125	0.935009765625	0.940302734375	0.849716796875	0.858017578125	0.858642578125	0.8144921875	0.808134765625	0.8073046875	0.7725390625	0.7731640625	0.735068359375	0.721796875	0.699052734375	0.67640625	0.66033203125	0.63734375	0.6244140625	0.603125	0.58876953125	0.57181640625	0.56693359375	0.55505859375	0.550966796875	0.547861328125	0.546982421875	0.542080078125	0.53908203125	0.536455078125	0.54044921875	0.53693359375
0.96	1.0	1.0	1.0	1.0	1.0	1.0	0.9705078125	0.963076171875	0.978955078125	0.925615234375	0.916279296875	0.8260546875	0.840947265625	0.8209765625	0.8077734375	0.799931640625	0.79033203125	0.784853515625	0.763642578125	0.75697265625	0.725048828125	0.713740234375	0.693876953125	0.685634765625	0.6513671875	0.643427734375	0.614248046875	0.6024609375	0.58765625	0.576953125	0.57216796875	0.558427734375	0.558994140625	0.551689453125	0.54384765625	0.540078125	0.54017578125	0.536689453125	0.5387109375	0.536083984375
1.0	1.0	1.0	1.0	1.0	1.0	0.999912109375	0.969404296875	0.94662109375	0.8472265625	0.878525390625	0.7977734375	0.816962890625	0.794921875	0.809853515625	0.802841796875	0.796064453125	0.778603515625	0.75171875	0.746806640625	0.718388671875	0.716953125	0.696865234375	0.690166015625	0.681806640625	0.655185546875	0.6446484375	0.6105078125	0.603779296875	0.58400390625	0.578349609375	0.572294921875	0.55984375	0.558076171875	0.551767578125	0.548095703125	0.539755859375	0.542431640625	0.535400390625	0.537548828125	0.5367578125
0.96	1.0	1.0	0.961142578125	1.0	1.0	1.0	0.922412109375	0.93673828125	0.800625	0.8536328125	0.77591796875	0.822744140625	0.786181640625	0.792275390625	0.79513671875	0.78900390625	0.77775390625	0.74046875	0.741474609375	0.708818359375	0.716416015625	0.69662109375	0.681552734375	0.676240234375	0.647490234375	0.6346875	0.61505859375	0.60904296875	0.586796875	0.577041015625	0.564150390625	0.56052734375	0.5569921875	0.54962890625	0.547265625	0.541025390625	0.539736328125	0.540400390625	0.513212890625	0.537333984375
0.96	1.0	1.0	1.0	1.0	0.99982421875	0.92630859375	0.87544921875	0.72302734375	0.76017578125	0.761904296875	0.775	0.77814453125	0.785234375	0.7880859375	0.784677734375	0.771474609375	0.766201171875	0.73427734375	0.7103515625	0.703935546875	0.689404296875	0.6915234375	0.683603515625	0.672744140625	0.652421875	0.63712890625	0.614345703125	0.602548828125	0.584052734375	0.575390625	0.566025390625	0.56037109375	0.563037109375	0.558701171875	0.54962890625	0.544072265625	0.54203125	0.53462890625	0.536142578125	0.538251953125
1.0	1.0	1.0	0.8800390625	1.0	0.960009765625	0.874228515625	0.698359375	0.75302734375	0.680244140625	0.71095703125	0.73703125	0.766396484375	0.775791015625	0.778466796875	0.772119140625	0.757490234375	0.732412109375	0.71572265625	0.694931640625	0.698251953125	0.690712890625	0.687978515625	0.680419921875	0.67142578125	0.664462890625	0.6418359375	0.61578125	0.6026171875	0.5871875	0.577470703125	0.565966796875	0.57056640625	0.56595703125	0.559384765625	0.55818359375	0.54923828125	0.540986328125	0.538505859375	0.536669921875	0.53798828125
0.96	1.0	1.0	0.920078125	0.958388671875	0.855	0.794853515625	0.6712109375	0.64462890625	0.665146484375	0.684423828125	0.7344921875	0.75984375	0.768232421875	0.76861328125	0.748837890625	0.741298828125	0.71658203125	0.696552734375	0.697138671875	0.679814453125	0.6858984375	0.673671875	0.676865234375	0.669794921875	0.66126953125	0.641435546875	0.609560546875	0.600517578125	0.587919921875	0.575	0.569296875	0.568583984375	0.56693359375	0.56505859375	0.55380859375	0.54962890625	0.544306640625	0.540107421875	0.536083984375	0.5372265625
0.92	1.0	0.960419921875	0.960078125	0.69208984375	0.69578125	0.5531640625	0.58529296875	0.608388671875	0.656123046875	0.685458984375	0.728369140625	0.744970703125	0.758154296875	0.75392578125	0.733984375	0.69666015625	0.703564453125	0.69248046875	0.67814453125	0.67927734375	0.668701171875	0.66890625	0.664755859375	0.667900390625	0.662060546875	0.6376953125	0.611640625	0.606396484375	0.5823046875	0.572431640625	0.57345703125	0.56716796875	0.565390625	0.563154296875	0.5563671875	0.556201171875	0.550712890625	0.541083984375	0.5346484375	0.5342578125
1.0	1.0	1.0	1.0	0.707451171875	0.538935546875	0.54025390625	0.592744140625	0.61603515625	0.650654296875	0.68025390625	0.72759765625	0.72234375	0.73951171875	0.74634765625	0.732470703125	0.703671875	0.68009765625	0.68828125	0.676513671875	0.675185546875	0.663115234375	0.66884765625	0.662646484375	0.659296875	0.654052734375	0.639052734375	0.61205078125	0.596708984375	0.58802734375	0.57607421875	0.569140625	0.56703125	0.5686328125	0.566181640625	0.56177734375	0.55685546875	0.5480859375	0.5406640625	0.537568359375	0.53689453125
1.0	1.0	0.922001953125	0.8715625	0.554169921875	0.50111328125	0.532451171875	0.581591796875	0.5925	0.646748046875	0.645078125	0.688095703125	0.7153515625	0.729794921875	0.730341796875	0.7108984375	0.705634765625	0.671103515625	0.6690625	0.673525390625	0.6705859375	0.667451171875	0.659638671875	0.65921875	0.666220703125	0.65525390625	0.642529296875	0.609375	0.59724609375	0.59130859375	0.580517578125	0.572490234375	0.569658203125	0.566640625	0.5671484375	0.559697265625	0.563046875	0.5570703125	0.5478515625	0.5388671875	0.530927734375
1.0	1.0	0.880283203125	0.469091796875	0.42994140625	0.47123046875	0.503232421875	0.559462890625	0.60970703125	0.654453125	0.679033203125	0.684794921875	0.71185546875	0.7198828125	0.71607421875	0.7106640625	0.663134765625	0.6566796875	0.666650390625	0.66697265625	0.67560546875	0.657626953125	0.65115234375	0.651376953125	0.652392578125	0.654150390625	0.640390625	0.612734375	0.597392578125	0.592451171875	0.57865234375	0.570947265625	0.567626953125	0.56560546875	0.561318359375	0.560458984375	0.563720703125	0.559326171875	0.550869140625	0.53802734375	0.540869140625
0.96	0.803974609375	0.28466796875	0.310048828125	0.4068359375	0.469775390625	0.518388671875	0.57177734375	0.612080078125	0.633203125	0.661591796875	0.676201171875	0.668095703125	0.7080078125	0.711806640625	0.675419921875	0.65443359375	0.66138671875	0.65912109375	0.669111328125	0.668857421875	0.655791015625	0.652373046875	0.65498046875	0.650751953125	0.65123046875	0.642314453125	0.612412109375	0.59947265625	0.592275390625	0.578203125	0.571376953125	0.56923828125	0.566318359375	0.56490234375	0.56470703125	0.562041015625	0.559228515625	0.557490234375	0.540009765625	0.53814453125
0.96	0.545361328125	0.216982421875	0.308203125	0.395185546875	0.48578125	0.528203125	0.574716796875	0.6073046875	0.624921875	0.65814453125	0.667490234375	0.660771484375	0.715	0.70841796875	0.654365234375	0.649443359375	0.6558203125	0.64923828125	0.656767578125	0.66830078125	0.660947265625	0.646943359375	0.648857421875	0.647392578125	0.6486328125	0.644306640625	0.612236328125	0.59708984375	0.5877734375	0.57958984375	0.5744921875	0.56787109375	0.569951171875	0.567314453125	0.56658203125	0.562109375	0.565537109375	0.56421875	0.5480859375	0.537724609375
1.0	0.154208984375	0.224140625	0.332177734375	0.39798828125	0.4804296875	0.531416015625	0.570498046875	0.60716796875	0.625498046875	0.660810546875	0.657880859375	0.656748046875	0.6946484375	0.696279296875	0.63734375	0.64890625	0.65951171875	0.658642578125	0.641953125	0.669296875	0.646435546875	0.646865234375	0.640703125	0.638193359375	0.64041015625	0.651923828125	0.600947265625	0.5953125	0.592666015625	0.57953125	0.574892578125	0.565048828125	0.56462890625	0.562431640625	0.5646484375	0.56369140625	0.55943359375	0.563154296875	0.5525	0.534638671875
1.0	0.0551171875	0.23587890625	0.329287109375	0.4237109375	0.4826171875	0.521826171875	0.572177734375	0.610625	0.628095703125	0.665615234375	0.645263671875	0.6561328125	0.670576171875	0.64009765625	0.635771484375	0.649208984375	0.65080078125	0.648759765625	0.64875	0.665673828125	0.649970703125	0.642373046875	0.640322265625	0.642109375	0.641708984375	0.633486328125	0.595234375	0.59890625	0.591640625	0.5841796875	0.57689453125	0.5685546875	0.569443359375	0.561083984375	0.559658203125	0.563408203125	0.56408203125	0.56419921875	0.569345703125	0.539853515625
1.0	0.06515625	0.201572265625	0.327685546875	0.429052734375	0.4855078125	0.534892578125	0.567978515625	0.591943359375	0.62421875	0.632021484375	0.64751953125	0.635126953125	0.6642578125	0.621591796875	0.62806640625	0.634921875	0.64291015625	0.649326171875	0.651181640625	0.644873046875	0.645322265625	0.650859375	0.64205078125	0.644052734375	0.630732421875	0.632900390625	0.59365234375	0.59771484375	0.5878515625	0.590810546875	0.573984375	0.569150390625	0.570078125	0.56611328125	0.567255859375	0.56494140625	0.56650390625	0.563837890625	0.561455078125	0.5635546875
