0.0009765625	0.065439453125	0.0665234375	0.063291015625	0.06861328125	0.049345703125	0.101318359375	0.22896484375	0.2277734375	0.29876953125	0.295927734375	0.31203125	0.33951171875	0.33880859375	0.449462890625	0.450439453125	0.45556640625	0.495927734375	0.523857421875	0.521474609375	0.523310546875	0.64689453125	0.64392578125	0.67998046875	0.681982421875	0.72548828125	0.7309765625	0.89421875	0.8943359375	0.92443359375	0.924619140625	0.9304296875	0.931181640625	0.94537109375	0.962265625	0.963056640625	0.962822265625	0.962578125	0.962177734375	0.963388671875	0.962685546875
0.0009765625	0.068896484375	0.07150390625	0.067880859375	0.070966796875	0.074130859375	0.106123046875	0.2120703125	0.269365234375	0.2984765625	0.30685546875	0.309873046875	0.338115234375	0.338251953125	0.44708984375	0.4524609375	0.47927734375	0.503125	0.522080078125	0.522763671875	0.590625	0.649990234375	0.647314453125	0.676025390625	0.709267578125	0.72947265625	0.72939453125	0.8915234375	0.900927734375	0.926181640625	0.9293359375	0.932041015625	0.9438671875	0.95728515625	0.962314453125	0.96208984375	0.962890625	0.961962890625	0.9616015625	0.96177734375	0.964423828125
0.0009765625	0.07013671875	0.06388671875	0.06689453125	0.063720703125	0.07177734375	0.09685546875	0.19109375	0.269677734375	0.293779296875	0.305146484375	0.315986328125	0.3334375	0.3638671875	0.42970703125	0.452568359375	0.478349609375	0.50900390625	0.521865234375	0.533505859375	0.60357421875	0.64900390625	0.652021484375	0.675244140625	0.7108984375	0.728486328125	0.782470703125	0.889755859375	0.9140625	0.923818359375	0.931640625	0.9351953125	0.94705078125	0.95796875	0.96435546875	0.96326171875	0.9639453125	0.9616796875	0.96322265625	0.964521484375	0.963857421875
0.0009765625	0.060771484375	0.063916015625	0.063935546875	0.06552734375	0.080029296875	0.095185546875	0.18728515625	0.258076171875	0.29138671875	0.305966796875	0.318388671875	0.332294921875	0.370966796875	0.42623046875	0.454169921875	0.4816796875	0.51025390625	0.520634765625	0.534169921875	0.589111328125	0.639501953125	0.6552734375	0.680595703125	0.708974609375	0.7190234375	0.825546875	0.895126953125	0.919951171875	0.926484375	0.9309765625	0.944072265625	0.95642578125	0.9613671875	0.962705078125	0.96302734375	0.962587890625	0.962919921875	0.963974609375	0.96474609375	0.9641796875
0.0009765625	0.020107421875	0.063115234375	0.05853515625	0.067646484375	0.071337890625	0.1001171875	0.174970703125	0.250888671875	0.286884765625	0.302255859375	0.3208984375	0.33259765625	0.36849609375	0.4159375	0.4530078125	0.48009765625	0.5013671875	0.515908203125	0.540791015625	0.586611328125	0.636220703125	0.658916015625	0.6911328125	0.711728515625	0.757236328125	0.839697265625	0.89443359375	0.914150390625	0.930205078125	0.9341015625	0.947724609375	0.9575	0.96306640625	0.961865234375	0.963671875	0.964208984375	0.963544921875	0.9639453125	0.963349609375	0.964599609375
0.0009765625	0.014970703125	0.065830078125	0.07005859375	0.07126953125	0.073046875	0.14087890625	0.175927734375	0.250654296875	0.2837109375	0.300078125	0.318935546875	0.34845703125	0.3746484375	0.4184375	0.44013671875	0.481181640625	0.50169921875	0.52623046875	0.549013671875	0.58853515625	0.63435546875	0.659873046875	0.6918359375	0.730126953125	0.7708203125	0.856669921875	0.903017578125	0.91666015625	0.931259765625	0.94572265625	0.953837890625	0.957548828125	0.960283203125	0.962265625	0.964072265625	0.964384765625	0.96275390625	0.9643359375	0.963740234375	0.96423828125
0.0009765625	0.017919921875	0.064501953125	0.061337890625	0.065888671875	0.093330078125	0.1429296875	0.192548828125	0.245458984375	0.279892578125	0.304375	0.316416015625	0.351015625	0.379072265625	0.420361328125	0.44435546875	0.480625	0.50017578125	0.525732421875	0.549052734375	0.590126953125	0.61916015625	0.66478515625	0.701845703125	0.743173828125	0.82439453125	0.86400390625	0.90658203125	0.922919921875	0.9376953125	0.94615234375	0.955400390625	0.960283203125	0.962626953125	0.96392578125	0.96359375	0.96287109375	0.964912109375	0.963154296875	0.965205078125	0.964765625
0.0009765625	0.01291015625	0.033818359375	0.06015625	0.0598828125	0.097802734375	0.141953125	0.186357421875	0.244970703125	0.2771484375	0.291552734375	0.32767578125	0.348974609375	0.378408203125	0.416005859375	0.444326171875	0.4790234375	0.506357421875	0.528310546875	0.5749609375	0.6041796875	0.6194921875	0.67693359375	0.706650390625	0.76958984375	0.83654296875	0.875693359375	0.911337890625	0.928056640625	0.944521484375	0.955556640625	0.9564453125	0.961044921875	0.96171875	0.964638671875	0.96376953125	0.963408203125	0.96412109375	0.964091796875	0.963955078125	0.964765625
0.0009765625	0.0087890625	0.01857421875	0.062734375	0.063916015625	0.090615234375	0.1393359375	0.184296875	0.2149609375	0.26025390625	0.2809765625	0.327216796875	0.3499609375	0.376767578125	0.41720703125	0.441591796875	0.458828125	0.5055859375	0.520068359375	0.570146484375	0.5903515625	0.622861328125	0.683583984375	0.726201171875	0.76298828125	0.839462890625	0.88146484375	0.920517578125	0.9323828125	0.944501953125	0.953671875	0.95876953125	0.961669921875	0.961728515625	0.960400390625	0.964404296875	0.963896484375	0.963408203125	0.96392578125	0.963466796875	0.96408203125
0.0009765625	0.007197265625	0.020791015625	0.03080078125	0.068271484375	0.090068359375	0.1369921875	0.186708984375	0.21755859375	0.26365234375	0.287451171875	0.31470703125	0.345244140625	0.375048828125	0.413818359375	0.44462890625	0.467548828125	0.502587890625	0.52771484375	0.566591796875	0.5901171875	0.636845703125	0.681962890625	0.73705078125	0.80431640625	0.853515625	0.89890625	0.9259375	0.937568359375	0.9515625	0.9561328125	0.95884765625	0.960517578125	0.964599609375	0.96341796875	0.963095703125	0.964404296875	0.9649609375	0.965322265625	0.964130859375	0.96400390625
0.0009765625	0.006376953125	0.015927734375	0.032958984375	0.0682421875	0.087998046875	0.133642578125	0.177353515625	0.214599609375	0.25677734375	0.275419921875	0.30896484375	0.3434765625	0.37537109375	0.407470703125	0.425751953125	0.463955078125	0.499072265625	0.528076171875	0.56712890625	0.585390625	0.629462890625	0.6913671875	0.752373046875	0.811328125	0.85357421875	0.9044140625	0.926279296875	0.941552734375	0.952216796875	0.955654296875	0.958916015625	0.961572265625	0.961533203125	0.96400390625	0.96501953125	0.964345703125	0.96458984375	0.964716796875	0.964013671875	0.964580078125
0.0009765625	0.00599609375	0.015927734375	0.030185546875	0.070849609375	0.116494140625	0.150126953125	0.16759765625	0.21416015625	0.256181640625	0.284599609375	0.306025390625	0.33830078125	0.369482421875	0.407236328125	0.43044921875	0.4631640625	0.485068359375	0.528017578125	0.56998046875	0.594267578125	0.646162109375	0.709345703125	0.754072265625	0.83228515625	0.89140625	0.913720703125	0.936630859375	0.947841796875	0.952470703125	0.955888671875	0.95912109375	0.961826171875	0.964306640625	0.962939453125	0.96251953125	0.96296875	0.965615234375	0.963828125	0.965	0.964140625
0.0009765625	0.004814453125	0.015439453125	0.022421875	0.078515625	0.1205859375	0.140400390625	0.1653515625	0.21705078125	0.255771484375	0.282265625	0.306611328125	0.32744140625	0.36935546875	0.407138671875	0.428544921875	0.468173828125	0.49064453125	0.546376953125	0.571396484375	0.615078125	0.658701171875	0.730947265625	0.79666015625	0.86625	0.89732421875	0.91380859375	0.937607421875	0.948369140625	0.953544921875	0.91771484375	0.95861328125	0.96220703125	0.9629296875	0.964638671875	0.96373046875	0.96431640625	0.964580078125	0.963388671875	0.9648828125	0.9634375
0.0009765625	0.003955078125	0.013896484375	0.020576171875	0.045146484375	0.116796875	0.1421875	0.166455078125	0.195859375	0.251337890625	0.282177734375	0.298720703125	0.325478515625	0.35109375	0.4017578125	0.426787109375	0.45970703125	0.486005859375	0.539736328125	0.57263671875	0.6054296875	0.66447265625	0.723935546875	0.84205078125	0.87318359375	0.9012109375	0.919052734375	0.946318359375	0.952041015625	0.953447265625	0.956611328125	0.9579296875	0.962802734375	0.962978515625	0.962861328125	0.963134765625	0.964619140625	0.965458984375	0.964287109375	0.96462890625	0.964794921875
0.0009765625	0.00435546875	0.013447265625	0.02162109375	0.042421875	0.116328125	0.142197265625	0.159541015625	0.193984375	0.24486328125	0.28134765625	0.2998046875	0.322265625	0.346201171875	0.40294921875	0.42712890625	0.463017578125	0.481875	0.546064453125	0.5784375	0.61978515625	0.71052734375	0.787392578125	0.85923828125	0.876171875	0.9038671875	0.921513671875	0.946728515625	0.95177734375	0.95447265625	0.956025390625	0.96162109375	0.9619921875	0.96498046875	0.96328125	0.963603515625	0.9639453125	0.9664453125	0.9648828125	0.965576171875	0.964931640625
0.0009765625	0.004169921875	0.0087890625	0.016943359375	0.040185546875	0.06609375	0.13626953125	0.1590625	0.192392578125	0.21689453125	0.25109375	0.292900390625	0.320244140625	0.347880859375	0.386923828125	0.41705078125	0.458564453125	0.483037109375	0.5359765625	0.58640625	0.625625	0.78181640625	0.83255859375	0.8650390625	0.885703125	0.90318359375	0.9349609375	0.947880859375	0.95166015625	0.95509765625	0.9569140625	0.961416015625	0.962919921875	0.962861328125	0.963720703125	0.96470703125	0.96498046875	0.96548828125	0.963994140625	0.962998046875	0.9644921875
0.0009765625	0.003701171875	0.00787109375	0.0169921875	0.0417578125	0.072822265625	0.1345703125	0.159541015625	0.1759765625	0.216455078125	0.253583984375	0.294443359375	0.307421875	0.3491796875	0.380615234375	0.423837890625	0.4471875	0.48435546875	0.5537890625	0.5833984375	0.660009765625	0.7992578125	0.833212890625	0.868408203125	0.8805078125	0.916748046875	0.935625	0.945751953125	0.948349609375	0.95578125	0.957392578125	0.961337890625	0.96271484375	0.962880859375	0.964765625	0.962822265625	0.964033203125	0.964765625	0.964365234375	0.963955078125	0.964765625
0.0009765625	0.004423828125	0.008525390625	0.018623046875	0.0408984375	0.07439453125	0.139326171875	0.157666015625	0.17732421875	0.216669921875	0.252294921875	0.27443359375	0.316806640625	0.343564453125	0.3783984375	0.40943359375	0.4544140625	0.4869140625	0.55857421875	0.637451171875	0.782236328125	0.826396484375	0.84029296875	0.876533203125	0.9051171875	0.928232421875	0.936318359375	0.94865234375	0.952890625	0.956474609375	0.95958984375	0.961708984375	0.961318359375	0.96376953125	0.962998046875	0.964189453125	0.964443359375	0.96484375	0.96431640625	0.966025390625	0.96447265625
0.0009765625	0.003330078125	0.007685546875	0.014521484375	0.04314453125	0.072412109375	0.0838671875	0.152509765625	0.175302734375	0.19935546875	0.250380859375	0.27853515625	0.298291015625	0.341201171875	0.37826171875	0.41330078125	0.50375	0.520390625	0.61712890625	0.733466796875	0.792744140625	0.827412109375	0.85166015625	0.888037109375	0.909580078125	0.9278125	0.937294921875	0.94634765625	0.951513671875	0.954765625	0.95845703125	0.96296875	0.9613671875	0.963544921875	0.962802734375	0.962763671875	0.964033203125	0.964658203125	0.964013671875	0.96435546875	0.963876953125
0.0009765625	0.003583984375	0.007119140625	0.013037109375	0.04189453125	0.072314453125	0.085654296875	0.15232421875	0.1736328125	0.200625	0.250107421875	0.274560546875	0.296943359375	0.332939453125	0.375458984375	0.40533203125	0.538837890625	0.6104296875	0.735966796875	0.78390625	0.798046875	0.829169921875	0.874482421875	0.88748046875	0.9189453125	0.929267578125	0.937568359375	0.948056640625	0.953544921875	0.955302734375	0.95984375	0.96099609375	0.96384765625	0.963388671875	0.963330078125	0.962861328125	0.96408203125	0.963466796875	0.96517578125	0.965439453125	0.96423828125
0.0009765625	0.003212890625	0.006318359375	0.014521484375	0.033037109375	0.053623046875	0.0844140625	0.153310546875	0.168916015625	0.1941015625	0.21326171875	0.273271484375	0.294013671875	0.315263671875	0.38958984375	0.482373046875	0.544775390625	0.736953125	0.761298828125	0.781689453125	0.78974609375	0.861572265625	0.87986328125	0.89017578125	0.921376953125	0.927470703125	0.936552734375	0.95099609375	0.95107421875	0.955595703125	0.95666015625	0.96119140625	0.961748046875	0.963271484375	0.964326171875	0.964658203125	0.96443359375	0.964775390625	0.9657421875	0.964130859375	0.96443359375
0.0009765625	0.002783203125	0.00701171875	0.013291015625	0.035859375	0.05439453125	0.082568359375	0.100166015625	0.169306640625	0.193876953125	0.2175	0.27154296875	0.2959375	0.3219921875	0.532392578125	0.57619140625	0.724716796875	0.75833984375	0.773876953125	0.81455078125	0.84298828125	0.864775390625	0.878623046875	0.902958984375	0.918876953125	0.93171875	0.9387890625	0.949013671875	0.9528515625	0.955009765625	0.95912109375	0.96095703125	0.96216796875	0.96318359375	0.96416015625	0.964462890625	0.964541015625	0.92642578125	0.96544921875	0.9632421875	0.964658203125
0.0009765625	0.00294921875	0.005458984375	0.01396484375	0.036591796875	0.054609375	0.08306640625	0.100634765625	0.1657421875	0.194521484375	0.21646484375	0.25966796875	0.293857421875	0.63431640625	0.631435546875	0.638125	0.74451171875	0.762470703125	0.807919921875	0.825400390625	0.847265625	0.873115234375	0.887998046875	0.906357421875	0.92306640625	0.9292578125	0.940302734375	0.948984375	0.95001953125	0.955068359375	0.958525390625	0.959150390625	0.962119140625	0.961953125	0.96251953125	0.96419921875	0.96421875	0.96392578125	0.964326171875	0.96482421875	0.965771484375
0.0009765625	0.003046875	0.005556640625	0.0217578125	0.038212890625	0.055576171875	0.086455078125	0.099443359375	0.1664453125	0.18861328125	0.21044921875	0.25205078125	0.433671875	0.65828125	0.653759765625	0.73734375	0.747724609375	0.759716796875	0.807705078125	0.825849609375	0.855947265625	0.864951171875	0.89490234375	0.911103515625	0.923134765625	0.929150390625	0.940810546875	0.948671875	0.950927734375	0.95484375	0.95865234375	0.95978515625	0.961533203125	0.962236328125	0.96197265625	0.963505859375	0.96359375	0.964716796875	0.9641015625	0.9646484375	0.96486328125
0.0009765625	0.002626953125	0.0053515625	0.017626953125	0.038662109375	0.05529296875	0.065927734375	0.0996875	0.164453125	0.189775390625	0.207958984375	0.527919921875	0.6652734375	0.67216796875	0.722255859375	0.7373828125	0.748330078125	0.79373046875	0.811484375	0.842119140625	0.856376953125	0.8708984375	0.898818359375	0.91056640625	0.9125390625	0.9303125	0.9373046875	0.948203125	0.950771484375	0.953076171875	0.958740234375	0.958486328125	0.961240234375	0.9611328125	0.962568359375	0.96412109375	0.963046875	0.96337890625	0.96478515625	0.96361328125	0.963525390625
0.0009765625	0.001748046875	0.004833984375	0.016552734375	0.03140625	0.044970703125	0.066484375	0.09751953125	0.11435546875	0.189345703125	0.20091796875	0.65458984375	0.66392578125	0.6915625	0.726455078125	0.736630859375	0.781220703125	0.797333984375	0.811240234375	0.841728515625	0.856904296875	0.88185546875	0.900693359375	0.9089453125	0.918134765625	0.930517578125	0.9388671875	0.945263671875	0.951416015625	0.953896484375	0.9563671875	0.957841796875	0.959931640625	0.9610546875	0.96240234375	0.96388671875	0.9637890625	0.9639453125	0.96474609375	0.965302734375	0.96232421875
0.0009765625	0.002158203125	0.005888671875	0.019755859375	0.031787109375	0.048310546875	0.068955078125	0.099306640625	0.116845703125	0.190283203125	0.590703125	0.60837890625	0.666318359375	0.680302734375	0.72822265625	0.750322265625	0.785380859375	0.7940234375	0.832001953125	0.84615234375	0.8611328125	0.88720703125	0.89265625	0.914697265625	0.91724609375	0.931787109375	0.93888671875	0.94669921875	0.95005859375	0.95208984375	0.956787109375	0.95986328125	0.959384765625	0.961279296875	0.962900390625	0.9626171875	0.963583984375	0.963828125	0.965830078125	0.96494140625	0.964296875
0.0009765625	0.002158203125	0.00615234375	0.017802734375	0.032822265625	0.047880859375	0.067998046875	0.09896484375	0.116611328125	0.37890625	0.581630859375	0.57451171875	0.66771484375	0.675859375	0.72349609375	0.747177734375	0.784775390625	0.79998046875	0.831767578125	0.846416015625	0.87013671875	0.8855078125	0.89830078125	0.9101953125	0.916806640625	0.93111328125	0.937216796875	0.94587890625	0.9500390625	0.953681640625	0.95591796875	0.958056640625	0.959453125	0.960986328125	0.96232421875	0.963125	0.964599609375	0.96439453125	0.9634765625	0.96458984375	0.96330078125
0.0009765625	0.001962890625	0.00509765625	0.01716796875	0.03298828125	0.0490625	0.066767578125	0.08275390625	0.118369140625	0.35564453125	0.577451171875	0.5511328125	0.6666015625	0.67005859375	0.725126953125	0.749375	0.786162109375	0.801796875	0.83265625	0.851767578125	0.870908203125	0.88455078125	0.894013671875	0.910341796875	0.91767578125	0.929287109375	0.9381640625	0.946650390625	0.950654296875	0.952978515625	0.953896484375	0.957158203125	0.95927734375	0.958798828125	0.9616796875	0.96255859375	0.963466796875	0.964658203125	0.964150390625	0.924208984375	0.963515625
0.0009765625	0.00208984375	0.008447265625	0.01798828125	0.03142578125	0.048466796875	0.070419921875	0.085673828125	0.3290625	0.355419921875	0.544892578125	0.5592578125	0.65890625	0.679833984375	0.7248828125	0.7496875	0.788466796875	0.805166015625	0.832705078125	0.860537109375	0.870908203125	0.880029296875	0.896357421875	0.90087890625	0.91638671875	0.932607421875	0.9396875	0.9457421875	0.947451171875	0.952900390625	0.953955078125	0.955947265625	0.956787109375	0.9590625	0.960986328125	0.961474609375	0.962353515625	0.96392578125	0.9637109375	0.96373046875	0.96392578125
0.0009765625	0.00197265625	0.00759765625	0.015712890625	0.031259765625	0.04103515625	0.063564453125	0.2367578125	0.344150390625	0.347431640625	0.392109375	0.555537109375	0.63841796875	0.6776171875	0.7215625	0.74759765625	0.79203125	0.829140625	0.838564453125	0.859609375	0.86291015625	0.880595703125	0.892802734375	0.899765625	0.910537109375	0.91966796875	0.934765625	0.944921875	0.947353515625	0.95345703125	0.954169921875	0.955673828125	0.957578125	0.95833984375	0.96037109375	0.960986328125	0.962353515625	0.962890625	0.963447265625	0.964326171875	0.963544921875
0.0009765625	0.0016796875	0.00962890625	0.016455078125	0.031328125	0.0471484375	0.093310546875	0.23685546875	0.328388671875	0.34021484375	0.39423828125	0.552587890625	0.634267578125	0.676640625	0.743154296875	0.785322265625	0.804599609375	0.8312890625	0.85388671875	0.86017578125	0.8656640625	0.88	0.88583984375	0.8978125	0.911572265625	0.920185546875	0.933349609375	0.943486328125	0.94927734375	0.953017578125	0.9553125	0.955888671875	0.956083984375	0.959853515625	0.958564453125	0.960263671875	0.962900390625	0.963017578125	0.96369140625	0.964599609375	0.96416015625
0.0009765625	0.001787109375	0.00865234375	0.01865234375	0.0340234375	0.104560546875	0.16716796875	0.232080078125	0.2594140625	0.3378125	0.393916015625	0.5511328125	0.575185546875	0.682177734375	0.739814453125	0.78625	0.82537109375	0.83068359375	0.8546484375	0.86484375	0.8679296875	0.87279296875	0.884599609375	0.89919921875	0.901962890625	0.920263671875	0.931201171875	0.944541015625	0.94720703125	0.952705078125	0.95529296875	0.956474609375	0.955048828125	0.95583984375	0.9584765625	0.959033203125	0.960341796875	0.963701171875	0.964462890625	0.96357421875	0.964365234375
0.0009765625	0.00181640625	0.009033203125	0.019306640625	0.033125	0.1259765625	0.172275390625	0.23544921875	0.2659765625	0.34146484375	0.3934765625	0.550185546875	0.571572265625	0.684443359375	0.739921875	0.7857421875	0.8213671875	0.847138671875	0.854169921875	0.86275390625	0.86958984375	0.8716796875	0.884716796875	0.88833984375	0.902060546875	0.91681640625	0.932890625	0.944013671875	0.950439453125	0.953291015625	0.9551953125	0.954052734375	0.954013671875	0.956396484375	0.956650390625	0.959599609375	0.960458984375	0.961572265625	0.96458984375	0.96466796875	0.96578125
0.0009765625	0.001787109375	0.009521484375	0.01759765625	0.076982421875	0.127939453125	0.17208984375	0.23224609375	0.25677734375	0.346787109375	0.3848046875	0.4375390625	0.569443359375	0.670322265625	0.752861328125	0.802119140625	0.827470703125	0.843330078125	0.853798828125	0.86203125	0.866689453125	0.87240234375	0.87458984375	0.884697265625	0.900693359375	0.913056640625	0.92978515625	0.94412109375	0.952060546875	0.954140625	0.954873046875	0.954697265625	0.956826171875	0.95541015625	0.955771484375	0.95470703125	0.957861328125	0.960859375	0.963212890625	0.964423828125	0.964365234375
0.0009765625	0.00234375	0.009794921875	0.036796875	0.08251953125	0.109970703125	0.166669921875	0.198173828125	0.269560546875	0.348515625	0.399423828125	0.444111328125	0.571396484375	0.67486328125	0.75134765625	0.802744140625	0.843583984375	0.849599609375	0.852958984375	0.860634765625	0.86712890625	0.874306640625	0.87642578125	0.87958984375	0.888076171875	0.9049609375	0.9302734375	0.943935546875	0.95130859375	0.954580078125	0.95486328125	0.953955078125	0.9555859375	0.95443359375	0.954521484375	0.954609375	0.9574609375	0.95921875	0.96306640625	0.963603515625	0.96529296875
0.0009765625	0.0026953125	0.016396484375	0.041796875	0.074677734375	0.111650390625	0.15203125	0.20078125	0.27076171875	0.29740234375	0.406904296875	0.4443359375	0.477314453125	0.678017578125	0.74732421875	0.825888671875	0.847763671875	0.849912109375	0.848056640625	0.85935546875	0.86736328125	0.875126953125	0.879267578125	0.87927734375	0.88087890625	0.899169921875	0.9280078125	0.9421484375	0.948525390625	0.952412109375	0.953583984375	0.9549609375	0.955498046875	0.95419921875	0.955244140625	0.9559765625	0.954169921875	0.956376953125	0.960380859375	0.963837890625	0.96470703125
0.0009765625	0.003076171875	0.0225	0.04306640625	0.0724609375	0.112744140625	0.154951171875	0.20349609375	0.276142578125	0.303916015625	0.406298828125	0.461748046875	0.487666015625	0.671416015625	0.783115234375	0.8398828125	0.84744140625	0.851455078125	0.849970703125	0.852880859375	0.867626953125	0.87669921875	0.8770703125	0.8791015625	0.878203125	0.888115234375	0.918779296875	0.943759765625	0.94728515625	0.951376953125	0.95501953125	0.9552734375	0.955966796875	0.955029296875	0.95541015625	0.95681640625	0.955087890625	0.95578125	0.9573828125	0.961982421875	0.96451171875
0.0009765625	0.003818359375	0.022646484375	0.044619140625	0.074072265625	0.11693359375	0.1575	0.208369140625	0.27189453125	0.313212890625	0.406201171875	0.475302734375	0.486923828125	0.600517578125	0.797412109375	0.8409765625	0.847314453125	0.849384765625	0.8483984375	0.847021484375	0.867001953125	0.881279296875	0.88015625	0.8785546875	0.87810546875	0.877431640625	0.903818359375	0.943857421875	0.947021484375	0.949609375	0.95546875	0.9550390625	0.954736328125	0.9560546875	0.954130859375	0.954560546875	0.956376953125	0.954716796875	0.955537109375	0.962236328125	0.963349609375
0.0009765625	0.003310546875	0.0232421875	0.04365234375	0.079619140625	0.119306640625	0.165791015625	0.21787109375	0.272509765625	0.315712890625	0.406806640625	0.48412109375	0.487197265625	0.486484375	0.836630859375	0.8416015625	0.844755859375	0.84921875	0.8466015625	0.848623046875	0.86671875	0.880966796875	0.879111328125	0.877421875	0.87908203125	0.87720703125	0.88107421875	0.947421875	0.948310546875	0.94755859375	0.955302734375	0.954189453125	0.954892578125	0.9556640625	0.955009765625	0.95470703125	0.9555078125	0.955146484375	0.954482421875	0.95611328125	0.964873046875
0.0009765625	0.003369140625	0.019892578125	0.043076171875	0.074599609375	0.11029296875	0.170947265625	0.22857421875	0.228037109375	0.3180078125	0.31625	0.483271484375	0.4674609375	0.48474609375	0.842080078125	0.840029296875	0.837802734375	0.853193359375	0.849169921875	0.84833984375	0.846484375	0.878720703125	0.877294921875	0.87884765625	0.878203125	0.878486328125	0.8794140625	0.947109375	0.947421875	0.949208984375	0.9488671875	0.954755859375	0.953271484375	0.955166015625	0.95568359375	0.954775390625	0.955908203125	0.956708984375	0.9564453125	0.955419921875	0.95568359375
