0.0009765625	0.077021484375	0.083037109375	0.084208984375	0.08212890625	0.09140625	0.12314453125	0.24392578125	0.2430078125	0.31072265625	0.311513671875	0.319365234375	0.345458984375	0.34634765625	0.454072265625	0.454931640625	0.460244140625	0.498232421875	0.527373046875	0.527998046875	0.52380859375	0.647392578125	0.64837890625	0.681484375	0.679697265625	0.721396484375	0.726328125	0.890888671875	0.891474609375	0.920693359375	0.921572265625	0.928828125	0.92791015625	0.944794921875	0.96275390625	0.963056640625	0.963447265625	0.964619140625	0.9634375	0.964365234375	0.96365234375
0.0009765625	0.087333984375	0.0925	0.086748046875	0.085478515625	0.0840234375	0.122861328125	0.232548828125	0.282841796875	0.311767578125	0.316962890625	0.32240234375	0.346083984375	0.347705078125	0.453173828125	0.458154296875	0.484599609375	0.506357421875	0.527197265625	0.525615234375	0.58796875	0.64720703125	0.649140625	0.676416015625	0.70841796875	0.72447265625	0.726650390625	0.886240234375	0.89859375	0.922666015625	0.92759765625	0.928974609375	0.94091796875	0.95716796875	0.9635546875	0.96259765625	0.964150390625	0.962822265625	0.962958984375	0.963193359375	0.9640234375
0.0009765625	0.072451171875	0.08197265625	0.086298828125	0.089013671875	0.086357421875	0.11572265625	0.202841796875	0.28255859375	0.310390625	0.316533203125	0.327958984375	0.343388671875	0.366025390625	0.43599609375	0.457568359375	0.482548828125	0.51361328125	0.525703125	0.534091796875	0.60009765625	0.647294921875	0.649287109375	0.675478515625	0.70841796875	0.723232421875	0.7721484375	0.88494140625	0.91224609375	0.923076171875	0.926435546875	0.932783203125	0.947431640625	0.960498046875	0.9625	0.964091796875	0.965673828125	0.962958984375	0.96462890625	0.96337890625	0.965078125
0.0009765625	0.069892578125	0.07685546875	0.087333984375	0.090400390625	0.095693359375	0.11900390625	0.2	0.26939453125	0.303310546875	0.314990234375	0.325673828125	0.342001953125	0.375634765625	0.4309765625	0.46130859375	0.483662109375	0.510771484375	0.522822265625	0.53701171875	0.587431640625	0.63837890625	0.654990234375	0.67513671875	0.7069140625	0.740263671875	0.824267578125	0.88912109375	0.915380859375	0.925078125	0.92896484375	0.943359375	0.954814453125	0.962109375	0.963837890625	0.9634765625	0.965390625	0.962734375	0.962578125	0.9654296875	0.96353515625
0.0009765625	0.028994140625	0.080068359375	0.089580078125	0.088681640625	0.09287109375	0.123896484375	0.1878125	0.262060546875	0.30064453125	0.312353515625	0.32671875	0.339130859375	0.3760546875	0.420908203125	0.457451171875	0.482314453125	0.50439453125	0.51953125	0.54248046875	0.58712890625	0.6340625	0.656904296875	0.687041015625	0.7057421875	0.751650390625	0.83509765625	0.8902734375	0.911513671875	0.926103515625	0.93298828125	0.943623046875	0.95892578125	0.9616015625	0.9639453125	0.963505859375	0.96306640625	0.963310546875	0.964716796875	0.964423828125	0.965126953125
0.0009765625	0.02330078125	0.084443359375	0.086845703125	0.08650390625	0.08849609375	0.152138671875	0.186513671875	0.259443359375	0.293583984375	0.310654296875	0.326591796875	0.351591796875	0.379296875	0.420439453125	0.444296875	0.483935546875	0.503994140625	0.526884765625	0.5498828125	0.58814453125	0.637353515625	0.658095703125	0.687421875	0.728857421875	0.767841796875	0.84888671875	0.897626953125	0.91326171875	0.928134765625	0.939951171875	0.95548828125	0.959638671875	0.962333984375	0.963388671875	0.96357421875	0.963056640625	0.9655078125	0.965068359375	0.965078125	0.9655078125
0.0009765625	0.022001953125	0.071630859375	0.0811328125	0.088564453125	0.104951171875	0.152705078125	0.201044921875	0.2532421875	0.284677734375	0.314326171875	0.328974609375	0.355517578125	0.381259765625	0.42404296875	0.44716796875	0.48353515625	0.497890625	0.524892578125	0.546748046875	0.589365234375	0.615791015625	0.66408203125	0.697900390625	0.731923828125	0.81607421875	0.85552734375	0.89857421875	0.918046875	0.93623046875	0.94830078125	0.955029296875	0.960185546875	0.962744140625	0.9633203125	0.962060546875	0.963359375	0.964912109375	0.965400390625	0.96482421875	0.966220703125
0.0009765625	0.0151171875	0.040322265625	0.08806640625	0.085634765625	0.1126171875	0.15208984375	0.192939453125	0.2493359375	0.285830078125	0.299189453125	0.332734375	0.352900390625	0.381474609375	0.41724609375	0.446962890625	0.479462890625	0.508037109375	0.530166015625	0.57296875	0.6001953125	0.61890625	0.6785546875	0.698642578125	0.755478515625	0.8308203125	0.865517578125	0.90517578125	0.92712890625	0.9414453125	0.95453125	0.955849609375	0.957890625	0.96392578125	0.963115234375	0.9630859375	0.9634375	0.964482421875	0.96365234375	0.965400390625	0.966865234375
0.0009765625	0.00955078125	0.027265625	0.071591796875	0.081796875	0.106044921875	0.152353515625	0.1962109375	0.222939453125	0.2673046875	0.29755859375	0.33193359375	0.3510546875	0.379169921875	0.4181640625	0.444638671875	0.463056640625	0.504482421875	0.519697265625	0.568447265625	0.588662109375	0.62466796875	0.681845703125	0.718212890625	0.7495703125	0.831044921875	0.87359375	0.9204296875	0.929970703125	0.94154296875	0.955625	0.959423828125	0.962001953125	0.964150390625	0.96380859375	0.96287109375	0.964287109375	0.964326171875	0.965634765625	0.964248046875	0.96462890625
0.0009765625	0.009921875	0.024853515625	0.0411328125	0.08091796875	0.109208984375	0.1434375	0.19521484375	0.223916015625	0.27044921875	0.2944921875	0.320986328125	0.348994140625	0.377919921875	0.416474609375	0.44640625	0.469560546875	0.501015625	0.527236328125	0.5639453125	0.590400390625	0.632666015625	0.677177734375	0.72587890625	0.795400390625	0.84822265625	0.89466796875	0.923017578125	0.936796875	0.949580078125	0.95486328125	0.95849609375	0.96224609375	0.9620703125	0.96390625	0.965048828125	0.964697265625	0.964208984375	0.964130859375	0.965771484375	0.96529296875
0.0009765625	0.008369140625	0.021142578125	0.0473828125	0.0791796875	0.107607421875	0.14416015625	0.186962890625	0.22404296875	0.261689453125	0.281826171875	0.314130859375	0.346279296875	0.377734375	0.408076171875	0.426826171875	0.463310546875	0.497900390625	0.52494140625	0.565	0.58220703125	0.625986328125	0.685400390625	0.736142578125	0.804208984375	0.84671875	0.9018359375	0.9234765625	0.939033203125	0.950205078125	0.953408203125	0.95951171875	0.961376953125	0.962861328125	0.963564453125	0.96369140625	0.9655859375	0.9639453125	0.96431640625	0.965078125	0.9649609375
0.0009765625	0.006943359375	0.019609375	0.03681640625	0.076796875	0.127275390625	0.156044921875	0.174443359375	0.21970703125	0.26068359375	0.28818359375	0.3090625	0.33951171875	0.36978515625	0.40912109375	0.428984375	0.462802734375	0.48326171875	0.52755859375	0.565517578125	0.592685546875	0.638662109375	0.7031640625	0.741318359375	0.8209765625	0.886005859375	0.907216796875	0.933251953125	0.946259765625	0.953583984375	0.95638671875	0.957978515625	0.96244140625	0.963896484375	0.964384765625	0.965185546875	0.965244140625	0.9646484375	0.9666796875	0.9647265625	0.96521484375
0.0009765625	0.00810546875	0.019697265625	0.02537109375	0.0977734375	0.12603515625	0.1453125	0.168603515625	0.222880859375	0.26142578125	0.2859375	0.310439453125	0.331220703125	0.3714453125	0.409951171875	0.428447265625	0.4678515625	0.48994140625	0.54626953125	0.5648046875	0.610458984375	0.64810546875	0.7237890625	0.784091796875	0.8633203125	0.89359375	0.913505859375	0.93376953125	0.948310546875	0.954423828125	0.9553125	0.959755859375	0.961884765625	0.963251953125	0.964404296875	0.964833984375	0.9653125	0.9651953125	0.964912109375	0.96484375	0.96517578125
0.0009765625	0.004873046875	0.01658203125	0.027578125	0.052587890625	0.121025390625	0.14650390625	0.170458984375	0.200791015625	0.254638671875	0.28720703125	0.29888671875	0.327529296875	0.352529296875	0.400478515625	0.42744140625	0.459375	0.483203125	0.5410546875	0.569228515625	0.603115234375	0.659169921875	0.712900390625	0.837587890625	0.863291015625	0.898515625	0.916806640625	0.94462890625	0.950546875	0.9527734375	0.9558203125	0.957568359375	0.96421875	0.963486328125	0.96396484375	0.965673828125	0.96478515625	0.9626171875	0.964541015625	0.965166015625	0.963330078125
0.0009765625	0.00615234375	0.0162890625	0.025478515625	0.051806640625	0.12255859375	0.146064453125	0.16240234375	0.1985546875	0.245439453125	0.280849609375	0.30125	0.3222265625	0.34833984375	0.402421875	0.428603515625	0.460693359375	0.48	0.54068359375	0.57015625	0.609697265625	0.703046875	0.7825	0.848759765625	0.865498046875	0.900576171875	0.9180859375	0.946552734375	0.952666015625	0.955244140625	0.957744140625	0.962783203125	0.96197265625	0.963955078125	0.963818359375	0.96513671875	0.964716796875	0.964580078125	0.966484375	0.9668359375	0.9651953125
0.0009765625	0.00474609375	0.012060546875	0.021103515625	0.0487890625	0.072646484375	0.13841796875	0.1607421875	0.198876953125	0.21845703125	0.251298828125	0.296875	0.32318359375	0.347998046875	0.38517578125	0.4141015625	0.457451171875	0.479921875	0.533330078125	0.572294921875	0.603359375	0.771181640625	0.82541015625	0.85951171875	0.881484375	0.89873046875	0.935029296875	0.946943359375	0.9521484375	0.954599609375	0.956181640625	0.9615234375	0.962529296875	0.964443359375	0.9647265625	0.964091796875	0.96412109375	0.9649609375	0.966025390625	0.963193359375	0.965029296875
0.0009765625	0.004833984375	0.012763671875	0.022197265625	0.04640625	0.0755859375	0.138916015625	0.160595703125	0.177822265625	0.218095703125	0.254052734375	0.294560546875	0.3087109375	0.347373046875	0.37919921875	0.42232421875	0.444873046875	0.48162109375	0.549541015625	0.57892578125	0.645009765625	0.792265625	0.83298828125	0.861259765625	0.876376953125	0.917744140625	0.934306640625	0.94400390625	0.948740234375	0.954921875	0.958291015625	0.9615234375	0.962587890625	0.963056640625	0.964111328125	0.965322265625	0.96453125	0.9648828125	0.96560546875	0.965224609375	0.964287109375
0.0009765625	0.005556640625	0.01060546875	0.0216796875	0.046435546875	0.077724609375	0.139267578125	0.160888671875	0.178740234375	0.217626953125	0.2506640625	0.27646484375	0.3165625	0.343759765625	0.376376953125	0.406142578125	0.456650390625	0.487236328125	0.54671875	0.62380859375	0.778056640625	0.8185546875	0.8302734375	0.870166015625	0.900537109375	0.926865234375	0.93494140625	0.94791015625	0.951767578125	0.955625	0.9569140625	0.96111328125	0.962158203125	0.964013671875	0.963369140625	0.9638671875	0.96470703125	0.965439453125	0.966357421875	0.9655078125	0.96671875
0.0009765625	0.003623046875	0.010810546875	0.017646484375	0.04501953125	0.074794921875	0.085810546875	0.15380859375	0.177265625	0.201474609375	0.250478515625	0.277421875	0.296923828125	0.338525390625	0.37654296875	0.405693359375	0.462568359375	0.497587890625	0.60212890625	0.759365234375	0.78396484375	0.8196875	0.847470703125	0.88564453125	0.907646484375	0.925126953125	0.9355078125	0.947861328125	0.95083984375	0.95525390625	0.958662109375	0.961552734375	0.964599609375	0.964423828125	0.96470703125	0.965546875	0.96572265625	0.965078125	0.96673828125	0.96537109375	0.966943359375
0.0009765625	0.00365234375	0.01064453125	0.0168359375	0.043017578125	0.07546875	0.08796875	0.15306640625	0.1765234375	0.200263671875	0.25083984375	0.27365234375	0.295068359375	0.331259765625	0.371796875	0.404541015625	0.51677734375	0.571767578125	0.725693359375	0.7751171875	0.78833984375	0.81912109375	0.872783203125	0.886796875	0.918564453125	0.927314453125	0.937060546875	0.946875	0.95203125	0.9559375	0.95888671875	0.962041015625	0.962626953125	0.963701171875	0.965830078125	0.96455078125	0.96453125	0.9666015625	0.96484375	0.965625	0.96548828125
0.0009765625	0.00341796875	0.006865234375	0.021748046875	0.034521484375	0.054111328125	0.0867578125	0.154560546875	0.167822265625	0.194951171875	0.2119140625	0.271240234375	0.292236328125	0.31130859375	0.376240234375	0.50849609375	0.482705078125	0.726416015625	0.758427734375	0.77580078125	0.783564453125	0.862060546875	0.878232421875	0.89150390625	0.91943359375	0.926513671875	0.935283203125	0.949873046875	0.95232421875	0.956591796875	0.9562109375	0.96119140625	0.96265625	0.962314453125	0.9645703125	0.964794921875	0.96251953125	0.96521484375	0.96484375	0.9653515625	0.965888671875
0.0009765625	0.003037109375	0.009501953125	0.01771484375	0.0390625	0.056044921875	0.085283203125	0.1011328125	0.168603515625	0.19404296875	0.215791015625	0.269619140625	0.29107421875	0.343662109375	0.5521484375	0.534150390625	0.715458984375	0.749111328125	0.76693359375	0.81173828125	0.83880859375	0.86083984375	0.87830078125	0.90259765625	0.918984375	0.930205078125	0.937705078125	0.948076171875	0.95142578125	0.954306640625	0.9592578125	0.960703125	0.962802734375	0.963388671875	0.963701171875	0.96388671875	0.964931640625	0.966865234375	0.963994140625	0.964228515625	0.964736328125
0.0009765625	0.00400390625	0.00669921875	0.018134765625	0.03853515625	0.05564453125	0.0840234375	0.101689453125	0.165107421875	0.19341796875	0.215517578125	0.256796875	0.290869140625	0.636845703125	0.63193359375	0.618876953125	0.740302734375	0.755927734375	0.801318359375	0.81828125	0.84591796875	0.870263671875	0.883720703125	0.906103515625	0.922529296875	0.926005859375	0.9392578125	0.94880859375	0.95197265625	0.955810546875	0.959208984375	0.958759765625	0.96201171875	0.9638671875	0.964306640625	0.964267578125	0.964677734375	0.9657421875	0.96474609375	0.964697265625	0.965517578125
0.0009765625	0.0030859375	0.00814453125	0.0208203125	0.038125	0.055966796875	0.086337890625	0.098896484375	0.167080078125	0.186337890625	0.207646484375	0.25029296875	0.38392578125	0.6550390625	0.635185546875	0.731611328125	0.742919921875	0.755634765625	0.807060546875	0.819970703125	0.8528125	0.866376953125	0.893662109375	0.91060546875	0.9237109375	0.92931640625	0.94189453125	0.947646484375	0.9509375	0.955400390625	0.957958984375	0.9593359375	0.96021484375	0.963232421875	0.96232421875	0.965078125	0.964453125	0.964775390625	0.967216796875	0.964208984375	0.9653125
0.0009765625	0.003154296875	0.0070703125	0.0184765625	0.038486328125	0.055224609375	0.065517578125	0.098955078125	0.163671875	0.18796875	0.209306640625	0.50765625	0.666083984375	0.658662109375	0.71564453125	0.73166015625	0.740732421875	0.790771484375	0.806083984375	0.841044921875	0.8544140625	0.87025390625	0.89607421875	0.910234375	0.911748046875	0.928515625	0.93740234375	0.947783203125	0.952236328125	0.9539453125	0.9580078125	0.96046875	0.960322265625	0.9635546875	0.96298828125	0.965390625	0.964052734375	0.965673828125	0.9657421875	0.96443359375	0.9653125
0.0009765625	0.0025390625	0.0059765625	0.019462890625	0.031455078125	0.04626953125	0.065615234375	0.098134765625	0.11484375	0.186787109375	0.20056640625	0.652333984375	0.653740234375	0.68720703125	0.71974609375	0.73583984375	0.773037109375	0.79904296875	0.809970703125	0.83740234375	0.853291015625	0.880078125	0.899951171875	0.90732421875	0.917412109375	0.9277734375	0.937373046875	0.945322265625	0.95173828125	0.9543359375	0.95734375	0.959072265625	0.960537109375	0.96240234375	0.96310546875	0.963427734375	0.964423828125	0.96443359375	0.966025390625	0.964990234375	0.964736328125
0.0009765625	0.002421875	0.007587890625	0.019853515625	0.032724609375	0.047392578125	0.064814453125	0.09771484375	0.116103515625	0.188779296875	0.587890625	0.603701171875	0.659560546875	0.675927734375	0.723232421875	0.74361328125	0.7783984375	0.791435546875	0.829619140625	0.84078125	0.860068359375	0.883935546875	0.889873046875	0.91076171875	0.91572265625	0.92826171875	0.936875	0.9465625	0.949697265625	0.9540625	0.95673828125	0.9591015625	0.961044921875	0.962119140625	0.961767578125	0.963779296875	0.964541015625	0.964873046875	0.96697265625	0.965478515625	0.964638671875
0.0009765625	0.003037109375	0.00671875	0.019013671875	0.033232421875	0.0466015625	0.06498046875	0.098701171875	0.116162109375	0.3834375	0.57990234375	0.573916015625	0.66380859375	0.6716796875	0.725751953125	0.74537109375	0.780205078125	0.7945703125	0.831064453125	0.84595703125	0.8671484375	0.88626953125	0.896591796875	0.91115234375	0.916259765625	0.932265625	0.9367578125	0.94662109375	0.94955078125	0.95498046875	0.957119140625	0.95796875	0.96056640625	0.96076171875	0.962001953125	0.963525390625	0.96361328125	0.965283203125	0.965478515625	0.965673828125	0.965185546875
0.0009765625	0.0026953125	0.00654296875	0.01751953125	0.03201171875	0.04677734375	0.065810546875	0.079833984375	0.116044921875	0.36380859375	0.5724609375	0.54873046875	0.659990234375	0.668017578125	0.718759765625	0.74326171875	0.785458984375	0.79759765625	0.828759765625	0.852265625	0.866572265625	0.88486328125	0.89259765625	0.906953125	0.917822265625	0.9321484375	0.9367578125	0.9469921875	0.94919921875	0.953603515625	0.956083984375	0.9569140625	0.958291015625	0.959833984375	0.962666015625	0.962373046875	0.96541015625	0.964658203125	0.96478515625	0.96396484375	0.966630859375
0.0009765625	0.002236328125	0.008818359375	0.018505859375	0.03037109375	0.048115234375	0.069169921875	0.08412109375	0.3475390625	0.357158203125	0.54435546875	0.555927734375	0.65626953125	0.678251953125	0.72361328125	0.749892578125	0.7862890625	0.807158203125	0.8328125	0.8558203125	0.86662109375	0.879501953125	0.894560546875	0.89978515625	0.915400390625	0.929521484375	0.937353515625	0.9464453125	0.948271484375	0.95353515625	0.95470703125	0.957861328125	0.95822265625	0.959912109375	0.961806640625	0.96326171875	0.964814453125	0.96517578125	0.965556640625	0.9662109375	0.9651171875
0.0009765625	0.00216796875	0.008681640625	0.017314453125	0.02916015625	0.040498046875	0.0608203125	0.233212890625	0.343916015625	0.35251953125	0.39365234375	0.55322265625	0.632314453125	0.676298828125	0.718701171875	0.745693359375	0.790732421875	0.823408203125	0.83501953125	0.858232421875	0.85951171875	0.8779296875	0.890546875	0.8995703125	0.912119140625	0.92033203125	0.933828125	0.943330078125	0.945615234375	0.95384765625	0.956064453125	0.958046875	0.9570703125	0.96009765625	0.960751953125	0.96140625	0.96275390625	0.962900390625	0.966064453125	0.96453125	0.966474609375
0.0009765625	0.002333984375	0.00841796875	0.018017578125	0.031259765625	0.045146484375	0.089677734375	0.238076171875	0.3349609375	0.34591796875	0.39701171875	0.550517578125	0.633984375	0.674189453125	0.73494140625	0.77564453125	0.8013671875	0.8326171875	0.850078125	0.860673828125	0.86548828125	0.877177734375	0.88677734375	0.896083984375	0.910732421875	0.920546875	0.9329296875	0.945458984375	0.94947265625	0.952822265625	0.954833984375	0.9559375	0.957607421875	0.95919921875	0.959580078125	0.961552734375	0.96345703125	0.962998046875	0.963837890625	0.964833984375	0.963994140625
0.0009765625	0.002451171875	0.009091796875	0.017783203125	0.03212890625	0.1030859375	0.175439453125	0.2320703125	0.2653515625	0.3380078125	0.397958984375	0.54865234375	0.572255859375	0.677470703125	0.73623046875	0.779736328125	0.82056640625	0.8290625	0.854287109375	0.86427734375	0.867705078125	0.872578125	0.88353515625	0.89677734375	0.901669921875	0.91912109375	0.93359375	0.942666015625	0.94861328125	0.952666015625	0.954482421875	0.95642578125	0.95609375	0.9557421875	0.9569921875	0.959873046875	0.96103515625	0.96361328125	0.964013671875	0.964404296875	0.963779296875
0.0009765625	0.001953125	0.00875	0.016328125	0.03154296875	0.1265234375	0.1745703125	0.232490234375	0.267216796875	0.347236328125	0.397998046875	0.5473046875	0.57265625	0.680048828125	0.739794921875	0.7840234375	0.821650390625	0.8458203125	0.85490234375	0.865048828125	0.866689453125	0.871005859375	0.88134765625	0.885634765625	0.899736328125	0.917177734375	0.933271484375	0.94361328125	0.949921875	0.954150390625	0.9552734375	0.9556640625	0.95580078125	0.955927734375	0.9571875	0.959052734375	0.96142578125	0.96310546875	0.964345703125	0.964287109375	0.965556640625
0.0009765625	0.002158203125	0.008271484375	0.01818359375	0.07751953125	0.131396484375	0.1746484375	0.2325390625	0.26798828125	0.3481640625	0.406572265625	0.442529296875	0.574345703125	0.670732421875	0.749921875	0.8003515625	0.82873046875	0.84140625	0.8565234375	0.86076171875	0.86318359375	0.837421875	0.875966796875	0.886806640625	0.89923828125	0.912080078125	0.929306640625	0.9446484375	0.9500390625	0.95390625	0.953681640625	0.954052734375	0.954775390625	0.956474609375	0.954697265625	0.956650390625	0.957275390625	0.961455078125	0.9621484375	0.96466796875	0.965712890625
0.0009765625	0.00244140625	0.009150390625	0.031484375	0.083046875	0.1112109375	0.171611328125	0.200478515625	0.272392578125	0.3521875	0.401708984375	0.449404296875	0.575087890625	0.676904296875	0.750703125	0.797607421875	0.845263671875	0.8490625	0.8520703125	0.85791015625	0.86779296875	0.878671875	0.8770703125	0.879033203125	0.886279296875	0.902109375	0.9280859375	0.942294921875	0.950732421875	0.95404296875	0.954169921875	0.957158203125	0.955810546875	0.95513671875	0.955908203125	0.95638671875	0.9577734375	0.96091796875	0.963203125	0.965859375	0.966845703125
0.0009765625	0.00296875	0.01533203125	0.044765625	0.075859375	0.109267578125	0.1491796875	0.201455078125	0.2758203125	0.300546875	0.40943359375	0.4505859375	0.483544921875	0.676513671875	0.74712890625	0.825	0.846318359375	0.8493359375	0.84720703125	0.858759765625	0.86802734375	0.875546875	0.87693359375	0.878193359375	0.8819140625	0.898583984375	0.927236328125	0.94349609375	0.948134765625	0.951640625	0.95298828125	0.9566015625	0.95658203125	0.955087890625	0.9553515625	0.956494140625	0.95583984375	0.95787109375	0.9599609375	0.965693359375	0.96560546875
0.0009765625	0.003154296875	0.0214453125	0.047353515625	0.073701171875	0.115947265625	0.15796875	0.2040234375	0.277255859375	0.3090234375	0.41185546875	0.467744140625	0.493125	0.670869140625	0.7808203125	0.84099609375	0.845576171875	0.85013671875	0.846513671875	0.8522265625	0.86791015625	0.87630859375	0.878408203125	0.879912109375	0.88033203125	0.88642578125	0.920048828125	0.942802734375	0.948642578125	0.950009765625	0.954609375	0.953974609375	0.95494140625	0.954140625	0.9559375	0.956513671875	0.957109375	0.955302734375	0.95919921875	0.96365234375	0.964326171875
0.0009765625	0.003974609375	0.022861328125	0.046396484375	0.08341796875	0.114013671875	0.161357421875	0.199638671875	0.276259765625	0.316435546875	0.41080078125	0.4832421875	0.493505859375	0.6045703125	0.799833984375	0.837646484375	0.846953125	0.85056640625	0.847890625	0.8495703125	0.86576171875	0.878603515625	0.876142578125	0.8769921875	0.881123046875	0.882197265625	0.903037109375	0.942529296875	0.946455078125	0.94935546875	0.95505859375	0.954462890625	0.955703125	0.95708984375	0.955927734375	0.95728515625	0.95654296875	0.9554296875	0.95693359375	0.96322265625	0.96447265625
0.0009765625	0.005068359375	0.0243359375	0.04505859375	0.082939453125	0.116787109375	0.16888671875	0.21873046875	0.277568359375	0.32220703125	0.411064453125	0.492021484375	0.49408203125	0.492236328125	0.84	0.8359765625	0.843720703125	0.85068359375	0.847763671875	0.849365234375	0.864755859375	0.877216796875	0.876787109375	0.878203125	0.8787109375	0.879794921875	0.88029296875	0.947587890625	0.94771484375	0.94783203125	0.9565625	0.95431640625	0.95671875	0.955341796875	0.9554296875	0.9551171875	0.955458984375	0.95552734375	0.95435546875	0.954951171875	0.96435546875
0.0009765625	0.0058984375	0.020419921875	0.05072265625	0.0766015625	0.113876953125	0.16822265625	0.219775390625	0.2208984375	0.32279296875	0.322841796875	0.488955078125	0.492470703125	0.492998046875	0.844365234375	0.838388671875	0.83609375	0.850654296875	0.8466015625	0.846318359375	0.8477734375	0.879541015625	0.875810546875	0.877158203125	0.876708984375	0.8798046875	0.878515625	0.947060546875	0.946435546875	0.948056640625	0.947041015625	0.95552734375	0.95376953125	0.957255859375	0.95501953125	0.95640625	0.9559375	0.955556640625	0.95697265625	0.95546875	0.95453125
