15.072	46.096000000000004	45.919999999999995	46.57600000000001	46.144000000000005	46.096000000000004	49.215999999999994	53.472	54.751999999999995	54.4	56.33600000000001	55.632000000000005	55.632	56.464	57.471999999999994	57.36	58.336	57.535999999999994	57.472	58.352000000000004	59.056	248.32	254.32000000000002	348.96	342.336	465.40799999999996	462.768	69.00800000000001	68.416	68.16	69.024	67.232	67.76	65.91999999999999	66.368	66.048	66.432	66.464	65.11999999999999	65.85600000000001	66.032
15.344000000000001	46.416	46.976	47.504000000000005	47.024	47.296	49.104	52.160000000000004	53.696000000000005	54.128	55.391999999999996	55.632000000000005	56.032	56.224000000000004	57.408	58.144	57.888000000000005	57.712	59.04	58.83200000000001	162.24	278.464	250.064	365.712	423.632	465.31199999999995	442.0	67.85600000000001	68.0	68.032	69.21600000000001	67.264	67.072	65.93599999999999	66.8	64.848	66.112	66.976	65.68	66.48	66.47999999999999
14.384	46.032	47.455999999999996	47.03999999999999	45.471999999999994	46.64000000000001	48.672	53.087999999999994	54.08	54.88	56.35200000000001	55.95199999999999	55.264	56.336	57.711999999999996	57.08800000000001	58.256	59.36	59.263999999999996	83.31200000000001	193.536	270.624	278.368	291.216	407.67999999999995	454.99199999999996	77.68	69.664	67.21600000000001	67.472	67.04	66.64	65.2	66.352	66.096	64.864	65.712	65.648	65.84	65.28	65.664
14.751999999999999	47.08800000000001	46.288	46.76800000000001	46.176	48.224	49.472	50.592	54.496	55.16799999999999	55.16799999999999	56.096000000000004	55.168	56.976	57.504	57.68	58.64	59.599999999999994	58.88	82.928	151.168	195.12	285.68	346.576	438.9119999999999	82.97600000000001	71.18400000000001	67.904	66.688	65.584	66.24000000000001	66.704	66.688	65.72800000000001	65.92	65.76	66.84800000000001	65.744	65.616	65.696	64.416
14.015999999999998	40.48	45.2	46.688	46.86399999999999	48.367999999999995	48.096000000000004	51.168	52.896	55.232	54.096	56.768	56.25599999999999	55.519999999999996	56.704	57.919999999999995	58.400000000000006	56.89600000000001	57.76	73.84	151.184	232.38400000000001	293.36	397.05600000000004	411.92	81.72800000000001	69.84	68.63999999999999	68.32000000000001	66.81599999999999	68.416	67.024	66.22399999999999	66.592	64.944	66.736	65.91999999999999	65.696	65.104	66.464	66.19200000000001
15.903999999999998	36.768	46.32	47.2	46.016000000000005	46.656000000000006	49.888000000000005	51.599999999999994	53.552	53.44	54.09599999999999	54.512	54.46399999999999	56.352000000000004	55.647999999999996	56.672000000000004	56.912000000000006	58.208	69.13600000000001	97.648	162.864	242.99200000000002	287.37600000000003	348.368	93.488	79.744	68.848	68.384	67.664	66.976	65.85600000000001	66.688	65.67999999999999	66.8	66.848	66.016	66.256	66.976	66.56	66.48	65.824
14.336000000000002	35.84	47.04	46.208	46.224000000000004	47.967999999999996	49.184000000000005	50.879999999999995	53.152	55.424000000000014	54.736000000000004	55.29600000000001	56.656	55.64800000000001	56.239999999999995	57.839999999999996	58.336	58.528000000000006	72.256	98.192	176.688	223.2	284.832	101.152	87.47200000000001	69.96799999999999	69.712	67.488	66.112	66.864	66.592	66.256	65.28	66.27199999999999	66.28800000000001	65.616	65.36	65.47200000000001	65.264	64.688	64.96
14.304000000000002	35.008	40.512	45.80800000000001	46.176	47.552	50.032000000000004	50.96	53.376000000000005	53.584	53.936	55.792	55.55199999999999	55.92	57.63199999999999	56.83200000000001	58.944	76.608	93.36	118.816	184.64000000000001	197.02400000000003	118.11200000000001	100.32	75.088	70.976	68.592	67.408	67.312	67.04	66.448	65.28	65.36	64.448	65.424	66.16	65.408	66.27199999999999	66.352	64.272	67.31200000000001
15.904	31.567999999999998	38.912	44.96	46.959999999999994	46.848	50.16	51.024	53.120000000000005	53.696000000000005	53.93600000000001	56.623999999999995	55.68	56.736	56.016	58.0	59.232	78.848	96.976	163.21599999999998	170.32000000000002	223.55200000000002	109.968	76.16	73.824	69.824	68.91199999999999	67.456	66.624	66.256	65.232	66.17599999999999	66.4	65.76	65.744	65.728	66.736	66.288	66.352	65.856	66.0
13.744	30.896	37.472	41.184	46.208	46.816	50.48	51.456	52.352	54.32	55.152	54.944	55.80799999999999	56.624	56.22399999999999	57.296	70.96000000000001	65.376	80.544	138.448	150.19199999999998	131.088	106.928	76.88000000000001	71.936	70.36800000000001	66.88	68.096	66.192	66.14399999999999	66.768	66.08	66.24000000000001	64.752	66.144	66.256	66.16	66.8	66.12799999999999	64.70400000000001	66.592
14.943999999999999	29.823999999999995	36.448	41.68000000000001	46.112	46.72	49.072	51.232	52.336	52.64	54.384	53.824	54.848	55.664	57.647999999999996	58.176	66.16	87.168	108.14399999999998	145.45600000000002	177.264	135.968	75.50399999999999	78.36800000000001	72.01599999999999	69.824	67.888	68.096	67.536	66.544	66.11200000000001	66.176	66.06400000000001	67.104	66.512	65.856	68.448	66.24	64.912	66.06400000000001	65.84
15.008	31.471999999999998	36.176	42.0	48.111999999999995	50.272000000000006	50.19200000000001	49.824	52.416	53.92	53.504000000000005	53.872	55.696	55.232	56.44799999999999	72.19200000000001	57.024	78.52799999999999	113.39200000000001	171.26399999999998	148.16	81.904	77.664	76.192	70.768	68.464	68.12799999999999	68.656	64.52799999999999	66.8	66.992	65.936	66.08	66.096	65.408	65.68	65.2	66.336	67.77600000000001	65.85600000000001	66.4
14.928	30.031999999999996	35.088	38.416	46.56	49.647999999999996	50.416000000000004	51.664	54.352000000000004	54.528	53.52	54.976	54.4	55.872	62.848	66.592	71.584	90.63999999999999	128.72	161.93599999999998	132.176	81.03999999999999	77.72800000000001	73.728	69.536	67.72800000000001	68.4	66.304	65.76	65.056	65.888	65.952	66.448	65.76	66.336	64.96	64.64	65.488	65.6	65.936	65.296
14.511999999999999	27.856	35.248000000000005	37.12	43.216	48.128	49.648	51.088	51.344	53.504000000000005	54.01599999999999	54.512	54.592	56.720000000000006	57.376	73.648	75.072	119.168	160.28799999999998	156.144	86.70400000000001	78.128	76.70400000000001	70.464	68.24	68.928	67.248	65.424	65.824	66.32000000000001	65.84	66.0	66.992	64.832	65.504	65.68	64.64	66.464	65.792	65.856	66.368
15.056000000000001	28.223999999999997	35.296	39.552	44.608000000000004	49.936	50.400000000000006	50.288000000000004	50.656	53.26400000000001	55.66400000000001	55.088	54.816	55.80799999999999	63.55200000000001	70.73599999999999	106.38400000000001	98.544	157.82399999999998	93.504	83.83999999999999	79.808	73.504	70.016	69.344	68.992	68.832	66.99199999999999	66.41600000000001	67.824	65.12	65.488	67.184	65.456	66.464	66.848	64.80000000000001	64.656	65.888	66.33600000000001	64.304
15.312000000000001	26.624000000000002	32.848	37.168	41.471999999999994	44.65599999999999	50.19199999999999	49.63199999999999	52.864	50.496	52.528	53.536	54.896	55.584	69.42399999999999	62.832	101.12	183.92000000000002	93.456	88.064	87.232	74.992	70.56	70.032	68.816	66.832	66.896	67.67999999999999	65.92	66.912	66.944	64.544	64.944	65.744	66.44800000000001	66.032	65.392	67.024	65.88799999999999	64.89599999999999	64.816
13.984000000000002	25.584	32.70399999999999	36.879999999999995	42.608000000000004	44.976	50.592	50.064	50.512	52.336	52.832	54.768	55.2	71.088	78.59199999999998	110.96	159.77599999999998	172.70399999999998	91.344	86.41600000000001	85.74399999999999	73.71199999999999	70.64	69.6	69.12	66.544	65.68	65.77600000000001	65.75999999999999	65.968	66.256	66.70400000000001	65.584	65.952	65.44	65.6	65.31200000000001	66.4	66.848	64.896	65.488
13.76	25.887999999999998	32.72	35.872	42.72	45.744	48.912	49.632000000000005	50.016	51.072	54.111999999999995	54.672000000000004	75.216	57.12	128.576	100.896	167.216	103.44	95.04	90.576	74.032	71.03999999999999	72.368	69.24799999999999	67.216	67.632	66.688	67.136	65.712	66.176	66.416	65.552	64.928	65.84	66.672	66.368	66.17599999999999	65.44	64.14399999999999	67.072	66.304
14.064	24.688	31.359999999999996	36.0	42.176	43.855999999999995	45.85600000000001	48.208	50.56	51.74399999999999	53.472	53.136	61.488	83.408	107.10400000000001	175.552	112.67200000000001	104.736	97.72800000000001	76.512	73.088	71.75999999999999	70.16	68.52799999999999	68.11200000000001	67.16799999999999	67.84	66.912	66.44800000000001	64.992	66.016	66.576	65.344	66.28800000000001	65.93599999999999	65.47200000000001	65.60000000000001	67.18400000000001	65.776	65.90400000000001	65.80799999999999
14.832	24.272	31.264	35.087999999999994	42.08	44.848	45.072	48.57600000000001	50.224000000000004	51.040000000000006	53.80799999999999	74.60799999999999	68.688	105.152	129.088	178.608	115.21600000000001	108.304	80.336	74.96000000000001	73.936	72.0	69.632	68.70400000000001	67.072	65.63199999999999	67.87200000000001	67.28	66.608	67.136	66.608	66.48	65.696	66.944	65.184	66.448	66.44800000000001	66.688	65.248	66.464	66.08
15.856000000000002	23.296000000000003	29.424	37.056	40.848	44.09599999999999	44.368	51.056	51.648	50.72	51.791999999999994	89.152	76.88	122.992	154.03199999999998	123.392	120.192	81.52	76.704	76.32	74.672	70.72	67.232	68.768	68.592	66.816	66.256	67.392	65.6	66.784	65.488	65.456	66.06400000000001	66.784	65.76	66.432	66.272	66.19200000000001	64.912	65.344	65.328
14.783999999999999	23.936	31.488	34.832	40.432	43.184000000000005	46.864	46.592	50.112	50.751999999999995	76.78399999999999	74.432	141.10399999999998	151.92000000000002	124.19200000000001	130.07999999999998	84.33600000000001	79.6	75.136	72.784	71.312	69.504	68.39999999999999	67.984	66.528	67.664	66.01599999999999	66.736	66.73599999999999	65.376	67.2	65.456	66.224	65.904	66.32	65.75999999999999	66.976	66.096	65.568	65.312	65.472
15.664000000000001	24.352	30.240000000000002	35.152	39.216	43.248000000000005	44.480000000000004	47.056	49.68	108.81599999999999	112.94399999999999	167.456	115.24799999999999	128.44799999999998	137.424	118.70400000000001	80.688	78.016	72.512	71.60000000000001	69.744	69.056	69.024	67.312	68.688	67.136	66.464	67.008	66.44800000000001	65.968	67.376	66.992	64.64	65.168	66.24	64.72	66.208	66.56	65.84	65.76	65.616
15.392	23.792	29.392	37.2	40.928	42.432	44.8	46.78399999999999	50.96	122.32	106.304	172.688	139.856	129.35999999999999	116.33599999999998	80.46400000000001	79.296	75.792	73.504	70.96000000000001	70.176	70.16	68.928	68.08	66.56	67.29599999999999	67.568	65.47200000000001	66.01599999999999	67.568	65.184	67.392	65.984	66.992	66.128	65.32799999999999	66.816	66.624	65.68	64.432	66.944
15.504000000000001	25.567999999999998	28.479999999999997	36.672	40.416000000000004	43.984	44.144	46.111999999999995	49.376	119.13600000000001	197.488	136.84799999999998	131.344	114.0	83.28	78.608	79.008	74.224	71.328	71.392	69.824	70.24	69.24799999999999	67.056	67.92	67.456	67.31200000000001	67.28	65.52000000000001	66.62400000000001	66.368	66.52799999999999	65.952	65.552	66.848	65.584	64.944	65.936	65.648	65.67999999999999	65.568
14.448	21.936	27.536	36.96	39.808	41.28	43.36	46.768	218.032	146.06400000000002	195.456	126.72	123.008	85.71199999999999	82.72	82.0	74.768	74.01599999999999	72.544	70.72	70.512	69.456	69.408	67.152	67.71199999999999	66.768	67.808	65.616	66.352	67.232	66.528	66.78399999999999	65.75999999999999	63.983999999999995	66.512	66.432	66.128	65.504	67.12	65.376	64.432
14.415999999999997	21.648	30.623999999999995	39.552	40.12800000000001	42.208000000000006	44.88	288.8	268.192	265.824	147.776	124.44799999999998	89.136	85.056	78.688	77.232	75.68	74.512	71.168	71.13600000000001	69.50399999999999	69.55199999999999	68.06400000000001	66.064	67.776	67.568	67.616	66.416	67.792	66.784	68.06400000000001	66.736	66.416	64.704	65.40799999999999	66.0	65.408	65.44	65.712	65.648	65.456
14.463999999999999	22.496000000000002	28.671999999999997	34.4	40.672000000000004	43.232	45.056	308.208	408.336	128.12800000000001	120.70400000000001	96.47999999999999	88.144	83.93599999999999	79.056	78.096	75.696	72.688	70.656	70.24000000000001	68.976	70.8	69.52	67.68	67.21600000000001	66.4	66.65599999999999	66.416	67.39200000000001	66.832	66.928	64.56	66.86399999999999	65.61600000000001	65.648	65.52	65.648	66.096	65.744	65.184	64.752
14.256	21.952	30.128	38.176	39.52	42.464	44.38400000000001	390.592	341.23199999999997	113.68	111.232	95.19999999999999	86.208	82.384	78.288	76.608	74.09599999999999	74.496	72.016	70.224	68.592	68.96000000000001	68.288	67.792	68.944	68.11200000000001	66.768	66.944	68.28800000000001	65.888	65.136	65.968	64.896	65.90400000000001	65.80799999999999	65.84	67.264	66.768	66.144	63.744	65.82400000000001
15.424	21.456000000000003	31.456000000000003	36.72	39.28	45.68	394.17600000000004	432.944	110.736	98.368	98.16	93.04	86.32	82.12800000000001	77.136	75.568	73.856	72.128	71.04	70.848	70.65599999999999	68.768	68.368	68.128	66.64	66.44800000000001	66.048	65.952	66.512	66.4	66.67200000000001	65.728	65.984	65.80799999999999	66.832	65.136	66.24	65.63199999999999	66.464	67.472	66.64
14.399999999999999	22.208000000000002	32.224000000000004	34.576	39.296	41.04	442.03200000000004	110.0	108.816	89.15199999999999	83.824	93.50399999999999	83.85600000000001	78.992	75.776	74.672	72.912	71.92	71.184	69.74400000000001	69.952	68.592	67.856	68.512	67.152	67.296	67.056	67.152	66.14399999999999	67.12	65.80799999999999	66.65599999999999	67.072	66.864	67.152	65.72800000000001	66.848	66.64	65.152	65.728	66.208
15.535999999999998	20.624	37.67999999999999	35.279999999999994	47.392	447.984	300.416	97.23199999999999	93.26399999999998	84.608	79.52	89.392	83.91999999999999	79.568	76.224	75.776	72.88000000000001	71.792	70.816	70.208	69.58399999999999	69.888	69.68	68.8	69.056	68.48	67.264	67.03999999999999	66.56	66.176	65.456	67.34400000000001	66.384	66.688	65.69600000000001	65.504	65.408	66.19200000000001	65.16799999999999	66.352	65.42399999999999
14.544	21.744	32.304	34.512	474.176	221.69600000000003	88.896	87.16799999999999	79.152	84.84800000000001	79.232	87.776	84.38400000000001	78.544	75.616	74.768	70.944	71.008	70.88	69.728	69.76	69.11999999999999	68.016	68.8	69.792	67.472	66.19200000000001	67.568	66.464	66.176	66.336	67.568	66.368	66.144	67.008	65.776	64.352	66.944	65.536	66.704	66.112
14.527999999999999	20.944000000000003	35.583999999999996	33.712	444.112	95.136	83.44	85.85600000000001	79.024	83.84	77.80799999999999	84.928	81.552	77.808	75.60000000000001	73.87200000000001	72.49600000000001	70.39999999999999	70.70400000000001	71.312	68.464	68.83200000000001	69.248	67.776	68.17599999999999	67.344	67.28	67.536	65.856	67.072	65.856	66.24000000000001	67.28	67.67999999999999	65.72800000000001	66.208	66.304	65.856	64.32	65.376	66.496
15.904	21.520000000000003	31.936	77.664	162.384	82.704	81.12	82.51199999999999	75.58399999999999	83.00799999999998	77.648	73.472	81.11999999999999	78.336	75.6	73.168	73.888	71.55199999999999	70.592	70.48	70.272	68.27199999999999	69.936	68.976	68.70400000000001	67.75999999999999	66.752	66.624	66.112	66.19200000000001	66.01599999999999	66.16000000000001	65.712	66.49600000000001	67.00800000000001	66.47999999999999	67.84	66.304	65.96799999999999	65.264	67.312
14.655999999999999	26.992	30.592	312.78400000000005	80.544	74.768	78.64	73.104	74.11200000000001	79.696	76.384	73.424	80.24	77.536	74.368	73.536	72.112	70.848	69.792	70.976	70.288	69.696	68.048	68.8	68.464	68.88	67.184	67.232	66.048	66.512	66.624	66.992	66.56	65.74400000000001	65.696	65.21600000000001	65.232	66.784	66.816	66.464	66.99199999999999
15.648000000000001	40.848000000000006	396.24	67.792	70.38399999999999	74.016	70.68799999999999	72.03200000000001	73.72800000000001	70.52799999999999	74.8	73.136	71.36	76.864	74.304	72.39999999999999	71.888	71.504	71.552	70.41600000000001	69.136	69.552	69.232	69.328	69.584	68.816	67.392	67.472	66.304	65.68	66.816	66.144	66.44800000000001	66.336	66.688	65.84	66.672	65.34400000000001	64.28800000000001	64.336	65.456
15.424000000000003	43.808	58.544000000000004	63.80800000000001	66.52799999999999	69.98400000000001	70.496	70.496	72.94399999999999	69.568	75.80799999999999	72.336	70.96000000000001	75.808	74.416	72.94399999999999	72.208	72.528	70.944	70.448	69.92	69.728	70.128	69.888	68.36800000000001	67.712	67.77600000000001	66.512	67.376	66.016	66.448	65.05600000000001	66.944	67.728	65.104	66.4	65.52	65.984	65.44	64.848	65.712
15.072000000000001	320.672	56.36800000000001	63.216	66.256	68.848	68.83200000000001	69.216	73.344	69.632	73.616	71.80799999999999	69.552	78.112	74.17599999999999	71.632	71.792	71.136	70.848	70.992	69.44	69.36	69.808	69.152	67.504	67.408	68.192	67.04	67.696	66.528	66.54400000000001	67.248	67.28	65.71199999999999	66.432	66.192	65.872	66.272	65.056	65.024	66.544
16.32	38.224000000000004	57.296	58.816	65.744	67.96799999999999	68.048	68.32	72.032	69.136	74.736	70.592	67.872	69.68	73.90400000000001	72.24	72.304	70.512	70.60799999999999	70.656	70.83200000000001	69.664	69.392	69.12	69.23199999999999	68.64	69.184	67.552	67.104	67.056	66.464	66.39999999999999	67.024	66.096	66.27199999999999	65.488	67.648	65.792	65.952	67.232	65.2
14.175999999999998	36.592	50.512	57.407999999999994	60.928	62.272	65.696	66.832	67.92	68.62400000000001	68.432	71.28	69.584	68.528	71.71199999999999	72.368	72.064	70.30399999999999	69.808	70.912	70.8	70.304	68.272	69.136	71.568	68.736	68.62400000000001	66.592	66.112	66.336	68.224	66.32	65.04	67.64800000000001	67.008	67.232	66.672	66.368	64.27199999999999	66.192	67.12
