1.0	0.0009765625	0.0009765625	0.0009765625	0.0009765625	0.0009765625
2.0	0.001611328125	0.001513671875	0.001640625	0.001533203125	0.001494140625
3.0	0.00265625	0.00228515625	0.00244140625	0.002353515625	0.00240234375
4.0	0.004111328125	0.00345703125	0.003671875	0.0035546875	0.003466796875
5.0	0.006552734375	0.00544921875	0.005693359375	0.00537109375	0.005
6.0	0.010087890625	0.00865234375	0.00865234375	0.007802734375	0.00751953125
7.0	0.014638671875	0.013017578125	0.01287109375	0.011318359375	0.010830078125
8.0	0.0210546875	0.018974609375	0.019248046875	0.016259765625	0.015634765625
9.0	0.0306640625	0.026943359375	0.027958984375	0.023232421875	0.022421875
10.0	0.0435546875	0.038291015625	0.03984375	0.033095703125	0.03189453125
11.0	0.061982421875	0.053896484375	0.0562109375	0.046357421875	0.04533203125
12.0	0.085849609375	0.074853515625	0.078291015625	0.065185546875	0.060966796875
13.0	0.116298828125	0.10234375	0.10509765625	0.089287109375	0.0807421875
14.0	0.153681640625	0.13587890625	0.1383203125	0.119912109375	0.104482421875
15.0	0.196103515625	0.175966796875	0.176162109375	0.15453125	0.130810546875
16.0	0.240361328125	0.22015625	0.215078125	0.19208984375	0.15923828125
17.0	0.281630859375	0.263916015625	0.25076171875	0.228896484375	0.183740234375
18.0	0.317236328125	0.3045703125	0.2812109375	0.25986328125	0.20330078125
19.0	0.34333984375	0.3330859375	0.30052734375	0.285	0.217158203125
20.0	0.3574609375	0.351845703125	0.31171875	0.2986328125	0.224931640625
21.0	0.359365234375	0.356875	0.31318359375	0.30177734375	0.227646484375
22.0	0.35064453125	0.3524609375	0.30587890625	0.2966796875	0.225419921875
23.0	0.33263671875	0.337763671875	0.295595703125	0.28513671875	0.220693359375
24.0	0.309365234375	0.3166015625	0.28087890625	0.270458984375	0.2124609375
25.0	0.28333984375	0.292744140625	0.262216796875	0.252978515625	0.201494140625
26.0	0.25658203125	0.26591796875	0.2425390625	0.235126953125	0.1890625
27.0	0.229775390625	0.24009765625	0.222431640625	0.216943359375	0.176591796875
28.0	0.204111328125	0.21337890625	0.200537109375	0.199833984375	0.1641796875
29.0	0.180234375	0.187451171875	0.1802734375	0.180966796875	0.1508984375
30.0	0.157900390625	0.165673828125	0.160849609375	0.16232421875	0.138037109375
31.0	0.13720703125	0.14533203125	0.14220703125	0.14615234375	0.12623046875
32.0	0.12009765625	0.12640625	0.125283203125	0.131162109375	0.11359375
33.0	0.10451171875	0.10994140625	0.10919921875	0.116650390625	0.102705078125
34.0	0.09080078125	0.09533203125	0.09521484375	0.102578125	0.091708984375
35.0	0.078701171875	0.0825390625	0.0824609375	0.090380859375	0.082275390625
36.0	0.06826171875	0.070908203125	0.07166015625	0.078984375	0.073232421875
37.0	0.05859375	0.06083984375	0.061806640625	0.0690234375	0.06484375
38.0	0.050244140625	0.052119140625	0.053662109375	0.060439453125	0.057197265625
39.0	0.042734375	0.044716796875	0.04587890625	0.05279296875	0.050205078125
40.0	0.036513671875	0.037734375	0.039267578125	0.045458984375	0.04388671875
41.0	0.031416015625	0.032724609375	0.033994140625	0.039609375	0.0387890625
42.0	0.02724609375	0.028115234375	0.029208984375	0.0341015625	0.0343359375
43.0	0.02318359375	0.0242578125	0.02484375	0.029423828125	0.029736328125
44.0	0.019833984375	0.020771484375	0.0214453125	0.0253515625	0.02580078125
45.0	0.017021484375	0.017802734375	0.018369140625	0.021826171875	0.022568359375
46.0	0.014697265625	0.015244140625	0.015830078125	0.018681640625	0.019833984375
47.0	0.012509765625	0.0128515625	0.013662109375	0.0163671875	0.01744140625
48.0	0.010791015625	0.011240234375	0.01158203125	0.0139453125	0.014990234375
49.0	0.00919921875	0.0095703125	0.009912109375	0.0119140625	0.01255859375
50.0	0.00796875	0.008125	0.008544921875	0.010078125	0.011083984375
51.0	0.00677734375	0.006796875	0.0073046875	0.008447265625	0.009189453125
52.0	0.005888671875	0.00572265625	0.00607421875	0.00716796875	0.007939453125
53.0	0.005078125	0.00482421875	0.00505859375	0.006298828125	0.006796875
54.0	0.00423828125	0.004150390625	0.00421875	0.00533203125	0.00599609375
55.0	0.003515625	0.003525390625	0.003642578125	0.00447265625	0.00521484375
56.0	0.002998046875	0.003017578125	0.003134765625	0.0038671875	0.004560546875
57.0	0.002587890625	0.00259765625	0.002626953125	0.00337890625	0.003994140625
58.0	0.002265625	0.0022265625	0.002216796875	0.00283203125	0.00349609375
59.0	0.001875	0.001953125	0.001884765625	0.00244140625	0.002939453125
60.0	0.001533203125	0.001728515625	0.00158203125	0.001982421875	0.002509765625
61.0	0.001328125	0.001484375	0.00125	0.001767578125	0.002099609375
62.0	0.0011328125	0.001240234375	0.0009765625	0.001484375	0.00181640625
63.0	0.00099609375	0.001103515625	0.000908203125	0.00123046875	0.0016015625
64.0	0.000849609375	0.001005859375	0.00076171875	0.0009375	0.001337890625
65.0	0.00080078125	0.0008203125	0.000654296875	0.0008203125	0.0011328125
66.0	0.000654296875	0.000703125	0.000546875	0.000771484375	0.000986328125
67.0	0.00056640625	0.000634765625	0.000458984375	0.0006640625	0.000859375
68.0	0.000458984375	0.00056640625	0.00037109375	0.000537109375	0.0007421875
69.0	0.000390625	0.00048828125	0.000322265625	0.000458984375	0.000615234375
70.0	0.000322265625	0.00044921875	0.0002734375	0.000390625	0.000556640625
71.0	0.000283203125	0.0003515625	0.000234375	0.000361328125	0.000458984375
72.0	0.000244140625	0.000302734375	0.000205078125	0.000302734375	0.0003515625
73.0	0.00021484375	0.000263671875	0.0001953125	0.000234375	0.000263671875
74.0	0.00013671875	0.000205078125	0.000185546875	0.00021484375	0.000234375
75.0	0.00013671875	0.00017578125	0.00017578125	0.000166015625	0.00021484375
76.0	9.765625e-5	0.000166015625	0.00013671875	0.000166015625	0.000185546875
77.0	8.7890625e-5	0.000126953125	0.0001171875	0.00015625	0.000166015625
78.0	8.7890625e-5	0.000126953125	0.0001171875	0.00013671875	0.000126953125
79.0	7.8125e-5	0.000126953125	8.7890625e-5	9.765625e-5	0.0001171875
80.0	7.8125e-5	9.765625e-5	7.8125e-5	9.765625e-5	0.000107421875
81.0	5.859375e-5	9.765625e-5	5.859375e-5	7.8125e-5	7.8125e-5
82.0	5.859375e-5	9.765625e-5	4.8828125e-5	6.8359375e-5	5.859375e-5
83.0	5.859375e-5	9.765625e-5	4.8828125e-5	6.8359375e-5	3.90625e-5
84.0	3.90625e-5	8.7890625e-5	3.90625e-5	4.8828125e-5	3.90625e-5
85.0	3.90625e-5	7.8125e-5	3.90625e-5	3.90625e-5	3.90625e-5
86.0	3.90625e-5	4.8828125e-5	3.90625e-5	3.90625e-5	2.9296875e-5
87.0	2.9296875e-5	4.8828125e-5	3.90625e-5	2.9296875e-5	2.9296875e-5
88.0	1.953125e-5	3.90625e-5	2.9296875e-5	1.953125e-5	2.9296875e-5
89.0	9.765625e-6	2.9296875e-5	1.953125e-5	1.953125e-5	2.9296875e-5
90.0	9.765625e-6	2.9296875e-5	9.765625e-6	1.953125e-5	1.953125e-5
91.0	0.0	1.953125e-5	9.765625e-6	1.953125e-5	9.765625e-6
92.0	0.0	1.953125e-5	9.765625e-6	1.953125e-5	9.765625e-6
93.0	0.0	9.765625e-6	9.765625e-6	9.765625e-6	9.765625e-6
94.0	0.0	9.765625e-6	9.765625e-6	9.765625e-6	9.765625e-6
95.0	0.0	9.765625e-6	9.765625e-6	0.0	9.765625e-6
96.0	0.0	9.765625e-6	9.765625e-6	0.0	9.765625e-6
97.0	0.0	0.0	9.765625e-6	0.0	9.765625e-6
98.0	0.0	0.0	9.765625e-6	0.0	9.765625e-6
99.0	0.0	0.0	9.765625e-6	0.0	9.765625e-6
100.0	0.0	0.0	0.0	0.0	9.765625e-6
101.0	0.0	0.0	0.0	0.0	9.765625e-6
102.0	0.0	0.0	0.0	0.0	9.765625e-6
103.0	0.0	0.0	0.0	0.0	9.765625e-6
104.0	0.0	0.0	0.0	0.0	9.765625e-6
105.0	0.0	0.0	0.0	0.0	9.765625e-6
106.0	0.0	0.0	0.0	0.0	9.765625e-6
107.0	0.0	0.0	0.0	0.0	9.765625e-6
108.0	0.0	0.0	0.0	0.0	9.765625e-6
109.0	0.0	0.0	0.0	0.0	9.765625e-6
110.0	0.0	0.0	0.0	0.0	0.0
111.0	0.0	0.0	0.0	0.0	0.0
112.0	0.0	0.0	0.0	0.0	0.0
113.0	0.0	0.0	0.0	0.0	0.0
114.0	0.0	0.0	0.0	0.0	0.0
115.0	0.0	0.0	0.0	0.0	0.0
116.0	0.0	0.0	0.0	0.0	0.0
117.0	0.0	0.0	0.0	0.0	0.0
118.0	0.0	0.0	0.0	0.0	0.0
119.0	0.0	0.0	0.0	0.0	0.0
120.0	0.0	0.0	0.0	0.0	0.0
121.0	0.0	0.0	0.0	0.0	0.0
122.0	0.0	0.0	0.0	0.0	0.0
123.0	0.0	0.0	0.0	0.0	0.0
124.0	0.0	0.0	0.0	0.0	0.0
125.0	0.0	0.0	0.0	0.0	0.0
126.0	0.0	0.0	0.0	0.0	0.0
127.0	0.0	0.0	0.0	0.0	0.0
128.0	0.0	0.0	0.0	0.0	0.0
129.0	0.0	0.0	0.0	0.0	0.0
130.0	0.0	0.0	0.0	0.0	0.0
131.0	0.0	0.0	0.0	0.0	0.0
132.0	0.0	0.0	0.0	0.0	0.0
133.0	0.0	0.0	0.0	0.0	0.0
134.0	0.0	0.0	0.0	0.0	0.0
135.0	0.0	0.0	0.0	0.0	0.0
136.0	0.0	0.0	0.0	0.0	0.0
137.0	0.0	0.0	0.0	0.0	0.0
138.0	0.0	0.0	0.0	0.0	0.0
139.0	0.0	0.0	0.0	0.0	0.0
140.0	0.0	0.0	0.0	0.0	0.0
141.0	0.0	0.0	0.0	0.0	0.0
142.0	0.0	0.0	0.0	0.0	0.0
143.0	0.0	0.0	0.0	0.0	0.0
144.0	0.0	0.0	0.0	0.0	0.0
145.0	0.0	0.0	0.0	0.0	0.0
146.0	0.0	0.0	0.0	0.0	0.0
147.0	0.0	0.0	0.0	0.0	0.0
148.0	0.0	0.0	0.0	0.0	0.0
149.0	0.0	0.0	0.0	0.0	0.0
150.0	0.0	0.0	0.0	0.0	0.0
151.0	0.0	0.0	0.0	0.0	0.0
152.0	0.0	0.0	0.0	0.0	0.0
153.0	0.0	0.0	0.0	0.0	0.0
154.0	0.0	0.0	0.0	0.0	0.0
155.0	0.0	0.0	0.0	0.0	0.0
156.0	0.0	0.0	0.0	0.0	0.0
157.0	0.0	0.0	0.0	0.0	0.0
158.0	0.0	0.0	0.0	0.0	0.0
159.0	0.0	0.0	0.0	0.0	0.0
160.0	0.0	0.0	0.0	0.0	0.0
161.0	0.0	0.0	0.0	0.0	0.0
162.0	0.0	0.0	0.0	0.0	0.0
163.0	0.0	0.0	0.0	0.0	0.0
164.0	0.0	0.0	0.0	0.0	0.0
165.0	0.0	0.0	0.0	0.0	0.0
166.0	0.0	0.0	0.0	0.0	0.0
167.0	0.0	0.0	0.0	0.0	0.0
168.0	0.0	0.0	0.0	0.0	0.0
169.0	0.0	0.0	0.0	0.0	0.0
170.0	0.0	0.0	0.0	0.0	0.0
171.0	0.0	0.0	0.0	0.0	0.0
172.0	0.0	0.0	0.0	0.0	0.0
173.0	0.0	0.0	0.0	0.0	0.0
174.0	0.0	0.0	0.0	0.0	0.0
175.0	0.0	0.0	0.0	0.0	0.0
176.0	0.0	0.0	0.0	0.0	0.0
177.0	0.0	0.0	0.0	0.0	0.0
178.0	0.0	0.0	0.0	0.0	0.0
179.0	0.0	0.0	0.0	0.0	0.0
180.0	0.0	0.0	0.0	0.0	0.0
181.0	0.0	0.0	0.0	0.0	0.0
182.0	0.0	0.0	0.0	0.0	0.0
183.0	0.0	0.0	0.0	0.0	0.0
184.0	0.0	0.0	0.0	0.0	0.0
185.0	0.0	0.0	0.0	0.0	0.0
186.0	0.0	0.0	0.0	0.0	0.0
187.0	0.0	0.0	0.0	0.0	0.0
188.0	0.0	0.0	0.0	0.0	0.0
189.0	0.0	0.0	0.0	0.0	0.0
190.0	0.0	0.0	0.0	0.0	0.0
191.0	0.0	0.0	0.0	0.0	0.0
192.0	0.0	0.0	0.0	0.0	0.0
193.0	0.0	0.0	0.0	0.0	0.0
194.0	0.0	0.0	0.0	0.0	0.0
195.0	0.0	0.0	0.0	0.0	0.0
196.0	0.0	0.0	0.0	0.0	0.0
197.0	0.0	0.0	0.0	0.0	0.0
198.0	0.0	0.0	0.0	0.0	0.0
199.0	0.0	0.0	0.0	0.0	0.0
200.0	0.0	0.0	0.0	0.0	0.0
201.0	0.0	0.0	0.0	0.0	0.0
202.0	0.0	0.0	0.0	0.0	0.0
203.0	0.0	0.0	0.0	0.0	0.0
204.0	0.0	0.0	0.0	0.0	0.0
205.0	0.0	0.0	0.0	0.0	0.0
206.0	0.0	0.0	0.0	0.0	0.0
207.0	0.0	0.0	0.0	0.0	0.0
208.0	0.0	0.0	0.0	0.0	0.0
209.0	0.0	0.0	0.0	0.0	0.0
210.0	0.0	0.0	0.0	0.0	0.0
211.0	0.0	0.0	0.0	0.0	0.0
212.0	0.0	0.0	0.0	0.0	0.0
213.0	0.0	0.0	0.0	0.0	0.0
214.0	0.0	0.0	0.0	0.0	0.0
215.0	0.0	0.0	0.0	0.0	0.0
216.0	0.0	0.0	0.0	0.0	0.0
217.0	0.0	0.0	0.0	0.0	0.0
218.0	0.0	0.0	0.0	0.0	0.0
219.0	0.0	0.0	0.0	0.0	0.0
220.0	0.0	0.0	0.0	0.0	0.0
221.0	0.0	0.0	0.0	0.0	0.0
222.0	0.0	0.0	0.0	0.0	0.0
223.0	0.0	0.0	0.0	0.0	0.0
224.0	0.0	0.0	0.0	0.0	0.0
225.0	0.0	0.0	0.0	0.0	0.0
226.0	0.0	0.0	0.0	0.0	0.0
227.0	0.0	0.0	0.0	0.0	0.0
228.0	0.0	0.0	0.0	0.0	0.0
229.0	0.0	0.0	0.0	0.0	0.0
230.0	0.0	0.0	0.0	0.0	0.0
231.0	0.0	0.0	0.0	0.0	0.0
232.0	0.0	0.0	0.0	0.0	0.0
233.0	0.0	0.0	0.0	0.0	0.0
234.0	0.0	0.0	0.0	0.0	0.0
235.0	0.0	0.0	0.0	0.0	0.0
236.0	0.0	0.0	0.0	0.0	0.0
237.0	0.0	0.0	0.0	0.0	0.0
238.0	0.0	0.0	0.0	0.0	0.0
239.0	0.0	0.0	0.0	0.0	0.0
240.0	0.0	0.0	0.0	0.0	0.0
241.0	0.0	0.0	0.0	0.0	0.0
242.0	0.0	0.0	0.0	0.0	0.0
243.0	0.0	0.0	0.0	0.0	0.0
244.0	0.0	0.0	0.0	0.0	0.0
245.0	0.0	0.0	0.0	0.0	0.0
246.0	0.0	0.0	0.0	0.0	0.0
247.0	0.0	0.0	0.0	0.0	0.0
248.0	0.0	0.0	0.0	0.0	0.0
249.0	0.0	0.0	0.0	0.0	0.0
250.0	0.0	0.0	0.0	0.0	0.0
251.0	0.0	0.0	0.0	0.0	0.0
252.0	0.0	0.0	0.0	0.0	0.0
253.0	0.0	0.0	0.0	0.0	0.0
254.0	0.0	0.0	0.0	0.0	0.0
255.0	0.0	0.0	0.0	0.0	0.0
256.0	0.0	0.0	0.0	0.0	0.0
257.0	0.0	0.0	0.0	0.0	0.0
258.0	0.0	0.0	0.0	0.0	0.0
259.0	0.0	0.0	0.0	0.0	0.0
260.0	0.0	0.0	0.0	0.0	0.0
261.0	0.0	0.0	0.0	0.0	0.0
262.0	0.0	0.0	0.0	0.0	0.0
263.0	0.0	0.0	0.0	0.0	0.0
264.0	0.0	0.0	0.0	0.0	0.0
265.0	0.0	0.0	0.0	0.0	0.0
266.0	0.0	0.0	0.0	0.0	0.0
267.0	0.0	0.0	0.0	0.0	0.0
268.0	0.0	0.0	0.0	0.0	0.0
269.0	0.0	0.0	0.0	0.0	0.0
270.0	0.0	0.0	0.0	0.0	0.0
271.0	0.0	0.0	0.0	0.0	0.0
272.0	0.0	0.0	0.0	0.0	0.0
273.0	0.0	0.0	0.0	0.0	0.0
274.0	0.0	0.0	0.0	0.0	0.0
275.0	0.0	0.0	0.0	0.0	0.0
276.0	0.0	0.0	0.0	0.0	0.0
277.0	0.0	0.0	0.0	0.0	0.0
278.0	0.0	0.0	0.0	0.0	0.0
279.0	0.0	0.0	0.0	0.0	0.0
280.0	0.0	0.0	0.0	0.0	0.0
281.0	0.0	0.0	0.0	0.0	0.0
282.0	0.0	0.0	0.0	0.0	0.0
283.0	0.0	0.0	0.0	0.0	0.0
284.0	0.0	0.0	0.0	0.0	0.0
285.0	0.0	0.0	0.0	0.0	0.0
286.0	0.0	0.0	0.0	0.0	0.0
287.0	0.0	0.0	0.0	0.0	0.0
288.0	0.0	0.0	0.0	0.0	0.0
289.0	0.0	0.0	0.0	0.0	0.0
290.0	0.0	0.0	0.0	0.0	0.0
291.0	0.0	0.0	0.0	0.0	0.0
292.0	0.0	0.0	0.0	0.0	0.0
293.0	0.0	0.0	0.0	0.0	0.0
294.0	0.0	0.0	0.0	0.0	0.0
295.0	0.0	0.0	0.0	0.0	0.0
296.0	0.0	0.0	0.0	0.0	0.0
297.0	0.0	0.0	0.0	0.0	0.0
298.0	0.0	0.0	0.0	0.0	0.0
299.0	0.0	0.0	0.0	0.0	0.0
300.0	0.0	0.0	0.0	0.0	0.0
301.0	0.0	0.0	0.0	0.0	0.0
302.0	0.0	0.0	0.0	0.0	0.0
303.0	0.0	0.0	0.0	0.0	0.0
304.0	0.0	0.0	0.0	0.0	0.0
305.0	0.0	0.0	0.0	0.0	0.0
306.0	0.0	0.0	0.0	0.0	0.0
307.0	0.0	0.0	0.0	0.0	0.0
308.0	0.0	0.0	0.0	0.0	0.0
309.0	0.0	0.0	0.0	0.0	0.0
310.0	0.0	0.0	0.0	0.0	0.0
311.0	0.0	0.0	0.0	0.0	0.0
312.0	0.0	0.0	0.0	0.0	0.0
313.0	0.0	0.0	0.0	0.0	0.0
314.0	0.0	0.0	0.0	0.0	0.0
315.0	0.0	0.0	0.0	0.0	0.0
316.0	0.0	0.0	0.0	0.0	0.0
317.0	0.0	0.0	0.0	0.0	0.0
318.0	0.0	0.0	0.0	0.0	0.0
319.0	0.0	0.0	0.0	0.0	0.0
320.0	0.0	0.0	0.0	0.0	0.0
321.0	0.0	0.0	0.0	0.0	0.0
322.0	0.0	0.0	0.0	0.0	0.0
323.0	0.0	0.0	0.0	0.0	0.0
324.0	0.0	0.0	0.0	0.0	0.0
325.0	0.0	0.0	0.0	0.0	0.0
326.0	0.0	0.0	0.0	0.0	0.0
327.0	0.0	0.0	0.0	0.0	0.0
328.0	0.0	0.0	0.0	0.0	0.0
329.0	0.0	0.0	0.0	0.0	0.0
330.0	0.0	0.0	0.0	0.0	0.0
331.0	0.0	0.0	0.0	0.0	0.0
332.0	0.0	0.0	0.0	0.0	0.0
333.0	0.0	0.0	0.0	0.0	0.0
334.0	0.0	0.0	0.0	0.0	0.0
335.0	0.0	0.0	0.0	0.0	0.0
336.0	0.0	0.0	0.0	0.0	0.0
337.0	0.0	0.0	0.0	0.0	0.0
338.0	0.0	0.0	0.0	0.0	0.0
339.0	0.0	0.0	0.0	0.0	0.0
340.0	0.0	0.0	0.0	0.0	0.0
341.0	0.0	0.0	0.0	0.0	0.0
342.0	0.0	0.0	0.0	0.0	0.0
343.0	0.0	0.0	0.0	0.0	0.0
344.0	0.0	0.0	0.0	0.0	0.0
345.0	0.0	0.0	0.0	0.0	0.0
346.0	0.0	0.0	0.0	0.0	0.0
347.0	0.0	0.0	0.0	0.0	0.0
348.0	0.0	0.0	0.0	0.0	0.0
349.0	0.0	0.0	0.0	0.0	0.0
350.0	0.0	0.0	0.0	0.0	0.0
351.0	0.0	0.0	0.0	0.0	0.0
352.0	0.0	0.0	0.0	0.0	0.0
353.0	0.0	0.0	0.0	0.0	0.0
354.0	0.0	0.0	0.0	0.0	0.0
355.0	0.0	0.0	0.0	0.0	0.0
356.0	0.0	0.0	0.0	0.0	0.0
357.0	0.0	0.0	0.0	0.0	0.0
358.0	0.0	0.0	0.0	0.0	0.0
359.0	0.0	0.0	0.0	0.0	0.0
360.0	0.0	0.0	0.0	0.0	0.0
361.0	0.0	0.0	0.0	0.0	0.0
362.0	0.0	0.0	0.0	0.0	0.0
363.0	0.0	0.0	0.0	0.0	0.0
364.0	0.0	0.0	0.0	0.0	0.0
365.0	0.0	0.0	0.0	0.0	0.0
366.0	0.0	0.0	0.0	0.0	0.0
367.0	0.0	0.0	0.0	0.0	0.0
368.0	0.0	0.0	0.0	0.0	0.0
369.0	0.0	0.0	0.0	0.0	0.0
370.0	0.0	0.0	0.0	0.0	0.0
371.0	0.0	0.0	0.0	0.0	0.0
372.0	0.0	0.0	0.0	0.0	0.0
373.0	0.0	0.0	0.0	0.0	0.0
374.0	0.0	0.0	0.0	0.0	0.0
375.0	0.0	0.0	0.0	0.0	0.0
376.0	0.0	0.0	0.0	0.0	0.0
377.0	0.0	0.0	0.0	0.0	0.0
378.0	0.0	0.0	0.0	0.0	0.0
379.0	0.0	0.0	0.0	0.0	0.0
380.0	0.0	0.0	0.0	0.0	0.0
381.0	0.0	0.0	0.0	0.0	0.0
382.0	0.0	0.0	0.0	0.0	0.0
383.0	0.0	0.0	0.0	0.0	0.0
384.0	0.0	0.0	0.0	0.0	0.0
385.0	0.0	0.0	0.0	0.0	0.0
386.0	0.0	0.0	0.0	0.0	0.0
387.0	0.0	0.0	0.0	0.0	0.0
388.0	0.0	0.0	0.0	0.0	0.0
389.0	0.0	0.0	0.0	0.0	0.0
390.0	0.0	0.0	0.0	0.0	0.0
391.0	0.0	0.0	0.0	0.0	0.0
392.0	0.0	0.0	0.0	0.0	0.0
393.0	0.0	0.0	0.0	0.0	0.0
394.0	0.0	0.0	0.0	0.0	0.0
395.0	0.0	0.0	0.0	0.0	0.0
396.0	0.0	0.0	0.0	0.0	0.0
397.0	0.0	0.0	0.0	0.0	0.0
398.0	0.0	0.0	0.0	0.0	0.0
399.0	0.0	0.0	0.0	0.0	0.0
400.0	0.0	0.0	0.0	0.0	0.0
401.0	0.0	0.0	0.0	0.0	0.0
402.0	0.0	0.0	0.0	0.0	0.0
403.0	0.0	0.0	0.0	0.0	0.0
404.0	0.0	0.0	0.0	0.0	0.0
405.0	0.0	0.0	0.0	0.0	0.0
406.0	0.0	0.0	0.0	0.0	0.0
407.0	0.0	0.0	0.0	0.0	0.0
408.0	0.0	0.0	0.0	0.0	0.0
409.0	0.0	0.0	0.0	0.0	0.0
410.0	0.0	0.0	0.0	0.0	0.0
411.0	0.0	0.0	0.0	0.0	0.0
412.0	0.0	0.0	0.0	0.0	0.0
413.0	0.0	0.0	0.0	0.0	0.0
414.0	0.0	0.0	0.0	0.0	0.0
415.0	0.0	0.0	0.0	0.0	0.0
416.0	0.0	0.0	0.0	0.0	0.0
417.0	0.0	0.0	0.0	0.0	0.0
418.0	0.0	0.0	0.0	0.0	0.0
419.0	0.0	0.0	0.0	0.0	0.0
420.0	0.0	0.0	0.0	0.0	0.0
421.0	0.0	0.0	0.0	0.0	0.0
422.0	0.0	0.0	0.0	0.0	0.0
423.0	0.0	0.0	0.0	0.0	0.0
424.0	0.0	0.0	0.0	0.0	0.0
425.0	0.0	0.0	0.0	0.0	0.0
426.0	0.0	0.0	0.0	0.0	0.0
427.0	0.0	0.0	0.0	0.0	0.0
428.0	0.0	0.0	0.0	0.0	0.0
429.0	0.0	0.0	0.0	0.0	0.0
430.0	0.0	0.0	0.0	0.0	0.0
431.0	0.0	0.0	0.0	0.0	0.0
432.0	0.0	0.0	0.0	0.0	0.0
433.0	0.0	0.0	0.0	0.0	0.0
434.0	0.0	0.0	0.0	0.0	0.0
435.0	0.0	0.0	0.0	0.0	0.0
436.0	0.0	0.0	0.0	0.0	0.0
437.0	0.0	0.0	0.0	0.0	0.0
438.0	0.0	0.0	0.0	0.0	0.0
439.0	0.0	0.0	0.0	0.0	0.0
440.0	0.0	0.0	0.0	0.0	0.0
441.0	0.0	0.0	0.0	0.0	0.0
442.0	0.0	0.0	0.0	0.0	0.0
443.0	0.0	0.0	0.0	0.0	0.0
444.0	0.0	0.0	0.0	0.0	0.0
445.0	0.0	0.0	0.0	0.0	0.0
446.0	0.0	0.0	0.0	0.0	0.0
447.0	0.0	0.0	0.0	0.0	0.0
448.0	0.0	0.0	0.0	0.0	0.0
449.0	0.0	0.0	0.0	0.0	0.0
450.0	0.0	0.0	0.0	0.0	0.0
451.0	0.0	0.0	0.0	0.0	0.0
452.0	0.0	0.0	0.0	0.0	0.0
453.0	0.0	0.0	0.0	0.0	0.0
454.0	0.0	0.0	0.0	0.0	0.0
455.0	0.0	0.0	0.0	0.0	0.0
456.0	0.0	0.0	0.0	0.0	0.0
457.0	0.0	0.0	0.0	0.0	0.0
458.0	0.0	0.0	0.0	0.0	0.0
459.0	0.0	0.0	0.0	0.0	0.0
460.0	0.0	0.0	0.0	0.0	0.0
461.0	0.0	0.0	0.0	0.0	0.0
462.0	0.0	0.0	0.0	0.0	0.0
463.0	0.0	0.0	0.0	0.0	0.0
464.0	0.0	0.0	0.0	0.0	0.0
465.0	0.0	0.0	0.0	0.0	0.0
466.0	0.0	0.0	0.0	0.0	0.0
467.0	0.0	0.0	0.0	0.0	0.0
468.0	0.0	0.0	0.0	0.0	0.0
469.0	0.0	0.0	0.0	0.0	0.0
470.0	0.0	0.0	0.0	0.0	0.0
471.0	0.0	0.0	0.0	0.0	0.0
472.0	0.0	0.0	0.0	0.0	0.0
473.0	0.0	0.0	0.0	0.0	0.0
474.0	0.0	0.0	0.0	0.0	0.0
475.0	0.0	0.0	0.0	0.0	0.0
476.0	0.0	0.0	0.0	0.0	0.0
477.0	0.0	0.0	0.0	0.0	0.0
478.0	0.0	0.0	0.0	0.0	0.0
479.0	0.0	0.0	0.0	0.0	0.0
480.0	0.0	0.0	0.0	0.0	0.0
481.0	0.0	0.0	0.0	0.0	0.0
482.0	0.0	0.0	0.0	0.0	0.0
483.0	0.0	0.0	0.0	0.0	0.0
484.0	0.0	0.0	0.0	0.0	0.0
485.0	0.0	0.0	0.0	0.0	0.0
486.0	0.0	0.0	0.0	0.0	0.0
487.0	0.0	0.0	0.0	0.0	0.0
488.0	0.0	0.0	0.0	0.0	0.0
489.0	0.0	0.0	0.0	0.0	0.0
490.0	0.0	0.0	0.0	0.0	0.0
491.0	0.0	0.0	0.0	0.0	0.0
492.0	0.0	0.0	0.0	0.0	0.0
493.0	0.0	0.0	0.0	0.0	0.0
494.0	0.0	0.0	0.0	0.0	0.0
495.0	0.0	0.0	0.0	0.0	0.0
496.0	0.0	0.0	0.0	0.0	0.0
497.0	0.0	0.0	0.0	0.0	0.0
498.0	0.0	0.0	0.0	0.0	0.0
499.0	0.0	0.0	0.0	0.0	0.0
500.0	0.0	0.0	0.0	0.0	0.0
