1.0	0.0009765625	0.0009765625	0.0009765625	0.0009765625	0.0009765625
2.0	0.001904296875	0.001904296875	0.002119140625	0.002080078125	0.001787109375
3.0	0.003408203125	0.00345703125	0.00380859375	0.003623046875	0.003203125
4.0	0.005341796875	0.005625	0.005654296875	0.00556640625	0.004521484375
5.0	0.007470703125	0.0083984375	0.00802734375	0.0076953125	0.0063671875
6.0	0.010166015625	0.011279296875	0.010986328125	0.01017578125	0.008388671875
7.0	0.013291015625	0.01525390625	0.01482421875	0.013125	0.0109375
8.0	0.0175	0.019833984375	0.02	0.016513671875	0.013984375
9.0	0.022890625	0.02634765625	0.026259765625	0.021396484375	0.018271484375
10.0	0.03009765625	0.03486328125	0.033896484375	0.02763671875	0.02318359375
11.0	0.03974609375	0.045	0.0441796875	0.03560546875	0.02986328125
12.0	0.051552734375	0.058623046875	0.05740234375	0.045849609375	0.03814453125
13.0	0.06625	0.075234375	0.0742578125	0.058779296875	0.04869140625
14.0	0.08306640625	0.09501953125	0.09375	0.0739453125	0.062119140625
15.0	0.103349609375	0.11798828125	0.11705078125	0.092666015625	0.078310546875
16.0	0.12724609375	0.145302734375	0.1435546875	0.1141015625	0.097109375
17.0	0.153740234375	0.17447265625	0.172626953125	0.138583984375	0.118251953125
18.0	0.181142578125	0.203916015625	0.20185546875	0.166025390625	0.1425390625
19.0	0.20759765625	0.230185546875	0.23080078125	0.193974609375	0.166806640625
20.0	0.2293359375	0.25263671875	0.25595703125	0.221484375	0.189775390625
21.0	0.242744140625	0.26568359375	0.273955078125	0.247490234375	0.213134765625
22.0	0.24353515625	0.269072265625	0.283671875	0.26833984375	0.236982421875
23.0	0.230703125	0.26115234375	0.284970703125	0.284921875	0.256572265625
24.0	0.210146484375	0.243759765625	0.27880859375	0.29482421875	0.27138671875
25.0	0.183896484375	0.22259765625	0.270029296875	0.298466796875	0.281865234375
26.0	0.157607421875	0.198076171875	0.257255859375	0.296005859375	0.286728515625
27.0	0.134619140625	0.1724609375	0.24337890625	0.2875390625	0.28642578125
28.0	0.113935546875	0.14798828125	0.22953125	0.27794921875	0.284384765625
29.0	0.096640625	0.126103515625	0.219833984375	0.267275390625	0.277197265625
30.0	0.082294921875	0.10783203125	0.210791015625	0.25349609375	0.265693359375
31.0	0.06943359375	0.09169921875	0.20193359375	0.239423828125	0.2533203125
32.0	0.059443359375	0.07751953125	0.193525390625	0.224462890625	0.240810546875
33.0	0.05025390625	0.06623046875	0.18564453125	0.2092578125	0.225546875
34.0	0.042919921875	0.0562890625	0.1767578125	0.192822265625	0.20833984375
35.0	0.0362890625	0.04814453125	0.168037109375	0.1767578125	0.192353515625
36.0	0.0305859375	0.041162109375	0.156484375	0.160615234375	0.176181640625
37.0	0.02623046875	0.035166015625	0.14408203125	0.1451171875	0.160771484375
38.0	0.022119140625	0.02931640625	0.132119140625	0.131171875	0.14572265625
39.0	0.0190234375	0.02490234375	0.11919921875	0.11802734375	0.13166015625
40.0	0.0160546875	0.021083984375	0.106640625	0.104140625	0.118837890625
41.0	0.01369140625	0.017861328125	0.095390625	0.0920703125	0.105634765625
42.0	0.011689453125	0.015009765625	0.08482421875	0.080732421875	0.094013671875
43.0	0.00978515625	0.0126953125	0.074140625	0.0702734375	0.083056640625
44.0	0.008291015625	0.010927734375	0.065068359375	0.0609375	0.072783203125
45.0	0.00708984375	0.009306640625	0.057041015625	0.053154296875	0.064130859375
46.0	0.006015625	0.008134765625	0.04943359375	0.04607421875	0.056201171875
47.0	0.00509765625	0.006865234375	0.04310546875	0.039482421875	0.0492578125
48.0	0.004326171875	0.0058984375	0.03701171875	0.033828125	0.04263671875
49.0	0.003583984375	0.004990234375	0.032177734375	0.028896484375	0.037236328125
50.0	0.003193359375	0.00421875	0.02771484375	0.024794921875	0.03248046875
51.0	0.002724609375	0.00353515625	0.024052734375	0.021171875	0.0285546875
52.0	0.002353515625	0.00291015625	0.02099609375	0.01810546875	0.024541015625
53.0	0.001962890625	0.00244140625	0.01794921875	0.015322265625	0.021142578125
54.0	0.001630859375	0.002001953125	0.015478515625	0.012978515625	0.018173828125
55.0	0.001376953125	0.001708984375	0.013095703125	0.011044921875	0.01548828125
56.0	0.001171875	0.001455078125	0.010966796875	0.00931640625	0.013134765625
57.0	0.001005859375	0.001220703125	0.0094140625	0.007822265625	0.011142578125
58.0	0.0008203125	0.001025390625	0.00806640625	0.0066796875	0.009677734375
59.0	0.000693359375	0.00091796875	0.006953125	0.0056640625	0.008359375
60.0	0.000625	0.000751953125	0.006044921875	0.004931640625	0.0072265625
61.0	0.00048828125	0.0006640625	0.00509765625	0.0041796875	0.006376953125
62.0	0.0004296875	0.00056640625	0.004404296875	0.003623046875	0.005517578125
63.0	0.00037109375	0.00046875	0.003779296875	0.003154296875	0.00482421875
64.0	0.000302734375	0.000400390625	0.00326171875	0.002607421875	0.004169921875
65.0	0.000263671875	0.0003515625	0.00279296875	0.0022265625	0.003486328125
66.0	0.000234375	0.0003125	0.002412109375	0.0019140625	0.003037109375
67.0	0.0001953125	0.00025390625	0.00205078125	0.001640625	0.002666015625
68.0	0.00015625	0.00021484375	0.00177734375	0.001396484375	0.002294921875
69.0	0.000146484375	0.00017578125	0.001552734375	0.00119140625	0.001962890625
70.0	0.000107421875	0.000146484375	0.001279296875	0.001064453125	0.001669921875
71.0	8.7890625e-5	0.00013671875	0.0010546875	0.00091796875	0.00142578125
72.0	8.7890625e-5	0.000107421875	0.00091796875	0.00072265625	0.001201171875
73.0	4.8828125e-5	8.7890625e-5	0.000732421875	0.000615234375	0.001005859375
74.0	4.8828125e-5	7.8125e-5	0.00064453125	0.000546875	0.00080078125
75.0	2.9296875e-5	6.8359375e-5	0.00056640625	0.00048828125	0.00072265625
76.0	1.953125e-5	5.859375e-5	0.0005078125	0.000390625	0.000615234375
77.0	1.953125e-5	3.90625e-5	0.000419921875	0.000302734375	0.000576171875
78.0	9.765625e-6	2.9296875e-5	0.000341796875	0.00025390625	0.000498046875
79.0	9.765625e-6	1.953125e-5	0.000283203125	0.000205078125	0.00041015625
80.0	9.765625e-6	1.953125e-5	0.000224609375	0.000146484375	0.000341796875
81.0	9.765625e-6	1.953125e-5	0.000166015625	0.0001171875	0.000263671875
82.0	9.765625e-6	9.765625e-6	0.00015625	0.0001171875	0.000234375
83.0	9.765625e-6	9.765625e-6	0.00013671875	0.000107421875	0.000205078125
84.0	9.765625e-6	0.0	0.000126953125	9.765625e-5	0.00017578125
85.0	9.765625e-6	0.0	0.000107421875	6.8359375e-5	0.000146484375
86.0	9.765625e-6	0.0	7.8125e-5	5.859375e-5	0.0001171875
87.0	9.765625e-6	0.0	6.8359375e-5	4.8828125e-5	9.765625e-5
88.0	9.765625e-6	0.0	6.8359375e-5	3.90625e-5	7.8125e-5
89.0	9.765625e-6	0.0	6.8359375e-5	2.9296875e-5	5.859375e-5
90.0	9.765625e-6	0.0	2.9296875e-5	2.9296875e-5	5.859375e-5
91.0	9.765625e-6	0.0	1.953125e-5	2.9296875e-5	4.8828125e-5
92.0	0.0	0.0	1.953125e-5	2.9296875e-5	3.90625e-5
93.0	0.0	0.0	1.953125e-5	1.953125e-5	3.90625e-5
94.0	0.0	0.0	0.0	1.953125e-5	3.90625e-5
95.0	0.0	0.0	0.0	1.953125e-5	3.90625e-5
96.0	0.0	0.0	0.0	1.953125e-5	2.9296875e-5
97.0	0.0	0.0	0.0	9.765625e-6	1.953125e-5
98.0	0.0	0.0	0.0	9.765625e-6	1.953125e-5
99.0	0.0	0.0	0.0	9.765625e-6	1.953125e-5
100.0	0.0	0.0	0.0	9.765625e-6	1.953125e-5
101.0	0.0	0.0	0.0	9.765625e-6	1.953125e-5
102.0	0.0	0.0	0.0	9.765625e-6	1.953125e-5
103.0	0.0	0.0	0.0	0.0	1.953125e-5
104.0	0.0	0.0	0.0	0.0	9.765625e-6
105.0	0.0	0.0	0.0	0.0	9.765625e-6
106.0	0.0	0.0	0.0	0.0	9.765625e-6
107.0	0.0	0.0	0.0	0.0	9.765625e-6
108.0	0.0	0.0	0.0	0.0	9.765625e-6
109.0	0.0	0.0	0.0	0.0	9.765625e-6
110.0	0.0	0.0	0.0	0.0	0.0
111.0	0.0	0.0	0.0	0.0	0.0
112.0	0.0	0.0	0.0	0.0	0.0
113.0	0.0	0.0	0.0	0.0	0.0
114.0	0.0	0.0	0.0	0.0	0.0
115.0	0.0	0.0	0.0	0.0	0.0
116.0	0.0	0.0	0.0	0.0	0.0
117.0	0.0	0.0	0.0	0.0	0.0
118.0	0.0	0.0	0.0	0.0	0.0
119.0	0.0	0.0	0.0	0.0	0.0
120.0	0.0	0.0	0.0	0.0	0.0
121.0	0.0	0.0	0.0	0.0	0.0
122.0	0.0	0.0	0.0	0.0	0.0
123.0	0.0	0.0	0.0	0.0	0.0
124.0	0.0	0.0	0.0	0.0	0.0
125.0	0.0	0.0	0.0	0.0	0.0
126.0	0.0	0.0	0.0	0.0	0.0
127.0	0.0	0.0	0.0	0.0	0.0
128.0	0.0	0.0	0.0	0.0	0.0
129.0	0.0	0.0	0.0	0.0	0.0
130.0	0.0	0.0	0.0	0.0	0.0
131.0	0.0	0.0	0.0	0.0	0.0
132.0	0.0	0.0	0.0	0.0	0.0
133.0	0.0	0.0	0.0	0.0	0.0
134.0	0.0	0.0	0.0	0.0	0.0
135.0	0.0	0.0	0.0	0.0	0.0
136.0	0.0	0.0	0.0	0.0	0.0
137.0	0.0	0.0	0.0	0.0	0.0
138.0	0.0	0.0	0.0	0.0	0.0
139.0	0.0	0.0	0.0	0.0	0.0
140.0	0.0	0.0	0.0	0.0	0.0
141.0	0.0	0.0	0.0	0.0	0.0
142.0	0.0	0.0	0.0	0.0	0.0
143.0	0.0	0.0	0.0	0.0	0.0
144.0	0.0	0.0	0.0	0.0	0.0
145.0	0.0	0.0	0.0	0.0	0.0
146.0	0.0	0.0	0.0	0.0	0.0
147.0	0.0	0.0	0.0	0.0	0.0
148.0	0.0	0.0	0.0	0.0	0.0
149.0	0.0	0.0	0.0	0.0	0.0
150.0	0.0	0.0	0.0	0.0	0.0
151.0	0.0	0.0	0.0	0.0	0.0
152.0	0.0	0.0	0.0	0.0	0.0
153.0	0.0	0.0	0.0	0.0	0.0
154.0	0.0	0.0	0.0	0.0	0.0
155.0	0.0	0.0	0.0	0.0	0.0
156.0	0.0	0.0	0.0	0.0	0.0
157.0	0.0	0.0	0.0	0.0	0.0
158.0	0.0	0.0	0.0	0.0	0.0
159.0	0.0	0.0	0.0	0.0	0.0
160.0	0.0	0.0	0.0	0.0	0.0
161.0	0.0	0.0	0.0	0.0	0.0
162.0	0.0	0.0	0.0	0.0	0.0
163.0	0.0	0.0	0.0	0.0	0.0
164.0	0.0	0.0	0.0	0.0	0.0
165.0	0.0	0.0	0.0	0.0	0.0
166.0	0.0	0.0	0.0	0.0	0.0
167.0	0.0	0.0	0.0	0.0	0.0
168.0	0.0	0.0	0.0	0.0	0.0
169.0	0.0	0.0	0.0	0.0	0.0
170.0	0.0	0.0	0.0	0.0	0.0
171.0	0.0	0.0	0.0	0.0	0.0
172.0	0.0	0.0	0.0	0.0	0.0
173.0	0.0	0.0	0.0	0.0	0.0
174.0	0.0	0.0	0.0	0.0	0.0
175.0	0.0	0.0	0.0	0.0	0.0
176.0	0.0	0.0	0.0	0.0	0.0
177.0	0.0	0.0	0.0	0.0	0.0
178.0	0.0	0.0	0.0	0.0	0.0
179.0	0.0	0.0	0.0	0.0	0.0
180.0	0.0	0.0	0.0	0.0	0.0
181.0	0.0	0.0	0.0	0.0	0.0
182.0	0.0	0.0	0.0	0.0	0.0
183.0	0.0	0.0	0.0	0.0	0.0
184.0	0.0	0.0	0.0	0.0	0.0
185.0	0.0	0.0	0.0	0.0	0.0
186.0	0.0	0.0	0.0	0.0	0.0
187.0	0.0	0.0	0.0	0.0	0.0
188.0	0.0	0.0	0.0	0.0	0.0
189.0	0.0	0.0	0.0	0.0	0.0
190.0	0.0	0.0	0.0	0.0	0.0
191.0	0.0	0.0	0.0	0.0	0.0
192.0	0.0	0.0	0.0	0.0	0.0
193.0	0.0	0.0	0.0	0.0	0.0
194.0	0.0	0.0	0.0	0.0	0.0
195.0	0.0	0.0	0.0	0.0	0.0
196.0	0.0	0.0	0.0	0.0	0.0
197.0	0.0	0.0	0.0	0.0	0.0
198.0	0.0	0.0	0.0	0.0	0.0
199.0	0.0	0.0	0.0	0.0	0.0
200.0	0.0	0.0	0.0	0.0	0.0
201.0	0.0	0.0	0.0	0.0	0.0
202.0	0.0	0.0	0.0	0.0	0.0
203.0	0.0	0.0	0.0	0.0	0.0
204.0	0.0	0.0	0.0	0.0	0.0
205.0	0.0	0.0	0.0	0.0	0.0
206.0	0.0	0.0	0.0	0.0	0.0
207.0	0.0	0.0	0.0	0.0	0.0
208.0	0.0	0.0	0.0	0.0	0.0
209.0	0.0	0.0	0.0	0.0	0.0
210.0	0.0	0.0	0.0	0.0	0.0
211.0	0.0	0.0	0.0	0.0	0.0
212.0	0.0	0.0	0.0	0.0	0.0
213.0	0.0	0.0	0.0	0.0	0.0
214.0	0.0	0.0	0.0	0.0	0.0
215.0	0.0	0.0	0.0	0.0	0.0
216.0	0.0	0.0	0.0	0.0	0.0
217.0	0.0	0.0	0.0	0.0	0.0
218.0	0.0	0.0	0.0	0.0	0.0
219.0	0.0	0.0	0.0	0.0	0.0
220.0	0.0	0.0	0.0	0.0	0.0
221.0	0.0	0.0	0.0	0.0	0.0
222.0	0.0	0.0	0.0	0.0	0.0
223.0	0.0	0.0	0.0	0.0	0.0
224.0	0.0	0.0	0.0	0.0	0.0
225.0	0.0	0.0	0.0	0.0	0.0
226.0	0.0	0.0	0.0	0.0	0.0
227.0	0.0	0.0	0.0	0.0	0.0
228.0	0.0	0.0	0.0	0.0	0.0
229.0	0.0	0.0	0.0	0.0	0.0
230.0	0.0	0.0	0.0	0.0	0.0
231.0	0.0	0.0	0.0	0.0	0.0
232.0	0.0	0.0	0.0	0.0	0.0
233.0	0.0	0.0	0.0	0.0	0.0
234.0	0.0	0.0	0.0	0.0	0.0
235.0	0.0	0.0	0.0	0.0	0.0
236.0	0.0	0.0	0.0	0.0	0.0
237.0	0.0	0.0	0.0	0.0	0.0
238.0	0.0	0.0	0.0	0.0	0.0
239.0	0.0	0.0	0.0	0.0	0.0
240.0	0.0	0.0	0.0	0.0	0.0
241.0	0.0	0.0	0.0	0.0	0.0
242.0	0.0	0.0	0.0	0.0	0.0
243.0	0.0	0.0	0.0	0.0	0.0
244.0	0.0	0.0	0.0	0.0	0.0
245.0	0.0	0.0	0.0	0.0	0.0
246.0	0.0	0.0	0.0	0.0	0.0
247.0	0.0	0.0	0.0	0.0	0.0
248.0	0.0	0.0	0.0	0.0	0.0
249.0	0.0	0.0	0.0	0.0	0.0
250.0	0.0	0.0	0.0	0.0	0.0
251.0	0.0	0.0	0.0	0.0	0.0
252.0	0.0	0.0	0.0	0.0	0.0
253.0	0.0	0.0	0.0	0.0	0.0
254.0	0.0	0.0	0.0	0.0	0.0
255.0	0.0	0.0	0.0	0.0	0.0
256.0	0.0	0.0	0.0	0.0	0.0
257.0	0.0	0.0	0.0	0.0	0.0
258.0	0.0	0.0	0.0	0.0	0.0
259.0	0.0	0.0	0.0	0.0	0.0
260.0	0.0	0.0	0.0	0.0	0.0
261.0	0.0	0.0	0.0	0.0	0.0
262.0	0.0	0.0	0.0	0.0	0.0
263.0	0.0	0.0	0.0	0.0	0.0
264.0	0.0	0.0	0.0	0.0	0.0
265.0	0.0	0.0	0.0	0.0	0.0
266.0	0.0	0.0	0.0	0.0	0.0
267.0	0.0	0.0	0.0	0.0	0.0
268.0	0.0	0.0	0.0	0.0	0.0
269.0	0.0	0.0	0.0	0.0	0.0
270.0	0.0	0.0	0.0	0.0	0.0
271.0	0.0	0.0	0.0	0.0	0.0
272.0	0.0	0.0	0.0	0.0	0.0
273.0	0.0	0.0	0.0	0.0	0.0
274.0	0.0	0.0	0.0	0.0	0.0
275.0	0.0	0.0	0.0	0.0	0.0
276.0	0.0	0.0	0.0	0.0	0.0
277.0	0.0	0.0	0.0	0.0	0.0
278.0	0.0	0.0	0.0	0.0	0.0
279.0	0.0	0.0	0.0	0.0	0.0
280.0	0.0	0.0	0.0	0.0	0.0
281.0	0.0	0.0	0.0	0.0	0.0
282.0	0.0	0.0	0.0	0.0	0.0
283.0	0.0	0.0	0.0	0.0	0.0
284.0	0.0	0.0	0.0	0.0	0.0
285.0	0.0	0.0	0.0	0.0	0.0
286.0	0.0	0.0	0.0	0.0	0.0
287.0	0.0	0.0	0.0	0.0	0.0
288.0	0.0	0.0	0.0	0.0	0.0
289.0	0.0	0.0	0.0	0.0	0.0
290.0	0.0	0.0	0.0	0.0	0.0
291.0	0.0	0.0	0.0	0.0	0.0
292.0	0.0	0.0	0.0	0.0	0.0
293.0	0.0	0.0	0.0	0.0	0.0
294.0	0.0	0.0	0.0	0.0	0.0
295.0	0.0	0.0	0.0	0.0	0.0
296.0	0.0	0.0	0.0	0.0	0.0
297.0	0.0	0.0	0.0	0.0	0.0
298.0	0.0	0.0	0.0	0.0	0.0
299.0	0.0	0.0	0.0	0.0	0.0
300.0	0.0	0.0	0.0	0.0	0.0
301.0	0.0	0.0	0.0	0.0	0.0
302.0	0.0	0.0	0.0	0.0	0.0
303.0	0.0	0.0	0.0	0.0	0.0
304.0	0.0	0.0	0.0	0.0	0.0
305.0	0.0	0.0	0.0	0.0	0.0
306.0	0.0	0.0	0.0	0.0	0.0
307.0	0.0	0.0	0.0	0.0	0.0
308.0	0.0	0.0	0.0	0.0	0.0
309.0	0.0	0.0	0.0	0.0	0.0
310.0	0.0	0.0	0.0	0.0	0.0
311.0	0.0	0.0	0.0	0.0	0.0
312.0	0.0	0.0	0.0	0.0	0.0
313.0	0.0	0.0	0.0	0.0	0.0
314.0	0.0	0.0	0.0	0.0	0.0
315.0	0.0	0.0	0.0	0.0	0.0
316.0	0.0	0.0	0.0	0.0	0.0
317.0	0.0	0.0	0.0	0.0	0.0
318.0	0.0	0.0	0.0	0.0	0.0
319.0	0.0	0.0	0.0	0.0	0.0
320.0	0.0	0.0	0.0	0.0	0.0
321.0	0.0	0.0	0.0	0.0	0.0
322.0	0.0	0.0	0.0	0.0	0.0
323.0	0.0	0.0	0.0	0.0	0.0
324.0	0.0	0.0	0.0	0.0	0.0
325.0	0.0	0.0	0.0	0.0	0.0
326.0	0.0	0.0	0.0	0.0	0.0
327.0	0.0	0.0	0.0	0.0	0.0
328.0	0.0	0.0	0.0	0.0	0.0
329.0	0.0	0.0	0.0	0.0	0.0
330.0	0.0	0.0	0.0	0.0	0.0
331.0	0.0	0.0	0.0	0.0	0.0
332.0	0.0	0.0	0.0	0.0	0.0
333.0	0.0	0.0	0.0	0.0	0.0
334.0	0.0	0.0	0.0	0.0	0.0
335.0	0.0	0.0	0.0	0.0	0.0
336.0	0.0	0.0	0.0	0.0	0.0
337.0	0.0	0.0	0.0	0.0	0.0
338.0	0.0	0.0	0.0	0.0	0.0
339.0	0.0	0.0	0.0	0.0	0.0
340.0	0.0	0.0	0.0	0.0	0.0
341.0	0.0	0.0	0.0	0.0	0.0
342.0	0.0	0.0	0.0	0.0	0.0
343.0	0.0	0.0	0.0	0.0	0.0
344.0	0.0	0.0	0.0	0.0	0.0
345.0	0.0	0.0	0.0	0.0	0.0
346.0	0.0	0.0	0.0	0.0	0.0
347.0	0.0	0.0	0.0	0.0	0.0
348.0	0.0	0.0	0.0	0.0	0.0
349.0	0.0	0.0	0.0	0.0	0.0
350.0	0.0	0.0	0.0	0.0	0.0
351.0	0.0	0.0	0.0	0.0	0.0
352.0	0.0	0.0	0.0	0.0	0.0
353.0	0.0	0.0	0.0	0.0	0.0
354.0	0.0	0.0	0.0	0.0	0.0
355.0	0.0	0.0	0.0	0.0	0.0
356.0	0.0	0.0	0.0	0.0	0.0
357.0	0.0	0.0	0.0	0.0	0.0
358.0	0.0	0.0	0.0	0.0	0.0
359.0	0.0	0.0	0.0	0.0	0.0
360.0	0.0	0.0	0.0	0.0	0.0
361.0	0.0	0.0	0.0	0.0	0.0
362.0	0.0	0.0	0.0	0.0	0.0
363.0	0.0	0.0	0.0	0.0	0.0
364.0	0.0	0.0	0.0	0.0	0.0
365.0	0.0	0.0	0.0	0.0	0.0
366.0	0.0	0.0	0.0	0.0	0.0
367.0	0.0	0.0	0.0	0.0	0.0
368.0	0.0	0.0	0.0	0.0	0.0
369.0	0.0	0.0	0.0	0.0	0.0
370.0	0.0	0.0	0.0	0.0	0.0
371.0	0.0	0.0	0.0	0.0	0.0
372.0	0.0	0.0	0.0	0.0	0.0
373.0	0.0	0.0	0.0	0.0	0.0
374.0	0.0	0.0	0.0	0.0	0.0
375.0	0.0	0.0	0.0	0.0	0.0
376.0	0.0	0.0	0.0	0.0	0.0
377.0	0.0	0.0	0.0	0.0	0.0
378.0	0.0	0.0	0.0	0.0	0.0
379.0	0.0	0.0	0.0	0.0	0.0
380.0	0.0	0.0	0.0	0.0	0.0
381.0	0.0	0.0	0.0	0.0	0.0
382.0	0.0	0.0	0.0	0.0	0.0
383.0	0.0	0.0	0.0	0.0	0.0
384.0	0.0	0.0	0.0	0.0	0.0
385.0	0.0	0.0	0.0	0.0	0.0
386.0	0.0	0.0	0.0	0.0	0.0
387.0	0.0	0.0	0.0	0.0	0.0
388.0	0.0	0.0	0.0	0.0	0.0
389.0	0.0	0.0	0.0	0.0	0.0
390.0	0.0	0.0	0.0	0.0	0.0
391.0	0.0	0.0	0.0	0.0	0.0
392.0	0.0	0.0	0.0	0.0	0.0
393.0	0.0	0.0	0.0	0.0	0.0
394.0	0.0	0.0	0.0	0.0	0.0
395.0	0.0	0.0	0.0	0.0	0.0
396.0	0.0	0.0	0.0	0.0	0.0
397.0	0.0	0.0	0.0	0.0	0.0
398.0	0.0	0.0	0.0	0.0	0.0
399.0	0.0	0.0	0.0	0.0	0.0
400.0	0.0	0.0	0.0	0.0	0.0
401.0	0.0	0.0	0.0	0.0	0.0
402.0	0.0	0.0	0.0	0.0	0.0
403.0	0.0	0.0	0.0	0.0	0.0
404.0	0.0	0.0	0.0	0.0	0.0
405.0	0.0	0.0	0.0	0.0	0.0
406.0	0.0	0.0	0.0	0.0	0.0
407.0	0.0	0.0	0.0	0.0	0.0
408.0	0.0	0.0	0.0	0.0	0.0
409.0	0.0	0.0	0.0	0.0	0.0
410.0	0.0	0.0	0.0	0.0	0.0
411.0	0.0	0.0	0.0	0.0	0.0
412.0	0.0	0.0	0.0	0.0	0.0
413.0	0.0	0.0	0.0	0.0	0.0
414.0	0.0	0.0	0.0	0.0	0.0
415.0	0.0	0.0	0.0	0.0	0.0
416.0	0.0	0.0	0.0	0.0	0.0
417.0	0.0	0.0	0.0	0.0	0.0
418.0	0.0	0.0	0.0	0.0	0.0
419.0	0.0	0.0	0.0	0.0	0.0
420.0	0.0	0.0	0.0	0.0	0.0
421.0	0.0	0.0	0.0	0.0	0.0
422.0	0.0	0.0	0.0	0.0	0.0
423.0	0.0	0.0	0.0	0.0	0.0
424.0	0.0	0.0	0.0	0.0	0.0
425.0	0.0	0.0	0.0	0.0	0.0
426.0	0.0	0.0	0.0	0.0	0.0
427.0	0.0	0.0	0.0	0.0	0.0
428.0	0.0	0.0	0.0	0.0	0.0
429.0	0.0	0.0	0.0	0.0	0.0
430.0	0.0	0.0	0.0	0.0	0.0
431.0	0.0	0.0	0.0	0.0	0.0
432.0	0.0	0.0	0.0	0.0	0.0
433.0	0.0	0.0	0.0	0.0	0.0
434.0	0.0	0.0	0.0	0.0	0.0
435.0	0.0	0.0	0.0	0.0	0.0
436.0	0.0	0.0	0.0	0.0	0.0
437.0	0.0	0.0	0.0	0.0	0.0
438.0	0.0	0.0	0.0	0.0	0.0
439.0	0.0	0.0	0.0	0.0	0.0
440.0	0.0	0.0	0.0	0.0	0.0
441.0	0.0	0.0	0.0	0.0	0.0
442.0	0.0	0.0	0.0	0.0	0.0
443.0	0.0	0.0	0.0	0.0	0.0
444.0	0.0	0.0	0.0	0.0	0.0
445.0	0.0	0.0	0.0	0.0	0.0
446.0	0.0	0.0	0.0	0.0	0.0
447.0	0.0	0.0	0.0	0.0	0.0
448.0	0.0	0.0	0.0	0.0	0.0
449.0	0.0	0.0	0.0	0.0	0.0
450.0	0.0	0.0	0.0	0.0	0.0
451.0	0.0	0.0	0.0	0.0	0.0
452.0	0.0	0.0	0.0	0.0	0.0
453.0	0.0	0.0	0.0	0.0	0.0
454.0	0.0	0.0	0.0	0.0	0.0
455.0	0.0	0.0	0.0	0.0	0.0
456.0	0.0	0.0	0.0	0.0	0.0
457.0	0.0	0.0	0.0	0.0	0.0
458.0	0.0	0.0	0.0	0.0	0.0
459.0	0.0	0.0	0.0	0.0	0.0
460.0	0.0	0.0	0.0	0.0	0.0
461.0	0.0	0.0	0.0	0.0	0.0
462.0	0.0	0.0	0.0	0.0	0.0
463.0	0.0	0.0	0.0	0.0	0.0
464.0	0.0	0.0	0.0	0.0	0.0
465.0	0.0	0.0	0.0	0.0	0.0
466.0	0.0	0.0	0.0	0.0	0.0
467.0	0.0	0.0	0.0	0.0	0.0
468.0	0.0	0.0	0.0	0.0	0.0
469.0	0.0	0.0	0.0	0.0	0.0
470.0	0.0	0.0	0.0	0.0	0.0
471.0	0.0	0.0	0.0	0.0	0.0
472.0	0.0	0.0	0.0	0.0	0.0
473.0	0.0	0.0	0.0	0.0	0.0
474.0	0.0	0.0	0.0	0.0	0.0
475.0	0.0	0.0	0.0	0.0	0.0
476.0	0.0	0.0	0.0	0.0	0.0
477.0	0.0	0.0	0.0	0.0	0.0
478.0	0.0	0.0	0.0	0.0	0.0
479.0	0.0	0.0	0.0	0.0	0.0
480.0	0.0	0.0	0.0	0.0	0.0
481.0	0.0	0.0	0.0	0.0	0.0
482.0	0.0	0.0	0.0	0.0	0.0
483.0	0.0	0.0	0.0	0.0	0.0
484.0	0.0	0.0	0.0	0.0	0.0
485.0	0.0	0.0	0.0	0.0	0.0
486.0	0.0	0.0	0.0	0.0	0.0
487.0	0.0	0.0	0.0	0.0	0.0
488.0	0.0	0.0	0.0	0.0	0.0
489.0	0.0	0.0	0.0	0.0	0.0
490.0	0.0	0.0	0.0	0.0	0.0
491.0	0.0	0.0	0.0	0.0	0.0
492.0	0.0	0.0	0.0	0.0	0.0
493.0	0.0	0.0	0.0	0.0	0.0
494.0	0.0	0.0	0.0	0.0	0.0
495.0	0.0	0.0	0.0	0.0	0.0
496.0	0.0	0.0	0.0	0.0	0.0
497.0	0.0	0.0	0.0	0.0	0.0
498.0	0.0	0.0	0.0	0.0	0.0
499.0	0.0	0.0	0.0	0.0	0.0
500.0	0.0	0.0	0.0	0.0	0.0
