0.0	0.0009765625	0.0009765625	0.0009765625	0.0009765625	0.0009765625
0.01	0.00908203125	0.00380859375	0.0021484375	0.00380859375	0.004072265625
0.02	0.088349609375	0.077431640625	0.077919921875	0.0256640625	0.0365625
0.03	0.251943359375	0.219462890625	0.132529296875	0.095361328125	0.0798046875
0.04	0.41625	0.32728515625	0.15921875	0.161083984375	0.12736328125
0.05	0.527158203125	0.436640625	0.166923828125	0.2066796875	0.15224609375
0.06	0.641328125	0.437978515625	0.168056640625	0.254423828125	0.201845703125
0.07	0.7203515625	0.491787109375	0.17951171875	0.266181640625	0.208212890625
0.08	0.769208984375	0.508427734375	0.195048828125	0.306025390625	0.23884765625
0.09	0.809033203125	0.500966796875	0.2065625	0.31955078125	0.232451171875
0.1	0.837666015625	0.546455078125	0.215615234375	0.332138671875	0.241630859375
0.11	0.8669921875	0.55158203125	0.222548828125	0.344443359375	0.270224609375
0.12	0.8828125	0.5609375	0.2316796875	0.3534765625	0.280009765625
0.13	0.86669921875	0.576806640625	0.2394140625	0.36173828125	0.285751953125
0.14	0.916416015625	0.59484375	0.245732421875	0.371279296875	0.292783203125
0.15	0.9279296875	0.596943359375	0.256015625	0.37384765625	0.294580078125
0.16	0.939140625	0.6133984375	0.26091796875	0.369111328125	0.300048828125
0.17	0.946884765625	0.623212890625	0.271591796875	0.38728515625	0.30572265625
0.18	0.953251953125	0.63037109375	0.280185546875	0.39130859375	0.308115234375
0.19	0.958583984375	0.64671875	0.289755859375	0.395205078125	0.31224609375
0.2	0.965205078125	0.657763671875	0.292763671875	0.400439453125	0.31611328125
0.21	0.97087890625	0.665966796875	0.297158203125	0.408642578125	0.317578125
0.22	0.973349609375	0.675205078125	0.306103515625	0.409248046875	0.3196484375
0.23	0.977158203125	0.679208984375	0.312109375	0.4126953125	0.3240625
0.24	0.978876953125	0.691796875	0.318798828125	0.411650390625	0.324580078125
0.25	0.98162109375	0.698525390625	0.322470703125	0.4163671875	0.3258984375
0.26	0.984228515625	0.706865234375	0.330732421875	0.420068359375	0.329150390625
0.27	0.98623046875	0.70640625	0.33822265625	0.424375	0.332880859375
0.28	0.987509765625	0.719599609375	0.342001953125	0.422939453125	0.33455078125
0.29	0.9878125	0.729951171875	0.34974609375	0.425654296875	0.334716796875
0.3	0.989951171875	0.73392578125	0.3512890625	0.43017578125	0.335390625
