0.0	0.0009765625	0.0009765625	0.0009765625	0.0009765625	0.0009765625
0.0125	0.00521484375	0.014033203125	0.022001953125	0.007021484375	0.00865234375
0.025	0.167490234375	0.123544921875	0.147783203125	0.15583984375	0.09060546875
0.0375	0.32505859375	0.345517578125	0.3321484375	0.3400390625	0.299951171875
0.05	0.49109375	0.538330078125	0.532548828125	0.45802734375	0.428076171875
0.0625	0.600791015625	0.612890625	0.627294921875	0.558935546875	0.56884765625
0.075	0.701640625	0.680048828125	0.7030859375	0.6383203125	0.628271484375
0.0875	0.797998046875	0.75767578125	0.7532421875	0.716611328125	0.671259765625
0.1	0.79904296875	0.83345703125	0.824287109375	0.75119140625	0.7067578125
0.1125	0.863330078125	0.86408203125	0.825263671875	0.74826171875	0.735947265625
0.125	0.889931640625	0.891787109375	0.876708984375	0.800546875	0.758291015625
0.1375	0.91029296875	0.908564453125	0.898330078125	0.816767578125	0.776201171875
0.15	0.930126953125	0.925380859375	0.9126171875	0.831474609375	0.79115234375
0.1625	0.93982421875	0.94203125	0.924228515625	0.844306640625	0.81158203125
0.175	0.948388671875	0.911796875	0.932734375	0.85599609375	0.823447265625
0.1875	0.957587890625	0.957216796875	0.940400390625	0.8640234375	0.8329296875
0.2	0.964990234375	0.96447265625	0.944404296875	0.875615234375	0.8466015625
0.2125	0.96865234375	0.970546875	0.947841796875	0.881259765625	0.854892578125
0.225	0.975302734375	0.974912109375	0.951416015625	0.88765625	0.862177734375
0.2375	0.977294921875	0.977646484375	0.955576171875	0.89484375	0.869912109375
0.25	0.982294921875	0.98126953125	0.95548828125	0.89787109375	0.87822265625
0.2625	0.983916015625	0.9831640625	0.955546875	0.902001953125	0.88162109375
0.275	0.986845703125	0.986171875	0.9575390625	0.9104296875	0.888076171875
0.2875	0.988427734375	0.9880078125	0.9594921875	0.912802734375	0.894453125
0.3	0.989892578125	0.989521484375	0.958056640625	0.91697265625	0.900302734375
0.3125	0.9909375	0.991025390625	0.958486328125	0.92103515625	0.90333984375
0.325	0.991845703125	0.99203125	0.95798828125	0.923203125	0.908779296875
0.3375	0.993876953125	0.993701171875	0.95900390625	0.927314453125	0.912109375
0.35	0.994482421875	0.994208984375	0.9576953125	0.9301171875	0.9161328125
0.3625	0.995068359375	0.99486328125	0.95646484375	0.932431640625	0.92068359375
0.375	0.995859375	0.995712890625	0.956591796875	0.933828125	0.920966796875
0.3875	0.996123046875	0.996337890625	0.958671875	0.93759765625	0.9258203125
0.4	0.99681640625	0.9964453125	0.957783203125	0.939716796875	0.927265625
