1.0	0.0009765625	0.0009765625	0.0009765625	0.0009765625	0.0009765625
2.0	0.001396484375	0.00162109375	0.001923828125	0.00203125	0.001884765625
3.0	0.001591796875	0.00267578125	0.0033203125	0.003662109375	0.00337890625
4.0	0.001572265625	0.0042578125	0.005341796875	0.005439453125	0.004892578125
5.0	0.00150390625	0.006005859375	0.007490234375	0.00771484375	0.00662109375
6.0	0.00130859375	0.008095703125	0.01015625	0.0104296875	0.008515625
7.0	0.001103515625	0.011201171875	0.01361328125	0.013515625	0.01115234375
8.0	0.000947265625	0.014619140625	0.018525390625	0.018095703125	0.014443359375
9.0	0.000791015625	0.0196484375	0.024658203125	0.023642578125	0.01875
10.0	0.000654296875	0.025615234375	0.03267578125	0.030859375	0.025048828125
11.0	0.000576171875	0.033759765625	0.04236328125	0.03947265625	0.031591796875
12.0	0.000498046875	0.04384765625	0.054326171875	0.050634765625	0.04091796875
13.0	0.000439453125	0.057373046875	0.069833984375	0.06490234375	0.0517578125
14.0	0.000380859375	0.07353515625	0.087822265625	0.0813671875	0.065869140625
15.0	0.0003125	0.092978515625	0.111162109375	0.101845703125	0.08169921875
16.0	0.000263671875	0.116904296875	0.137861328125	0.1258984375	0.100546875
17.0	0.000234375	0.1466015625	0.169267578125	0.1521484375	0.121572265625
18.0	0.000185546875	0.179296875	0.20255859375	0.181552734375	0.14541015625
19.0	0.00015625	0.216220703125	0.23919921875	0.2118359375	0.1719140625
20.0	0.000146484375	0.2541015625	0.27693359375	0.244169921875	0.1994140625
21.0	0.000126953125	0.29126953125	0.31181640625	0.272109375	0.226455078125
22.0	0.000107421875	0.32556640625	0.34087890625	0.29568359375	0.2515234375
23.0	8.7890625e-5	0.35279296875	0.36177734375	0.315341796875	0.2723828125
24.0	6.8359375e-5	0.371748046875	0.372646484375	0.32572265625	0.29005859375
25.0	6.8359375e-5	0.3790625	0.37421875	0.3292578125	0.299287109375
26.0	6.8359375e-5	0.375439453125	0.36564453125	0.324599609375	0.301748046875
27.0	5.859375e-5	0.363642578125	0.349111328125	0.31509765625	0.299091796875
28.0	4.8828125e-5	0.343828125	0.325693359375	0.30138671875	0.294013671875
29.0	4.8828125e-5	0.318828125	0.297919921875	0.28568359375	0.283662109375
30.0	2.9296875e-5	0.288076171875	0.2686328125	0.2663671875	0.27048828125
31.0	9.765625e-6	0.25796875	0.23884765625	0.245712890625	0.2548046875
32.0	9.765625e-6	0.227744140625	0.20970703125	0.225712890625	0.23806640625
33.0	9.765625e-6	0.19849609375	0.183046875	0.20630859375	0.22146484375
34.0	9.765625e-6	0.172939453125	0.158203125	0.185458984375	0.203857421875
35.0	9.765625e-6	0.1489453125	0.136865234375	0.166923828125	0.18728515625
36.0	9.765625e-6	0.128408203125	0.11791015625	0.149208984375	0.171083984375
37.0	9.765625e-6	0.1107421875	0.101396484375	0.131982421875	0.154521484375
38.0	0.0	0.095048828125	0.08740234375	0.11521484375	0.139248046875
39.0	0.0	0.080908203125	0.07431640625	0.10048828125	0.124765625
40.0	0.0	0.0690625	0.063291015625	0.087373046875	0.111044921875
41.0	0.0	0.05919921875	0.053818359375	0.075810546875	0.09796875
42.0	0.0	0.0503125	0.045859375	0.0653125	0.0859765625
43.0	0.0	0.043291015625	0.038837890625	0.0561328125	0.0759375
44.0	0.0	0.036611328125	0.033564453125	0.048095703125	0.066845703125
45.0	0.0	0.031171875	0.02875	0.041279296875	0.05796875
46.0	0.0	0.02619140625	0.02447265625	0.03556640625	0.05015625
47.0	0.0	0.022392578125	0.020615234375	0.0303125	0.04373046875
48.0	0.0	0.018916015625	0.017529296875	0.025556640625	0.0375
49.0	0.0	0.015849609375	0.014794921875	0.022021484375	0.0325
50.0	0.0	0.013505859375	0.012548828125	0.018408203125	0.02796875
51.0	0.0	0.011484375	0.010615234375	0.015576171875	0.023837890625
52.0	0.0	0.0097265625	0.009150390625	0.013212890625	0.020361328125
53.0	0.0	0.008310546875	0.007666015625	0.01140625	0.017763671875
54.0	0.0	0.0069921875	0.006455078125	0.0096484375	0.015234375
55.0	0.0	0.0059375	0.005341796875	0.00822265625	0.013115234375
56.0	0.0	0.005107421875	0.00466796875	0.00693359375	0.0112890625
57.0	0.0	0.0044140625	0.00400390625	0.00583984375	0.009716796875
58.0	0.0	0.00375	0.003359375	0.005029296875	0.00837890625
59.0	0.0	0.003212890625	0.00283203125	0.004443359375	0.0071484375
60.0	0.0	0.002734375	0.002451171875	0.00365234375	0.00615234375
61.0	0.0	0.00232421875	0.002099609375	0.00306640625	0.005322265625
62.0	0.0	0.001953125	0.00169921875	0.002578125	0.004521484375
63.0	0.0	0.00169921875	0.00138671875	0.002177734375	0.003857421875
64.0	0.0	0.001416015625	0.00125	0.00201171875	0.00322265625
65.0	0.0	0.001171875	0.0010546875	0.00166015625	0.002666015625
66.0	0.0	0.00099609375	0.000869140625	0.001435546875	0.0022265625
67.0	0.0	0.00080078125	0.00078125	0.001201171875	0.001923828125
68.0	0.0	0.0006640625	0.000693359375	0.001015625	0.00158203125
69.0	0.0	0.0005078125	0.000576171875	0.000888671875	0.001376953125
70.0	0.0	0.00046875	0.0005078125	0.000732421875	0.001220703125
71.0	0.0	0.0004296875	0.00044921875	0.000595703125	0.001064453125
72.0	0.0	0.000361328125	0.000400390625	0.000439453125	0.0009765625
73.0	0.0	0.000283203125	0.000302734375	0.0003515625	0.000888671875
74.0	0.0	0.00025390625	0.000234375	0.00029296875	0.00076171875
75.0	0.0	0.00021484375	0.000224609375	0.00025390625	0.00064453125
76.0	0.0	0.00017578125	0.0001953125	0.000185546875	0.000576171875
77.0	0.0	0.00013671875	0.00017578125	0.00017578125	0.000498046875
78.0	0.0	0.000126953125	0.000126953125	0.00017578125	0.000439453125
79.0	0.0	9.765625e-5	7.8125e-5	0.000126953125	0.000390625
80.0	0.0	8.7890625e-5	7.8125e-5	9.765625e-5	0.000322265625
81.0	0.0	8.7890625e-5	6.8359375e-5	5.859375e-5	0.0002734375
82.0	0.0	7.8125e-5	5.859375e-5	4.8828125e-5	0.000244140625
83.0	0.0	6.8359375e-5	4.8828125e-5	4.8828125e-5	0.000224609375
84.0	0.0	6.8359375e-5	4.8828125e-5	3.90625e-5	0.0001953125
85.0	0.0	5.859375e-5	2.9296875e-5	3.90625e-5	0.000146484375
86.0	0.0	5.859375e-5	2.9296875e-5	2.9296875e-5	0.000126953125
87.0	0.0	5.859375e-5	2.9296875e-5	2.9296875e-5	9.765625e-5
88.0	0.0	4.8828125e-5	2.9296875e-5	2.9296875e-5	7.8125e-5
89.0	0.0	4.8828125e-5	2.9296875e-5	2.9296875e-5	7.8125e-5
90.0	0.0	4.8828125e-5	2.9296875e-5	9.765625e-6	5.859375e-5
91.0	0.0	4.8828125e-5	2.9296875e-5	9.765625e-6	3.90625e-5
92.0	0.0	2.9296875e-5	2.9296875e-5	9.765625e-6	2.9296875e-5
93.0	0.0	2.9296875e-5	1.953125e-5	9.765625e-6	2.9296875e-5
94.0	0.0	1.953125e-5	9.765625e-6	9.765625e-6	2.9296875e-5
95.0	0.0	1.953125e-5	9.765625e-6	9.765625e-6	1.953125e-5
96.0	0.0	1.953125e-5	9.765625e-6	9.765625e-6	1.953125e-5
97.0	0.0	1.953125e-5	9.765625e-6	9.765625e-6	1.953125e-5
98.0	0.0	9.765625e-6	9.765625e-6	9.765625e-6	1.953125e-5
99.0	0.0	9.765625e-6	9.765625e-6	0.0	1.953125e-5
100.0	0.0	0.0	9.765625e-6	0.0	1.953125e-5
101.0	0.0	0.0	9.765625e-6	0.0	9.765625e-6
102.0	0.0	0.0	9.765625e-6	0.0	0.0
103.0	0.0	0.0	9.765625e-6	0.0	0.0
104.0	0.0	0.0	9.765625e-6	0.0	0.0
105.0	0.0	0.0	9.765625e-6	0.0	0.0
106.0	0.0	0.0	9.765625e-6	0.0	0.0
107.0	0.0	0.0	9.765625e-6	0.0	0.0
108.0	0.0	0.0	9.765625e-6	0.0	0.0
109.0	0.0	0.0	9.765625e-6	0.0	0.0
110.0	0.0	0.0	9.765625e-6	0.0	0.0
111.0	0.0	0.0	9.765625e-6	0.0	0.0
112.0	0.0	0.0	9.765625e-6	0.0	0.0
113.0	0.0	0.0	9.765625e-6	0.0	0.0
114.0	0.0	0.0	9.765625e-6	0.0	0.0
115.0	0.0	0.0	9.765625e-6	0.0	0.0
116.0	0.0	0.0	9.765625e-6	0.0	0.0
117.0	0.0	0.0	9.765625e-6	0.0	0.0
118.0	0.0	0.0	9.765625e-6	0.0	0.0
119.0	0.0	0.0	0.0	0.0	0.0
120.0	0.0	0.0	0.0	0.0	0.0
121.0	0.0	0.0	0.0	0.0	0.0
122.0	0.0	0.0	0.0	0.0	0.0
123.0	0.0	0.0	0.0	0.0	0.0
124.0	0.0	0.0	0.0	0.0	0.0
125.0	0.0	0.0	0.0	0.0	0.0
126.0	0.0	0.0	0.0	0.0	0.0
127.0	0.0	0.0	0.0	0.0	0.0
128.0	0.0	0.0	0.0	0.0	0.0
129.0	0.0	0.0	0.0	0.0	0.0
130.0	0.0	0.0	0.0	0.0	0.0
131.0	0.0	0.0	0.0	0.0	0.0
132.0	0.0	0.0	0.0	0.0	0.0
133.0	0.0	0.0	0.0	0.0	0.0
134.0	0.0	0.0	0.0	0.0	0.0
135.0	0.0	0.0	0.0	0.0	0.0
136.0	0.0	0.0	0.0	0.0	0.0
137.0	0.0	0.0	0.0	0.0	0.0
138.0	0.0	0.0	0.0	0.0	0.0
139.0	0.0	0.0	0.0	0.0	0.0
140.0	0.0	0.0	0.0	0.0	0.0
141.0	0.0	0.0	0.0	0.0	0.0
142.0	0.0	0.0	0.0	0.0	0.0
143.0	0.0	0.0	0.0	0.0	0.0
144.0	0.0	0.0	0.0	0.0	0.0
145.0	0.0	0.0	0.0	0.0	0.0
146.0	0.0	0.0	0.0	0.0	0.0
147.0	0.0	0.0	0.0	0.0	0.0
148.0	0.0	0.0	0.0	0.0	0.0
149.0	0.0	0.0	0.0	0.0	0.0
150.0	0.0	0.0	0.0	0.0	0.0
151.0	0.0	0.0	0.0	0.0	0.0
152.0	0.0	0.0	0.0	0.0	0.0
153.0	0.0	0.0	0.0	0.0	0.0
154.0	0.0	0.0	0.0	0.0	0.0
155.0	0.0	0.0	0.0	0.0	0.0
156.0	0.0	0.0	0.0	0.0	0.0
157.0	0.0	0.0	0.0	0.0	0.0
158.0	0.0	0.0	0.0	0.0	0.0
159.0	0.0	0.0	0.0	0.0	0.0
160.0	0.0	0.0	0.0	0.0	0.0
161.0	0.0	0.0	0.0	0.0	0.0
162.0	0.0	0.0	0.0	0.0	0.0
163.0	0.0	0.0	0.0	0.0	0.0
164.0	0.0	0.0	0.0	0.0	0.0
165.0	0.0	0.0	0.0	0.0	0.0
166.0	0.0	0.0	0.0	0.0	0.0
167.0	0.0	0.0	0.0	0.0	0.0
168.0	0.0	0.0	0.0	0.0	0.0
169.0	0.0	0.0	0.0	0.0	0.0
170.0	0.0	0.0	0.0	0.0	0.0
171.0	0.0	0.0	0.0	0.0	0.0
172.0	0.0	0.0	0.0	0.0	0.0
173.0	0.0	0.0	0.0	0.0	0.0
174.0	0.0	0.0	0.0	0.0	0.0
175.0	0.0	0.0	0.0	0.0	0.0
176.0	0.0	0.0	0.0	0.0	0.0
177.0	0.0	0.0	0.0	0.0	0.0
178.0	0.0	0.0	0.0	0.0	0.0
179.0	0.0	0.0	0.0	0.0	0.0
180.0	0.0	0.0	0.0	0.0	0.0
181.0	0.0	0.0	0.0	0.0	0.0
182.0	0.0	0.0	0.0	0.0	0.0
183.0	0.0	0.0	0.0	0.0	0.0
184.0	0.0	0.0	0.0	0.0	0.0
185.0	0.0	0.0	0.0	0.0	0.0
186.0	0.0	0.0	0.0	0.0	0.0
187.0	0.0	0.0	0.0	0.0	0.0
188.0	0.0	0.0	0.0	0.0	0.0
189.0	0.0	0.0	0.0	0.0	0.0
190.0	0.0	0.0	0.0	0.0	0.0
191.0	0.0	0.0	0.0	0.0	0.0
192.0	0.0	0.0	0.0	0.0	0.0
193.0	0.0	0.0	0.0	0.0	0.0
194.0	0.0	0.0	0.0	0.0	0.0
195.0	0.0	0.0	0.0	0.0	0.0
196.0	0.0	0.0	0.0	0.0	0.0
197.0	0.0	0.0	0.0	0.0	0.0
198.0	0.0	0.0	0.0	0.0	0.0
199.0	0.0	0.0	0.0	0.0	0.0
200.0	0.0	0.0	0.0	0.0	0.0
201.0	0.0	0.0	0.0	0.0	0.0
202.0	0.0	0.0	0.0	0.0	0.0
203.0	0.0	0.0	0.0	0.0	0.0
204.0	0.0	0.0	0.0	0.0	0.0
205.0	0.0	0.0	0.0	0.0	0.0
206.0	0.0	0.0	0.0	0.0	0.0
207.0	0.0	0.0	0.0	0.0	0.0
208.0	0.0	0.0	0.0	0.0	0.0
209.0	0.0	0.0	0.0	0.0	0.0
210.0	0.0	0.0	0.0	0.0	0.0
211.0	0.0	0.0	0.0	0.0	0.0
212.0	0.0	0.0	0.0	0.0	0.0
213.0	0.0	0.0	0.0	0.0	0.0
214.0	0.0	0.0	0.0	0.0	0.0
215.0	0.0	0.0	0.0	0.0	0.0
216.0	0.0	0.0	0.0	0.0	0.0
217.0	0.0	0.0	0.0	0.0	0.0
218.0	0.0	0.0	0.0	0.0	0.0
219.0	0.0	0.0	0.0	0.0	0.0
220.0	0.0	0.0	0.0	0.0	0.0
221.0	0.0	0.0	0.0	0.0	0.0
222.0	0.0	0.0	0.0	0.0	0.0
223.0	0.0	0.0	0.0	0.0	0.0
224.0	0.0	0.0	0.0	0.0	0.0
225.0	0.0	0.0	0.0	0.0	0.0
226.0	0.0	0.0	0.0	0.0	0.0
227.0	0.0	0.0	0.0	0.0	0.0
228.0	0.0	0.0	0.0	0.0	0.0
229.0	0.0	0.0	0.0	0.0	0.0
230.0	0.0	0.0	0.0	0.0	0.0
231.0	0.0	0.0	0.0	0.0	0.0
232.0	0.0	0.0	0.0	0.0	0.0
233.0	0.0	0.0	0.0	0.0	0.0
234.0	0.0	0.0	0.0	0.0	0.0
235.0	0.0	0.0	0.0	0.0	0.0
236.0	0.0	0.0	0.0	0.0	0.0
237.0	0.0	0.0	0.0	0.0	0.0
238.0	0.0	0.0	0.0	0.0	0.0
239.0	0.0	0.0	0.0	0.0	0.0
240.0	0.0	0.0	0.0	0.0	0.0
241.0	0.0	0.0	0.0	0.0	0.0
242.0	0.0	0.0	0.0	0.0	0.0
243.0	0.0	0.0	0.0	0.0	0.0
244.0	0.0	0.0	0.0	0.0	0.0
245.0	0.0	0.0	0.0	0.0	0.0
246.0	0.0	0.0	0.0	0.0	0.0
247.0	0.0	0.0	0.0	0.0	0.0
248.0	0.0	0.0	0.0	0.0	0.0
249.0	0.0	0.0	0.0	0.0	0.0
250.0	0.0	0.0	0.0	0.0	0.0
251.0	0.0	0.0	0.0	0.0	0.0
252.0	0.0	0.0	0.0	0.0	0.0
253.0	0.0	0.0	0.0	0.0	0.0
254.0	0.0	0.0	0.0	0.0	0.0
255.0	0.0	0.0	0.0	0.0	0.0
256.0	0.0	0.0	0.0	0.0	0.0
257.0	0.0	0.0	0.0	0.0	0.0
258.0	0.0	0.0	0.0	0.0	0.0
259.0	0.0	0.0	0.0	0.0	0.0
260.0	0.0	0.0	0.0	0.0	0.0
261.0	0.0	0.0	0.0	0.0	0.0
262.0	0.0	0.0	0.0	0.0	0.0
263.0	0.0	0.0	0.0	0.0	0.0
264.0	0.0	0.0	0.0	0.0	0.0
265.0	0.0	0.0	0.0	0.0	0.0
266.0	0.0	0.0	0.0	0.0	0.0
267.0	0.0	0.0	0.0	0.0	0.0
268.0	0.0	0.0	0.0	0.0	0.0
269.0	0.0	0.0	0.0	0.0	0.0
270.0	0.0	0.0	0.0	0.0	0.0
271.0	0.0	0.0	0.0	0.0	0.0
272.0	0.0	0.0	0.0	0.0	0.0
273.0	0.0	0.0	0.0	0.0	0.0
274.0	0.0	0.0	0.0	0.0	0.0
275.0	0.0	0.0	0.0	0.0	0.0
276.0	0.0	0.0	0.0	0.0	0.0
277.0	0.0	0.0	0.0	0.0	0.0
278.0	0.0	0.0	0.0	0.0	0.0
279.0	0.0	0.0	0.0	0.0	0.0
280.0	0.0	0.0	0.0	0.0	0.0
281.0	0.0	0.0	0.0	0.0	0.0
282.0	0.0	0.0	0.0	0.0	0.0
283.0	0.0	0.0	0.0	0.0	0.0
284.0	0.0	0.0	0.0	0.0	0.0
285.0	0.0	0.0	0.0	0.0	0.0
286.0	0.0	0.0	0.0	0.0	0.0
287.0	0.0	0.0	0.0	0.0	0.0
288.0	0.0	0.0	0.0	0.0	0.0
289.0	0.0	0.0	0.0	0.0	0.0
290.0	0.0	0.0	0.0	0.0	0.0
291.0	0.0	0.0	0.0	0.0	0.0
292.0	0.0	0.0	0.0	0.0	0.0
293.0	0.0	0.0	0.0	0.0	0.0
294.0	0.0	0.0	0.0	0.0	0.0
295.0	0.0	0.0	0.0	0.0	0.0
296.0	0.0	0.0	0.0	0.0	0.0
297.0	0.0	0.0	0.0	0.0	0.0
298.0	0.0	0.0	0.0	0.0	0.0
299.0	0.0	0.0	0.0	0.0	0.0
300.0	0.0	0.0	0.0	0.0	0.0
301.0	0.0	0.0	0.0	0.0	0.0
302.0	0.0	0.0	0.0	0.0	0.0
303.0	0.0	0.0	0.0	0.0	0.0
304.0	0.0	0.0	0.0	0.0	0.0
305.0	0.0	0.0	0.0	0.0	0.0
306.0	0.0	0.0	0.0	0.0	0.0
307.0	0.0	0.0	0.0	0.0	0.0
308.0	0.0	0.0	0.0	0.0	0.0
309.0	0.0	0.0	0.0	0.0	0.0
310.0	0.0	0.0	0.0	0.0	0.0
311.0	0.0	0.0	0.0	0.0	0.0
312.0	0.0	0.0	0.0	0.0	0.0
313.0	0.0	0.0	0.0	0.0	0.0
314.0	0.0	0.0	0.0	0.0	0.0
315.0	0.0	0.0	0.0	0.0	0.0
316.0	0.0	0.0	0.0	0.0	0.0
317.0	0.0	0.0	0.0	0.0	0.0
318.0	0.0	0.0	0.0	0.0	0.0
319.0	0.0	0.0	0.0	0.0	0.0
320.0	0.0	0.0	0.0	0.0	0.0
321.0	0.0	0.0	0.0	0.0	0.0
322.0	0.0	0.0	0.0	0.0	0.0
323.0	0.0	0.0	0.0	0.0	0.0
324.0	0.0	0.0	0.0	0.0	0.0
325.0	0.0	0.0	0.0	0.0	0.0
326.0	0.0	0.0	0.0	0.0	0.0
327.0	0.0	0.0	0.0	0.0	0.0
328.0	0.0	0.0	0.0	0.0	0.0
329.0	0.0	0.0	0.0	0.0	0.0
330.0	0.0	0.0	0.0	0.0	0.0
331.0	0.0	0.0	0.0	0.0	0.0
332.0	0.0	0.0	0.0	0.0	0.0
333.0	0.0	0.0	0.0	0.0	0.0
334.0	0.0	0.0	0.0	0.0	0.0
335.0	0.0	0.0	0.0	0.0	0.0
336.0	0.0	0.0	0.0	0.0	0.0
337.0	0.0	0.0	0.0	0.0	0.0
338.0	0.0	0.0	0.0	0.0	0.0
339.0	0.0	0.0	0.0	0.0	0.0
340.0	0.0	0.0	0.0	0.0	0.0
341.0	0.0	0.0	0.0	0.0	0.0
342.0	0.0	0.0	0.0	0.0	0.0
343.0	0.0	0.0	0.0	0.0	0.0
344.0	0.0	0.0	0.0	0.0	0.0
345.0	0.0	0.0	0.0	0.0	0.0
346.0	0.0	0.0	0.0	0.0	0.0
347.0	0.0	0.0	0.0	0.0	0.0
348.0	0.0	0.0	0.0	0.0	0.0
349.0	0.0	0.0	0.0	0.0	0.0
350.0	0.0	0.0	0.0	0.0	0.0
351.0	0.0	0.0	0.0	0.0	0.0
352.0	0.0	0.0	0.0	0.0	0.0
353.0	0.0	0.0	0.0	0.0	0.0
354.0	0.0	0.0	0.0	0.0	0.0
355.0	0.0	0.0	0.0	0.0	0.0
356.0	0.0	0.0	0.0	0.0	0.0
357.0	0.0	0.0	0.0	0.0	0.0
358.0	0.0	0.0	0.0	0.0	0.0
359.0	0.0	0.0	0.0	0.0	0.0
360.0	0.0	0.0	0.0	0.0	0.0
361.0	0.0	0.0	0.0	0.0	0.0
362.0	0.0	0.0	0.0	0.0	0.0
363.0	0.0	0.0	0.0	0.0	0.0
364.0	0.0	0.0	0.0	0.0	0.0
365.0	0.0	0.0	0.0	0.0	0.0
366.0	0.0	0.0	0.0	0.0	0.0
367.0	0.0	0.0	0.0	0.0	0.0
368.0	0.0	0.0	0.0	0.0	0.0
369.0	0.0	0.0	0.0	0.0	0.0
370.0	0.0	0.0	0.0	0.0	0.0
371.0	0.0	0.0	0.0	0.0	0.0
372.0	0.0	0.0	0.0	0.0	0.0
373.0	0.0	0.0	0.0	0.0	0.0
374.0	0.0	0.0	0.0	0.0	0.0
375.0	0.0	0.0	0.0	0.0	0.0
376.0	0.0	0.0	0.0	0.0	0.0
377.0	0.0	0.0	0.0	0.0	0.0
378.0	0.0	0.0	0.0	0.0	0.0
379.0	0.0	0.0	0.0	0.0	0.0
380.0	0.0	0.0	0.0	0.0	0.0
381.0	0.0	0.0	0.0	0.0	0.0
382.0	0.0	0.0	0.0	0.0	0.0
383.0	0.0	0.0	0.0	0.0	0.0
384.0	0.0	0.0	0.0	0.0	0.0
385.0	0.0	0.0	0.0	0.0	0.0
386.0	0.0	0.0	0.0	0.0	0.0
387.0	0.0	0.0	0.0	0.0	0.0
388.0	0.0	0.0	0.0	0.0	0.0
389.0	0.0	0.0	0.0	0.0	0.0
390.0	0.0	0.0	0.0	0.0	0.0
391.0	0.0	0.0	0.0	0.0	0.0
392.0	0.0	0.0	0.0	0.0	0.0
393.0	0.0	0.0	0.0	0.0	0.0
394.0	0.0	0.0	0.0	0.0	0.0
395.0	0.0	0.0	0.0	0.0	0.0
396.0	0.0	0.0	0.0	0.0	0.0
397.0	0.0	0.0	0.0	0.0	0.0
398.0	0.0	0.0	0.0	0.0	0.0
399.0	0.0	0.0	0.0	0.0	0.0
400.0	0.0	0.0	0.0	0.0	0.0
401.0	0.0	0.0	0.0	0.0	0.0
402.0	0.0	0.0	0.0	0.0	0.0
403.0	0.0	0.0	0.0	0.0	0.0
404.0	0.0	0.0	0.0	0.0	0.0
405.0	0.0	0.0	0.0	0.0	0.0
406.0	0.0	0.0	0.0	0.0	0.0
407.0	0.0	0.0	0.0	0.0	0.0
408.0	0.0	0.0	0.0	0.0	0.0
409.0	0.0	0.0	0.0	0.0	0.0
410.0	0.0	0.0	0.0	0.0	0.0
411.0	0.0	0.0	0.0	0.0	0.0
412.0	0.0	0.0	0.0	0.0	0.0
413.0	0.0	0.0	0.0	0.0	0.0
414.0	0.0	0.0	0.0	0.0	0.0
415.0	0.0	0.0	0.0	0.0	0.0
416.0	0.0	0.0	0.0	0.0	0.0
417.0	0.0	0.0	0.0	0.0	0.0
418.0	0.0	0.0	0.0	0.0	0.0
419.0	0.0	0.0	0.0	0.0	0.0
420.0	0.0	0.0	0.0	0.0	0.0
421.0	0.0	0.0	0.0	0.0	0.0
422.0	0.0	0.0	0.0	0.0	0.0
423.0	0.0	0.0	0.0	0.0	0.0
424.0	0.0	0.0	0.0	0.0	0.0
425.0	0.0	0.0	0.0	0.0	0.0
426.0	0.0	0.0	0.0	0.0	0.0
427.0	0.0	0.0	0.0	0.0	0.0
428.0	0.0	0.0	0.0	0.0	0.0
429.0	0.0	0.0	0.0	0.0	0.0
430.0	0.0	0.0	0.0	0.0	0.0
431.0	0.0	0.0	0.0	0.0	0.0
432.0	0.0	0.0	0.0	0.0	0.0
433.0	0.0	0.0	0.0	0.0	0.0
434.0	0.0	0.0	0.0	0.0	0.0
435.0	0.0	0.0	0.0	0.0	0.0
436.0	0.0	0.0	0.0	0.0	0.0
437.0	0.0	0.0	0.0	0.0	0.0
438.0	0.0	0.0	0.0	0.0	0.0
439.0	0.0	0.0	0.0	0.0	0.0
440.0	0.0	0.0	0.0	0.0	0.0
441.0	0.0	0.0	0.0	0.0	0.0
442.0	0.0	0.0	0.0	0.0	0.0
443.0	0.0	0.0	0.0	0.0	0.0
444.0	0.0	0.0	0.0	0.0	0.0
445.0	0.0	0.0	0.0	0.0	0.0
446.0	0.0	0.0	0.0	0.0	0.0
447.0	0.0	0.0	0.0	0.0	0.0
448.0	0.0	0.0	0.0	0.0	0.0
449.0	0.0	0.0	0.0	0.0	0.0
450.0	0.0	0.0	0.0	0.0	0.0
451.0	0.0	0.0	0.0	0.0	0.0
452.0	0.0	0.0	0.0	0.0	0.0
453.0	0.0	0.0	0.0	0.0	0.0
454.0	0.0	0.0	0.0	0.0	0.0
455.0	0.0	0.0	0.0	0.0	0.0
456.0	0.0	0.0	0.0	0.0	0.0
457.0	0.0	0.0	0.0	0.0	0.0
458.0	0.0	0.0	0.0	0.0	0.0
459.0	0.0	0.0	0.0	0.0	0.0
460.0	0.0	0.0	0.0	0.0	0.0
461.0	0.0	0.0	0.0	0.0	0.0
462.0	0.0	0.0	0.0	0.0	0.0
463.0	0.0	0.0	0.0	0.0	0.0
464.0	0.0	0.0	0.0	0.0	0.0
465.0	0.0	0.0	0.0	0.0	0.0
466.0	0.0	0.0	0.0	0.0	0.0
467.0	0.0	0.0	0.0	0.0	0.0
468.0	0.0	0.0	0.0	0.0	0.0
469.0	0.0	0.0	0.0	0.0	0.0
470.0	0.0	0.0	0.0	0.0	0.0
471.0	0.0	0.0	0.0	0.0	0.0
472.0	0.0	0.0	0.0	0.0	0.0
473.0	0.0	0.0	0.0	0.0	0.0
474.0	0.0	0.0	0.0	0.0	0.0
475.0	0.0	0.0	0.0	0.0	0.0
476.0	0.0	0.0	0.0	0.0	0.0
477.0	0.0	0.0	0.0	0.0	0.0
478.0	0.0	0.0	0.0	0.0	0.0
479.0	0.0	0.0	0.0	0.0	0.0
480.0	0.0	0.0	0.0	0.0	0.0
481.0	0.0	0.0	0.0	0.0	0.0
482.0	0.0	0.0	0.0	0.0	0.0
483.0	0.0	0.0	0.0	0.0	0.0
484.0	0.0	0.0	0.0	0.0	0.0
485.0	0.0	0.0	0.0	0.0	0.0
486.0	0.0	0.0	0.0	0.0	0.0
487.0	0.0	0.0	0.0	0.0	0.0
488.0	0.0	0.0	0.0	0.0	0.0
489.0	0.0	0.0	0.0	0.0	0.0
490.0	0.0	0.0	0.0	0.0	0.0
491.0	0.0	0.0	0.0	0.0	0.0
492.0	0.0	0.0	0.0	0.0	0.0
493.0	0.0	0.0	0.0	0.0	0.0
494.0	0.0	0.0	0.0	0.0	0.0
495.0	0.0	0.0	0.0	0.0	0.0
496.0	0.0	0.0	0.0	0.0	0.0
497.0	0.0	0.0	0.0	0.0	0.0
498.0	0.0	0.0	0.0	0.0	0.0
499.0	0.0	0.0	0.0	0.0	0.0
500.0	0.0	0.0	0.0	0.0	0.0
