0.001005859375	0.89251953125	0.892578125	0.89390625	0.892607421875	0.8937109375	0.894140625	0.89296875	0.894072265625	0.89322265625	0.892978515625	0.89345703125	0.893564453125	0.891865234375	0.893271484375	0.892138671875	0.893388671875	0.8937890625	0.89296875	0.892177734375	0.8912890625	0.892490234375	0.89296875	0.856962890625	0.894013671875	0.89349609375	0.894609375	0.892080078125	0.89384765625	0.892607421875	0.85703125	0.892734375	0.8908984375	0.894208984375	0.894267578125	0.8915234375	0.892744140625	0.89458984375	0.89490234375	0.892509765625	0.893466796875
0.001005859375	0.033447265625	0.89451171875	0.894345703125	0.893408203125	0.895380859375	0.893125	0.8943359375	0.89310546875	0.895205078125	0.894638671875	0.8944140625	0.8924609375	0.893154296875	0.8941796875	0.894013671875	0.894619140625	0.8913671875	0.891689453125	0.891767578125	0.892421875	0.893828125	0.894697265625	0.893310546875	0.89513671875	0.890703125	0.85568359375	0.895634765625	0.89494140625	0.891630859375	0.89359375	0.892294921875	0.893828125	0.894384765625	0.893837890625	0.89314453125	0.894111328125	0.891923828125	0.89447265625	0.89091796875	0.89470703125
0.001044921875	0.015	0.03275390625	0.8928125	0.8933203125	0.895361328125	0.894951171875	0.894814453125	0.894794921875	0.89306640625	0.8926171875	0.89244140625	0.895537109375	0.8930078125	0.89302734375	0.89419921875	0.892900390625	0.89361328125	0.8928125	0.891171875	0.89267578125	0.858388671875	0.894755859375	0.893291015625	0.895205078125	0.8584375	0.892783203125	0.89427734375	0.896767578125	0.892314453125	0.892880859375	0.893369140625	0.89296875	0.8921875	0.89345703125	0.8929296875	0.893232421875	0.891689453125	0.892001953125	0.893984375	0.892177734375
0.001005859375	0.011806640625	0.031708984375	0.042822265625	0.8936328125	0.89353515625	0.895732421875	0.893017578125	0.895419921875	0.893642578125	0.893115234375	0.89109375	0.895224609375	0.89453125	0.895341796875	0.892158203125	0.8941796875	0.89427734375	0.894248046875	0.8924609375	0.89291015625	0.859033203125	0.891845703125	0.893056640625	0.892119140625	0.892607421875	0.892763671875	0.895205078125	0.89353515625	0.8929296875	0.892109375	0.892568359375	0.89310546875	0.893486328125	0.89376953125	0.894814453125	0.893974609375	0.894052734375	0.8948828125	0.89302734375	0.89275390625
0.000986328125	0.00443359375	0.013818359375	0.027001953125	0.03404296875	0.891962890625	0.89234375	0.895380859375	0.892880859375	0.892080078125	0.892080078125	0.858046875	0.89298828125	0.893046875	0.89384765625	0.8919921875	0.894375	0.892568359375	0.893134765625	0.8937890625	0.895205078125	0.890791015625	0.89654296875	0.892353515625	0.8934765625	0.893671875	0.890029296875	0.89361328125	0.89474609375	0.89359375	0.89302734375	0.893466796875	0.89408203125	0.89279296875	0.89369140625	0.890517578125	0.890908203125	0.857802734375	0.893115234375	0.89474609375	0.892861328125
0.001025390625	0.0025	0.011767578125	0.0282421875	0.031416015625	0.044462890625	0.893056640625	0.89341796875	0.893759765625	0.894228515625	0.89419921875	0.8928515625	0.892236328125	0.893330078125	0.893486328125	0.892919921875	0.8940234375	0.896708984375	0.89244140625	0.893974609375	0.892333984375	0.892138671875	0.89380859375	0.89353515625	0.89310546875	0.89255859375	0.895087890625	0.894599609375	0.8930078125	0.8935546875	0.89537109375	0.89240234375	0.895185546875	0.89244140625	0.89193359375	0.89302734375	0.89302734375	0.89322265625	0.89263671875	0.893818359375	0.893486328125
0.001015625	0.001953125	0.012763671875	0.016591796875	0.029736328125	0.051123046875	0.10623046875	0.893896484375	0.892197265625	0.89369140625	0.894853515625	0.895751953125	0.8928125	0.8946484375	0.893134765625	0.8933203125	0.892119140625	0.89171875	0.892529296875	0.89224609375	0.892763671875	0.8921875	0.891640625	0.895009765625	0.89453125	0.892353515625	0.89376953125	0.892548828125	0.8933984375	0.894306640625	0.895009765625	0.893701171875	0.89212890625	0.891953125	0.894169921875	0.89580078125	0.893505859375	0.893564453125	0.895654296875	0.89326171875	0.893330078125
0.00099609375	0.001611328125	0.00689453125	0.011328125	0.030283203125	0.0459765625	0.116943359375	0.24751953125	0.892822265625	0.892861328125	0.893623046875	0.8912109375	0.895068359375	0.89310546875	0.892578125	0.893955078125	0.892470703125	0.8934765625	0.8942578125	0.893125	0.858046875	0.89333984375	0.8949609375	0.89171875	0.8941015625	0.89142578125	0.895107421875	0.894951171875	0.89142578125	0.8934765625	0.893046875	0.893193359375	0.891064453125	0.893857421875	0.893876953125	0.8915625	0.893662109375	0.893623046875	0.892607421875	0.892314453125	0.89443359375
0.001025390625	0.0012109375	0.00447265625	0.012568359375	0.014755859375	0.047978515625	0.081455078125	0.2461328125	0.283798828125	0.89431640625	0.89310546875	0.893818359375	0.89134765625	0.892626953125	0.894189453125	0.892392578125	0.89279296875	0.893583984375	0.89564453125	0.8937890625	0.89259765625	0.89177734375	0.891875	0.893017578125	0.894755859375	0.894384765625	0.894072265625	0.891796875	0.892705078125	0.894521484375	0.891240234375	0.893828125	0.89369140625	0.893955078125	0.858017578125	0.892783203125	0.89259765625	0.892275390625	0.89380859375	0.893095703125	0.893046875
0.0010546875	0.00107421875	0.0039453125	0.00740234375	0.015283203125	0.038876953125	0.0776953125	0.229951171875	0.36810546875	0.4330078125	0.89462890625	0.895	0.894384765625	0.89208984375	0.893623046875	0.894462890625	0.89423828125	0.89296875	0.894052734375	0.8946875	0.892744140625	0.892685546875	0.893134765625	0.89236328125	0.856298828125	0.894560546875	0.893330078125	0.89205078125	0.893466796875	0.894970703125	0.8945703125	0.894296875	0.892734375	0.890859375	0.89205078125	0.893349609375	0.8944140625	0.89345703125	0.8930859375	0.8916796875	0.89494140625
0.001015625	0.0010546875	0.002412109375	0.008291015625	0.013828125	0.01908203125	0.07109375	0.197109375	0.35625	0.421123046875	0.470576171875	0.895341796875	0.892138671875	0.894287109375	0.893779296875	0.895029296875	0.893583984375	0.89265625	0.895234375	0.856640625	0.893759765625	0.893779296875	0.8942578125	0.85884765625	0.894248046875	0.89279296875	0.8937109375	0.891650390625	0.89443359375	0.89173828125	0.89240234375	0.89318359375	0.89279296875	0.89228515625	0.893046875	0.893701171875	0.89453125	0.893603515625	0.892919921875	0.8947265625	0.89140625
0.00103515625	0.001083984375	0.002294921875	0.00826171875	0.01513671875	0.03146484375	0.14970703125	0.169033203125	0.325224609375	0.413828125	0.500302734375	0.563828125	0.894365234375	0.893427734375	0.893076171875	0.893994140625	0.894013671875	0.891591796875	0.892294921875	0.8916015625	0.89427734375	0.894443359375	0.89193359375	0.858291015625	0.892685546875	0.8934765625	0.892353515625	0.8925	0.89521484375	0.892421875	0.89333984375	0.857841796875	0.8940234375	0.891953125	0.894267578125	0.895625	0.89294921875	0.89455078125	0.89255859375	0.891025390625	0.891748046875
0.00099609375	0.001005859375	0.002939453125	0.004697265625	0.0171875	0.034443359375	0.071767578125	0.168564453125	0.335810546875	0.403076171875	0.485849609375	0.563564453125	0.61357421875	0.894111328125	0.859013671875	0.89458984375	0.89427734375	0.893662109375	0.89349609375	0.894091796875	0.894931640625	0.892060546875	0.893984375	0.894873046875	0.8942578125	0.893505859375	0.894697265625	0.892158203125	0.89322265625	0.89439453125	0.89498046875	0.893212890625	0.894453125	0.894609375	0.89474609375	0.8936328125	0.89369140625	0.893798828125	0.89509765625	0.893623046875	0.894072265625
0.001015625	0.001015625	0.0017578125	0.00333984375	0.0096484375	0.03275390625	0.074140625	0.227421875	0.28197265625	0.36826171875	0.474140625	0.534453125	0.587490234375	0.646181640625	0.895380859375	0.894501953125	0.893251953125	0.893818359375	0.89416015625	0.892646484375	0.893046875	0.89388671875	0.89423828125	0.893037109375	0.894677734375	0.893310546875	0.89421875	0.894951171875	0.893466796875	0.893037109375	0.89384765625	0.8936328125	0.893603515625	0.893583984375	0.89392578125	0.893486328125	0.89373046875	0.893134765625	0.891083984375	0.89318359375	0.895029296875
0.00103515625	0.001025390625	0.0017578125	0.004814453125	0.009423828125	0.027734375	0.075791015625	0.145458984375	0.2623046875	0.3612109375	0.440048828125	0.516259765625	0.582275390625	0.6341015625	0.76921875	0.893388671875	0.8937890625	0.89220703125	0.85763671875	0.8935546875	0.89306640625	0.892109375	0.892333984375	0.893369140625	0.892919921875	0.893916015625	0.892314453125	0.892958984375	0.89392578125	0.893642578125	0.89265625	0.89345703125	0.893818359375	0.892275390625	0.892734375	0.894169921875	0.891962890625	0.893916015625	0.89505859375	0.892431640625	0.893173828125
0.00103515625	0.001025390625	0.001328125	0.002744140625	0.011484375	0.017158203125	0.067919921875	0.14	0.261533203125	0.334619140625	0.37666015625	0.47830078125	0.557568359375	0.64443359375	0.73314453125	0.782373046875	0.8963671875	0.89326171875	0.855947265625	0.892490234375	0.8915625	0.893359375	0.893837890625	0.89572265625	0.89265625	0.894814453125	0.89193359375	0.895224609375	0.894638671875	0.89498046875	0.8934765625	0.893505859375	0.8928125	0.892236328125	0.89390625	0.892353515625	0.893095703125	0.89154296875	0.89427734375	0.893974609375	0.894951171875
0.00099609375	0.001005859375	0.00111328125	0.002470703125	0.0070703125	0.033837890625	0.066943359375	0.147373046875	0.201923828125	0.329306640625	0.385205078125	0.472744140625	0.516044921875	0.635791015625	0.692373046875	0.7936328125	0.8126171875	0.89271484375	0.892490234375	0.895205078125	0.893193359375	0.89330078125	0.893056640625	0.89279296875	0.893203125	0.89375	0.892392578125	0.893330078125	0.892001953125	0.89275390625	0.893134765625	0.89310546875	0.89408203125	0.893955078125	0.893330078125	0.894150390625	0.892744140625	0.89431640625	0.897236328125	0.89255859375	0.895849609375
0.001064453125	0.00103515625	0.001201171875	0.0023046875	0.006748046875	0.0324609375	0.11646484375	0.144072265625	0.211015625	0.326474609375	0.36671875	0.422705078125	0.538134765625	0.600654296875	0.693525390625	0.79142578125	0.81705078125	0.83091796875	0.893681640625	0.8926953125	0.89404296875	0.894638671875	0.893759765625	0.892763671875	0.894541015625	0.893916015625	0.894326171875	0.893779296875	0.892041015625	0.893359375	0.85857421875	0.89267578125	0.8940625	0.89107421875	0.89345703125	0.893759765625	0.89521484375	0.893701171875	0.89345703125	0.89466796875	0.891689453125
0.001005859375	0.001025390625	0.00099609375	0.001552734375	0.00697265625	0.035654296875	0.071103515625	0.13431640625	0.20283203125	0.24951171875	0.362578125	0.427353515625	0.49041015625	0.573955078125	0.691064453125	0.79037109375	0.810419921875	0.828779296875	0.835166015625	0.8926171875	0.8937890625	0.892080078125	0.89392578125	0.894521484375	0.892626953125	0.89384765625	0.894345703125	0.895439453125	0.89265625	0.892666015625	0.894619140625	0.892939453125	0.892646484375	0.894697265625	0.89373046875	0.89244140625	0.895419921875	0.89458984375	0.89484375	0.89466796875	0.857744140625
0.00103515625	0.00099609375	0.001064453125	0.001484375	0.008486328125	0.030771484375	0.070361328125	0.13517578125	0.194296875	0.24908203125	0.363642578125	0.410908203125	0.486279296875	0.570947265625	0.672509765625	0.78076171875	0.807138671875	0.82818359375	0.83384765625	0.840576171875	0.89505859375	0.858154296875	0.893408203125	0.89169921875	0.89265625	0.89560546875	0.894423828125	0.89470703125	0.894287109375	0.859248046875	0.894052734375	0.8933203125	0.894755859375	0.89265625	0.85708984375	0.8926171875	0.893134765625	0.89314453125	0.893037109375	0.893017578125	0.891640625
0.00099609375	0.0010546875	0.001064453125	0.001630859375	0.00283203125	0.014384765625	0.073916015625	0.16716796875	0.185498046875	0.239755859375	0.268828125	0.4251171875	0.467392578125	0.55849609375	0.71150390625	0.751201171875	0.80138671875	0.82845703125	0.83060546875	0.835888671875	0.83685546875	0.894443359375	0.892841796875	0.893623046875	0.89470703125	0.894736328125	0.893701171875	0.8930859375	0.895595703125	0.893740234375	0.892744140625	0.893388671875	0.894833984375	0.89375	0.89525390625	0.894638671875	0.8934375	0.89482421875	0.8949609375	0.892431640625	0.894912109375
0.001015625	0.001025390625	0.001064453125	0.001328125	0.0039453125	0.033544921875	0.0705078125	0.117119140625	0.20078125	0.245703125	0.3022265625	0.408994140625	0.542958984375	0.659306640625	0.709755859375	0.76921875	0.769638671875	0.825205078125	0.83046875	0.834580078125	0.838115234375	0.840634765625	0.89271484375	0.895107421875	0.85822265625	0.893583984375	0.891923828125	0.892265625	0.894287109375	0.89376953125	0.89353515625	0.89150390625	0.889912109375	0.894130859375	0.892392578125	0.893447265625	0.89248046875	0.894072265625	0.89427734375	0.8926953125	0.894423828125
0.0009765625	0.001005859375	0.001044921875	0.0013671875	0.005078125	0.03462890625	0.07537109375	0.11900390625	0.197060546875	0.274375	0.30166015625	0.54953125	0.537138671875	0.6707421875	0.71205078125	0.76958984375	0.792626953125	0.812138671875	0.831220703125	0.834638671875	0.838173828125	0.84	0.83962890625	0.89296875	0.8932421875	0.89478515625	0.896171875	0.892919921875	0.89255859375	0.893154296875	0.89455078125	0.892763671875	0.8923828125	0.89267578125	0.894775390625	0.89458984375	0.892373046875	0.896123046875	0.893251953125	0.893212890625	0.892294921875
0.001025390625	0.001044921875	0.001005859375	0.001328125	0.005166015625	0.037861328125	0.09984375	0.13021484375	0.19544921875	0.2632421875	0.3008984375	0.556904296875	0.66720703125	0.683271484375	0.718916015625	0.751875	0.79134765625	0.80462890625	0.825615234375	0.834443359375	0.83513671875	0.839404296875	0.8396875	0.839697265625	0.89326171875	0.892158203125	0.893037109375	0.893837890625	0.895283203125	0.8927734375	0.893203125	0.894296875	0.895478515625	0.893203125	0.893212890625	0.894072265625	0.894462890625	0.894130859375	0.8951171875	0.892724609375	0.894453125
0.001005859375	0.001025390625	0.00107421875	0.001142578125	0.004638671875	0.036923828125	0.068359375	0.135625	0.19453125	0.2774609375	0.561591796875	0.577841796875	0.568310546875	0.693984375	0.71462890625	0.750732421875	0.781328125	0.808232421875	0.824697265625	0.83201171875	0.8356640625	0.838564453125	0.83865234375	0.83921875	0.84087890625	0.892568359375	0.8956640625	0.89248046875	0.893759765625	0.892109375	0.89564453125	0.892724609375	0.8928515625	0.891884765625	0.8922265625	0.893466796875	0.893740234375	0.894609375	0.89576171875	0.8948828125	0.89564453125
0.001025390625	0.00099609375	0.001044921875	0.001171875	0.00267578125	0.013564453125	0.07134765625	0.132666015625	0.405107421875	0.410712890625	0.553046875	0.577294921875	0.596845703125	0.698876953125	0.723720703125	0.735849609375	0.776884765625	0.8081640625	0.819755859375	0.829443359375	0.831904296875	0.83828125	0.83830078125	0.841083984375	0.84208984375	0.840654296875	0.894189453125	0.8941796875	0.89265625	0.89333984375	0.894892578125	0.892978515625	0.8955859375	0.893720703125	0.893017578125	0.893798828125	0.891630859375	0.89123046875	0.895791015625	0.89521484375	0.894482421875
0.001005859375	0.001005859375	0.001025390625	0.001162109375	0.003603515625	0.040556640625	0.085966796875	0.14111328125	0.39927734375	0.550908203125	0.55203125	0.573173828125	0.602265625	0.5963671875	0.72640625	0.744150390625	0.779130859375	0.79267578125	0.8210546875	0.825029296875	0.83224609375	0.8372265625	0.8398046875	0.840146484375	0.841689453125	0.83962890625	0.841181640625	0.893681640625	0.8942578125	0.893017578125	0.89162109375	0.892646484375	0.893076171875	0.894404296875	0.89408203125	0.891943359375	0.894677734375	0.89328125	0.89203125	0.894345703125	0.894384765625
0.00103515625	0.001025390625	0.00099609375	0.0010546875	0.002978515625	0.03177734375	0.09435546875	0.382548828125	0.40703125	0.42626953125	0.55775390625	0.5803125	0.6035546875	0.629033203125	0.73265625	0.744853515625	0.77009765625	0.7929296875	0.807041015625	0.825009765625	0.826044921875	0.803701171875	0.840048828125	0.83986328125	0.841015625	0.841943359375	0.84087890625	0.8415234375	0.894013671875	0.8934765625	0.893671875	0.89359375	0.892451171875	0.89390625	0.891669921875	0.892109375	0.894013671875	0.89466796875	0.893818359375	0.8923828125	0.89443359375
0.0009765625	0.00099609375	0.00099609375	0.0010546875	0.002666015625	0.036376953125	0.09205078125	0.2344140625	0.403134765625	0.4156640625	0.553828125	0.568876953125	0.610634765625	0.63072265625	0.652314453125	0.74375	0.768759765625	0.78275390625	0.79916015625	0.8250390625	0.826171875	0.83580078125	0.839130859375	0.83935546875	0.840283203125	0.841904296875	0.840830078125	0.841611328125	0.844091796875	0.891943359375	0.8921875	0.8916796875	0.893681640625	0.89279296875	0.8929296875	0.894677734375	0.89185546875	0.89361328125	0.891767578125	0.893291015625	0.893349609375
0.001005859375	0.00103515625	0.001025390625	0.00111328125	0.001220703125	0.042177734375	0.228759765625	0.234765625	0.401494140625	0.420126953125	0.553681640625	0.57478515625	0.61470703125	0.63859375	0.656044921875	0.74529296875	0.76046875	0.781240234375	0.797255859375	0.810849609375	0.827880859375	0.83376953125	0.8387109375	0.840947265625	0.839931640625	0.84048828125	0.841923828125	0.842158203125	0.842275390625	0.842705078125	0.893955078125	0.893984375	0.89326171875	0.893955078125	0.89369140625	0.89373046875	0.89423828125	0.891884765625	0.893447265625	0.89314453125	0.8924609375
0.001025390625	0.001005859375	0.001005859375	0.001025390625	0.0014453125	0.00265625	0.06986328125	0.222568359375	0.40064453125	0.42033203125	0.42458984375	0.5840625	0.603349609375	0.6368359375	0.65244140625	0.6620703125	0.75857421875	0.773505859375	0.797255859375	0.808154296875	0.81017578125	0.83166015625	0.834482421875	0.839755859375	0.840302734375	0.84080078125	0.841416015625	0.84142578125	0.842080078125	0.8416015625	0.842255859375	0.892490234375	0.891865234375	0.8573828125	0.89470703125	0.8941796875	0.895185546875	0.8940234375	0.893837890625	0.892685546875	0.894111328125
0.001005859375	0.001044921875	0.001025390625	0.001015625	0.001728515625	0.00384765625	0.06666015625	0.242890625	0.38703125	0.420732421875	0.447578125	0.56646484375	0.606953125	0.64224609375	0.660107421875	0.67306640625	0.76189453125	0.775078125	0.79576171875	0.808125	0.81046875	0.833076171875	0.834150390625	0.837421875	0.8066015625	0.8393359375	0.84158203125	0.841591796875	0.8426171875	0.843408203125	0.843525390625	0.8412109375	0.896025390625	0.896318359375	0.893798828125	0.89330078125	0.893046875	0.894189453125	0.89302734375	0.893642578125	0.89314453125
0.001015625	0.00099609375	0.001044921875	0.0011328125	0.0012890625	0.00505859375	0.06404296875	0.24208984375	0.261103515625	0.41779296875	0.446904296875	0.5901953125	0.600947265625	0.64044921875	0.661064453125	0.67333984375	0.679443359375	0.766494140625	0.787138671875	0.80837890625	0.8110546875	0.81572265625	0.83162109375	0.837509765625	0.83529296875	0.84083984375	0.840703125	0.842470703125	0.842626953125	0.842744140625	0.84052734375	0.844560546875	0.84166015625	0.892763671875	0.893896484375	0.8946875	0.891826171875	0.892998046875	0.8928125	0.891943359375	0.895126953125
0.001015625	0.001015625	0.00103515625	0.00103515625	0.00119140625	0.003408203125	0.06833984375	0.233916015625	0.270615234375	0.41953125	0.44685546875	0.58931640625	0.603955078125	0.638486328125	0.659208984375	0.672314453125	0.6798828125	0.7661328125	0.78892578125	0.808154296875	0.812822265625	0.815458984375	0.83431640625	0.833779296875	0.837626953125	0.84048828125	0.841279296875	0.841748046875	0.84154296875	0.843037109375	0.841494140625	0.842236328125	0.843603515625	0.843359375	0.895009765625	0.89248046875	0.893896484375	0.8927734375	0.89271484375	0.893798828125	0.8944140625
0.001064453125	0.001005859375	0.0009765625	0.001025390625	0.00109375	0.00357421875	0.065458984375	0.245	0.266484375	0.42248046875	0.456171875	0.464013671875	0.60541015625	0.6379296875	0.634677734375	0.6754296875	0.6796875	0.678427734375	0.77396484375	0.799921875	0.81001953125	0.816240234375	0.8183203125	0.83205078125	0.836982421875	0.837158203125	0.8399609375	0.83986328125	0.8410546875	0.84234375	0.843408203125	0.84345703125	0.841572265625	0.842080078125	0.842373046875	0.891875	0.89318359375	0.89580078125	0.894208984375	0.891044921875	0.89330078125
0.001044921875	0.001064453125	0.00099609375	0.001025390625	0.001357421875	0.001357421875	0.0728515625	0.076953125	0.269521484375	0.42888671875	0.456494140625	0.484521484375	0.600263671875	0.63810546875	0.65541015625	0.673232421875	0.67955078125	0.68251953125	0.770224609375	0.799189453125	0.777412109375	0.780068359375	0.81724609375	0.81705078125	0.833515625	0.8378125	0.83646484375	0.842392578125	0.840068359375	0.8423828125	0.841240234375	0.842421875	0.839931640625	0.840810546875	0.8419921875	0.841669921875	0.892470703125	0.893623046875	0.892587890625	0.891689453125	0.8933203125
0.001015625	0.001015625	0.00103515625	0.00099609375	0.001083984375	0.001494140625	0.0026171875	0.07205078125	0.272451171875	0.278115234375	0.458515625	0.48529296875	0.496806640625	0.63994140625	0.656162109375	0.673759765625	0.681123046875	0.654775390625	0.682783203125	0.791416015625	0.8090234375	0.814384765625	0.8179296875	0.816875	0.820185546875	0.83748046875	0.8378515625	0.8387890625	0.841357421875	0.84130859375	0.840048828125	0.8437890625	0.842080078125	0.842236328125	0.842314453125	0.841103515625	0.840263671875	0.892666015625	0.89107421875	0.893095703125	0.8946875
0.001044921875	0.001005859375	0.001044921875	0.001015625	0.00107421875	0.001455078125	0.0029296875	0.08634765625	0.27375	0.286005859375	0.458603515625	0.49595703125	0.49923828125	0.6266796875	0.664287109375	0.675400390625	0.6812890625	0.681435546875	0.68162109375	0.77548828125	0.811953125	0.81453125	0.814248046875	0.81697265625	0.8158984375	0.832646484375	0.804794921875	0.83935546875	0.84033203125	0.842255859375	0.8421875	0.84203125	0.84048828125	0.841806640625	0.842138671875	0.8408984375	0.843486328125	0.8421484375	0.895556640625	0.89294921875	0.89171875
0.00103515625	0.001044921875	0.001025390625	0.001015625	0.001103515625	0.001552734375	0.004189453125	0.073310546875	0.2537109375	0.299716796875	0.4591796875	0.49708984375	0.481455078125	0.61591796875	0.66400390625	0.6675390625	0.68154296875	0.68205078125	0.68216796875	0.68072265625	0.80873046875	0.81501953125	0.81646484375	0.818076171875	0.81873046875	0.81771484375	0.836337890625	0.8411328125	0.83712890625	0.842119140625	0.843701171875	0.841630859375	0.842021484375	0.8423046875	0.840947265625	0.841728515625	0.842587890625	0.842373046875	0.84421875	0.893232421875	0.89271484375
0.001044921875	0.00099609375	0.001044921875	0.001015625	0.001044921875	0.00150390625	0.004130859375	0.081318359375	0.268095703125	0.301865234375	0.45646484375	0.4960546875	0.480703125	0.498369140625	0.668115234375	0.66751953125	0.681630859375	0.6813671875	0.68294921875	0.681669921875	0.810439453125	0.81654296875	0.814111328125	0.815810546875	0.8180859375	0.818740234375	0.818544921875	0.83984375	0.83994140625	0.838330078125	0.8401953125	0.80783203125	0.84037109375	0.843037109375	0.840205078125	0.8419921875	0.84212890625	0.8413671875	0.843076171875	0.842509765625	0.89408203125
0.00099609375	0.001015625	0.001005859375	0.001064453125	0.00103515625	0.00115234375	0.003359375	0.081181640625	0.068662109375	0.302900390625	0.2782421875	0.496669921875	0.498095703125	0.500205078125	0.669951171875	0.66908203125	0.66828125	0.68294921875	0.68294921875	0.68125	0.680126953125	0.818154296875	0.8152734375	0.814921875	0.814072265625	0.819775390625	0.819033203125	0.838515625	0.83787109375	0.840341796875	0.8394921875	0.84111328125	0.84166015625	0.843095703125	0.8418359375	0.8427734375	0.809931640625	0.841181640625	0.841787109375	0.809443359375	0.842578125
