2.0	0.0	0.0	0.0	0.0	0.0	0.0	0.0	0.0	0.0	0.0	0.0	0.0	0.0	0.0	0.0	0.0	0.0	0.0	0.0	0.0	0.0	0.0	0.0	0.0	0.0	0.0	0.0	0.0	0.0	0.0	0.0	0.0	0.0	0.0	0.0	0.0	0.0	0.0	0.0	0.0
2.0	13.36	0.0	0.0	0.0	0.0	0.0	0.0	0.0	0.0	0.0	0.0	0.0	0.0	0.0	0.0	0.0	0.0	0.0	0.0	0.0	0.0	0.0	0.0	0.0	0.0	0.0	0.0	0.0	0.0	0.0	0.0	0.0	0.0	0.0	0.0	0.0	0.0	0.0	0.0	0.0
2.0	11.6	12.96	0.0	0.0	0.0	0.0	0.0	0.0	0.0	0.0	0.0	0.0	0.0	0.0	0.0	0.0	0.0	0.0	0.0	0.0	0.0	0.0	0.0	0.0	0.0	0.0	0.0	0.0	0.0	0.0	0.0	0.0	0.0	0.0	0.0	0.0	0.0	0.0	0.0	0.0
2.0	11.6	12.76	13.52	0.0	0.0	0.0	0.0	0.0	0.0	0.0	0.0	0.0	0.0	0.0	0.0	0.0	0.0	0.0	0.0	0.0	0.0	0.0	0.0	0.0	0.0	0.0	0.0	0.0	0.0	0.0	0.0	0.0	0.0	0.0	0.0	0.0	0.0	0.0	0.0	0.0
2.0	10.08	11.48	13.12	13.6	0.0	0.0	0.0	0.0	0.0	0.0	0.0	0.0	0.0	0.0	0.0	0.0	0.0	0.0	0.0	0.0	0.0	0.0	0.0	0.0	0.0	0.0	0.0	0.0	0.0	0.0	0.0	0.0	0.0	0.0	0.0	0.0	0.0	0.0	0.0	0.0
2.0	9.8	11.6	13.36	13.8	13.96	0.0	0.0	0.0	0.0	0.0	0.0	0.0	0.0	0.0	0.0	0.0	0.0	0.0	0.0	0.0	0.0	0.0	0.0	0.0	0.0	0.0	0.0	0.0	0.0	0.0	0.0	0.0	0.0	0.0	0.0	0.0	0.0	0.0	0.0	0.0
2.0	10.04	11.32	11.48	13.24	15.56	17.6	0.0	0.0	0.0	0.0	0.0	0.0	0.0	0.0	0.0	0.0	0.0	0.0	0.0	0.0	0.0	0.0	0.0	0.0	0.0	0.0	0.0	0.0	0.0	0.0	0.0	0.0	0.0	0.0	0.0	0.0	0.0	0.0	0.0	0.0
2.0	9.76	10.64	11.8	13.28	14.96	18.0	20.08	0.0	0.0	0.0	0.0	0.0	0.0	0.0	0.0	0.0	0.0	0.0	0.0	0.0	0.0	0.0	0.0	0.0	0.0	0.0	0.0	0.0	0.0	0.0	0.0	0.0	0.0	0.0	0.0	0.0	0.0	0.0	0.0	0.0
2.0	9.24	10.48	11.4	11.72	14.64	16.72	21.08	20.68	0.0	0.0	0.0	0.0	0.0	0.0	0.0	0.0	0.0	0.0	0.0	0.0	0.0	0.0	0.0	0.0	0.0	0.0	0.0	0.0	0.0	0.0	0.0	0.0	0.0	0.0	0.0	0.0	0.0	0.0	0.0	0.0
2.0	9.6	10.16	10.76	12.16	14.92	16.76	21.08	22.36	23.56	0.0	0.0	0.0	0.0	0.0	0.0	0.0	0.0	0.0	0.0	0.0	0.0	0.0	0.0	0.0	0.0	0.0	0.0	0.0	0.0	0.0	0.0	0.0	0.0	0.0	0.0	0.0	0.0	0.0	0.0	0.0
2.0	8.56	9.8	10.72	12.16	12.92	16.24	20.52	22.36	23.2	24.56	0.0	0.0	0.0	0.0	0.0	0.0	0.0	0.0	0.0	0.0	0.0	0.0	0.0	0.0	0.0	0.0	0.0	0.0	0.0	0.0	0.0	0.0	0.0	0.0	0.0	0.0	0.0	0.0	0.0	0.0
2.0	9.08	9.96	10.72	12.16	15.04	20.12	20.84	21.84	22.68	25.88	27.24	0.0	0.0	0.0	0.0	0.0	0.0	0.0	0.0	0.0	0.0	0.0	0.0	0.0	0.0	0.0	0.0	0.0	0.0	0.0	0.0	0.0	0.0	0.0	0.0	0.0	0.0	0.0	0.0	0.0
2.0	9.24	10.16	10.6	12.8	14.68	18.08	20.36	22.2	23.32	26.0	26.48	29.2	0.0	0.0	0.0	0.0	0.0	0.0	0.0	0.0	0.0	0.0	0.0	0.0	0.0	0.0	0.0	0.0	0.0	0.0	0.0	0.0	0.0	0.0	0.0	0.0	0.0	0.0	0.0	0.0
2.0	9.28	9.76	10.12	12.12	14.6	19.04	20.76	22.04	23.08	25.24	26.92	28.64	31.36	0.0	0.0	0.0	0.0	0.0	0.0	0.0	0.0	0.0	0.0	0.0	0.0	0.0	0.0	0.0	0.0	0.0	0.0	0.0	0.0	0.0	0.0	0.0	0.0	0.0	0.0	0.0
2.0	9.48	9.84	10.24	12.0	14.36	18.0	21.24	21.76	23.92	24.96	27.36	28.88	30.76	28.28	0.0	0.0	0.0	0.0	0.0	0.0	0.0	0.0	0.0	0.0	0.0	0.0	0.0	0.0	0.0	0.0	0.0	0.0	0.0	0.0	0.0	0.0	0.0	0.0	0.0	0.0
2.0	8.96	9.24	10.12	12.04	14.2	18.36	20.36	21.48	23.52	24.44	26.44	27.48	38.16	29.68	26.16	0.0	0.0	0.0	0.0	0.0	0.0	0.0	0.0	0.0	0.0	0.0	0.0	0.0	0.0	0.0	0.0	0.0	0.0	0.0	0.0	0.0	0.0	0.0	0.0	0.0
2.0	8.88	9.4	9.96	13.0	17.88	17.48	20.6	24.16	23.52	25.2	26.64	27.4	37.92	31.36	25.24	23.56	0.0	0.0	0.0	0.0	0.0	0.0	0.0	0.0	0.0	0.0	0.0	0.0	0.0	0.0	0.0	0.0	0.0	0.0	0.0	0.0	0.0	0.0	0.0	0.0
2.0	9.28	8.96	10.4	13.16	17.64	20.4	21.64	24.0	23.8	26.24	26.16	32.44	36.76	27.28	25.0	23.28	22.68	0.0	0.0	0.0	0.0	0.0	0.0	0.0	0.0	0.0	0.0	0.0	0.0	0.0	0.0	0.0	0.0	0.0	0.0	0.0	0.0	0.0	0.0	0.0
2.0	9.2	9.2	10.04	13.36	17.36	20.24	20.44	23.72	26.8	25.88	26.52	33.6	36.36	26.32	24.48	23.08	22.56	23.04	0.0	0.0	0.0	0.0	0.0	0.0	0.0	0.0	0.0	0.0	0.0	0.0	0.0	0.0	0.0	0.0	0.0	0.0	0.0	0.0	0.0	0.0
2.0	9.04	9.8	10.36	13.24	17.6	21.8	21.36	24.36	25.8	25.84	32.44	35.08	28.48	24.84	24.16	23.6	23.2	22.64	22.2	0.0	0.0	0.0	0.0	0.0	0.0	0.0	0.0	0.0	0.0	0.0	0.0	0.0	0.0	0.0	0.0	0.0	0.0	0.0	0.0	0.0
2.0	9.4	9.24	10.88	13.28	18.64	21.64	23.76	24.32	26.6	26.8	33.72	36.36	26.64	23.8	23.88	23.32	22.92	22.24	21.8	22.48	0.0	0.0	0.0	0.0	0.0	0.0	0.0	0.0	0.0	0.0	0.0	0.0	0.0	0.0	0.0	0.0	0.0	0.0	0.0	0.0
2.0	8.6	9.28	10.36	17.8	23.84	22.52	27.36	26.2	25.92	36.72	35.32	26.56	23.44	23.16	23.24	23.44	22.36	22.16	21.84	22.0	21.84	0.0	0.0	0.0	0.0	0.0	0.0	0.0	0.0	0.0	0.0	0.0	0.0	0.0	0.0	0.0	0.0	0.0	0.0	0.0
2.0	8.52	8.96	11.08	18.44	23.48	21.56	26.2	27.48	34.48	38.64	24.52	26.24	22.72	22.96	22.68	23.2	22.6	22.0	22.44	22.04	22.64	22.04	0.0	0.0	0.0	0.0	0.0	0.0	0.0	0.0	0.0	0.0	0.0	0.0	0.0	0.0	0.0	0.0	0.0	0.0
2.0	9.4	9.0	11.8	19.08	26.72	27.68	31.4	27.68	32.0	28.96	24.28	22.48	22.76	21.72	22.04	22.28	22.28	22.48	21.36	21.76	21.68	21.6	21.48	0.0	0.0	0.0	0.0	0.0	0.0	0.0	0.0	0.0	0.0	0.0	0.0	0.0	0.0	0.0	0.0	0.0
2.0	9.24	10.04	12.12	18.2	26.32	34.12	32.52	27.28	30.08	24.4	22.12	23.08	21.28	22.04	21.32	22.48	22.2	22.24	22.08	22.2	21.92	21.12	22.08	21.4	0.0	0.0	0.0	0.0	0.0	0.0	0.0	0.0	0.0	0.0	0.0	0.0	0.0	0.0	0.0	0.0
2.0	9.44	9.72	10.6	21.36	30.72	34.24	33.2	25.08	25.84	23.2	22.08	21.96	22.16	21.52	22.36	22.52	21.76	22.12	22.16	22.12	21.88	21.52	21.48	21.28	21.36	0.0	0.0	0.0	0.0	0.0	0.0	0.0	0.0	0.0	0.0	0.0	0.0	0.0	0.0	0.0
2.0	9.48	9.56	15.12	19.64	60.96	48.96	50.48	24.12	22.76	21.64	20.8	21.92	21.52	21.44	21.0	22.12	21.92	22.88	22.12	21.72	22.44	21.68	21.44	22.12	21.72	20.88	0.0	0.0	0.0	0.0	0.0	0.0	0.0	0.0	0.0	0.0	0.0	0.0	0.0	0.0
2.0	9.2	9.76	14.84	27.88	68.16	47.04	22.84	23.28	22.88	21.92	21.04	21.64	21.48	20.92	21.08	21.52	21.96	21.52	21.64	21.76	21.6	22.04	20.92	21.52	22.04	21.4	22.2	0.0	0.0	0.0	0.0	0.0	0.0	0.0	0.0	0.0	0.0	0.0	0.0	0.0
2.0	9.6	9.84	15.76	24.64	37.48	46.76	26.96	23.68	22.16	21.16	20.8	20.88	21.44	21.56	21.36	21.32	21.92	21.36	21.36	21.28	21.48	22.0	21.36	22.04	21.56	21.56	21.16	21.52	0.0	0.0	0.0	0.0	0.0	0.0	0.0	0.0	0.0	0.0	0.0	0.0
2.0	9.04	12.2	5.2	7.72	34.12	26.68	23.84	21.56	23.0	20.76	21.16	21.36	21.24	21.08	21.92	21.0	21.08	21.4	20.92	20.88	21.88	21.12	22.08	22.48	22.08	21.56	21.52	21.72	21.48	0.0	0.0	0.0	0.0	0.0	0.0	0.0	0.0	0.0	0.0	0.0
2.0	9.16	11.04	4.84	8.0	16.6	30.32	27.8	22.68	23.12	24.4	21.04	20.8	21.48	22.12	21.4	20.8	21.84	21.48	21.52	21.36	21.0	20.72	21.6	21.6	20.6	21.12	21.68	21.6	22.24	22.08	0.0	0.0	0.0	0.0	0.0	0.0	0.0	0.0	0.0	0.0
2.0	9.52	13.8	5.8	7.6	14.48	35.4	25.6	21.0	22.4	23.0	20.44	20.8	21.52	20.88	21.68	20.76	20.64	21.68	21.24	21.56	21.48	20.72	21.56	21.68	21.36	21.44	20.96	20.84	21.08	21.16	21.68	0.0	0.0	0.0	0.0	0.0	0.0	0.0	0.0	0.0
2.0	9.68	5.8	3.28	3.6	21.84	34.72	26.52	27.08	22.0	22.76	20.12	20.84	20.32	21.8	21.24	21.44	20.88	21.16	21.28	21.28	20.84	21.48	21.32	21.32	20.84	21.36	21.36	20.88	21.2	21.32	21.16	21.16	0.0	0.0	0.0	0.0	0.0	0.0	0.0	0.0
2.0	9.44	5.16	3.24	4.0	16.0	32.8	27.64	25.88	22.88	22.6	21.84	21.96	21.32	21.48	20.96	21.6	20.72	21.4	21.24	21.04	21.0	21.0	21.72	21.4	20.68	21.92	21.36	21.64	21.2	21.76	21.6	21.64	21.84	0.0	0.0	0.0	0.0	0.0	0.0	0.0
2.0	9.76	5.12	2.92	3.36	14.2	35.84	28.56	26.88	23.24	23.76	22.32	21.12	21.4	22.12	21.0	21.36	21.32	20.2	21.0	21.36	21.28	21.04	22.16	21.68	21.76	21.96	21.52	21.36	21.4	21.16	21.2	20.68	21.28	21.2	0.0	0.0	0.0	0.0	0.0	0.0
2.0	10.68	3.24	2.44	4.08	5.36	26.2	37.12	27.68	22.76	23.32	22.88	21.6	21.24	21.72	21.12	21.32	20.8	21.0	21.96	20.92	20.88	21.12	21.32	21.08	21.0	21.28	21.04	21.12	21.8	21.48	20.36	21.76	21.0	20.76	21.6	0.0	0.0	0.0	0.0	0.0
2.0	4.44	2.48	2.88	2.4	4.48	15.84	33.56	27.68	29.0	23.92	23.4	23.08	21.36	21.08	21.16	21.56	21.92	20.84	21.0	21.0	20.64	21.16	20.8	21.44	21.24	21.12	21.68	21.48	21.08	22.0	21.64	21.48	21.36	20.52	21.72	21.0	0.0	0.0	0.0	0.0
2.0	3.04	2.4	2.04	2.44	5.68	22.56	30.24	27.6	26.72	23.72	23.08	23.24	20.96	21.84	21.36	21.4	22.12	20.56	21.16	20.72	20.72	21.32	20.76	20.76	21.44	21.72	20.72	21.08	20.56	20.44	21.52	21.48	21.36	21.76	21.44	21.84	21.76	0.0	0.0	0.0
2.0	3.28	2.52	2.08	2.96	6.44	14.12	39.96	28.2	28.4	23.92	24.6	23.24	21.2	21.4	21.32	21.4	21.52	21.12	22.12	21.16	22.0	21.44	20.84	20.36	20.68	21.16	21.04	21.08	21.2	21.84	20.64	21.56	21.4	21.92	21.72	21.68	21.6	20.52	0.0	0.0
2.0	2.44	2.08	2.36	3.4	5.4	21.0	28.68	27.68	28.4	22.64	24.12	24.48	24.0	21.44	21.08	21.68	21.28	21.24	21.16	20.84	20.6	20.76	20.96	20.76	21.28	21.08	20.76	20.96	21.12	21.28	21.24	21.36	20.8	21.24	21.8	20.96	21.12	20.72	21.16	0.0
2.0	2.12	2.76	2.2	2.44	3.24	14.68	35.48	35.24	28.96	28.24	23.8	23.32	23.2	21.2	21.08	21.36	21.76	21.4	21.92	21.0	20.8	20.76	20.56	21.36	20.16	20.28	21.04	20.8	21.0	20.84	21.64	21.04	21.52	20.4	20.76	20.88	21.48	21.36	21.68	21.48
