1.04	20.24	20.6	20.4	20.72	20.44	20.76	20.68	20.88	21.08	20.8	20.36	20.12	21.36	21.16	20.24	20.64	20.36	21.32	20.76	20.12	21.08	20.52	20.16	20.28	20.52	20.48	21.44	20.48	20.12	20.6	20.32	21.0	20.56	19.64	20.48	20.08	20.4	20.52	20.52	20.56
1.28	9.92	20.16	20.44	20.76	20.8	20.2	21.24	21.0	20.32	20.56	20.4	20.0	20.28	20.32	20.44	21.04	20.08	20.96	20.28	20.24	20.24	20.4	20.68	20.96	21.16	21.24	20.04	20.0	20.2	21.12	20.04	20.92	20.6	21.56	19.84	21.04	21.04	20.6	21.24	20.4
1.28	7.52	9.4	20.68	20.32	19.52	20.4	20.92	19.64	20.36	20.64	21.28	20.6	20.64	20.72	20.52	20.48	20.36	20.84	20.8	20.44	20.76	20.24	20.6	21.2	20.76	20.76	20.68	20.2	20.16	20.04	20.44	20.6	20.04	20.04	20.08	21.0	20.8	20.48	20.68	20.96
1.04	6.84	9.4	9.76	20.84	20.76	20.08	19.28	20.8	20.4	20.44	20.96	19.92	20.4	20.2	21.08	20.48	20.6	20.56	20.28	20.92	20.44	20.84	20.84	20.16	20.12	20.0	20.56	21.0	20.48	20.88	20.72	20.08	20.6	19.48	21.0	21.44	20.8	19.92	20.32	21.04
1.08	5.0	7.24	9.36	9.56	20.6	21.16	20.68	20.8	21.24	20.04	20.76	20.56	21.04	20.64	20.36	20.8	20.48	21.16	21.08	20.2	20.68	20.08	20.48	20.28	21.12	20.76	19.72	20.92	21.12	20.52	20.12	20.68	20.32	20.0	20.04	20.64	20.96	20.28	20.56	20.8
1.08	3.88	7.52	8.92	9.72	10.08	20.92	20.64	20.28	20.52	20.16	20.44	21.04	20.44	20.6	20.28	20.16	20.72	20.8	19.8	20.76	20.48	20.84	20.68	20.6	19.96	20.36	20.56	20.24	20.4	20.84	20.6	20.2	20.32	20.72	20.52	20.84	20.8	20.12	20.4	20.04
1.0	3.08	7.36	7.2	9.48	11.76	12.92	20.24	20.36	20.48	20.68	20.8	20.48	20.08	20.68	20.4	20.6	20.84	20.08	20.92	21.04	20.6	20.88	20.44	21.64	21.48	20.96	20.84	20.88	20.64	20.72	20.36	21.64	20.44	20.56	20.68	20.84	20.88	20.64	20.56	20.72
1.0	3.08	6.28	7.16	9.24	10.96	13.28	16.56	20.4	20.28	20.76	20.16	21.0	21.28	20.64	20.36	20.6	20.16	20.48	20.92	19.8	21.0	20.48	20.36	20.68	19.76	20.52	20.56	20.76	20.72	19.36	20.84	20.68	20.76	20.64	20.96	20.44	20.6	20.52	20.68	20.52
1.08	1.24	4.96	7.4	7.2	10.24	12.68	15.64	16.88	20.48	20.24	20.88	21.28	20.04	20.72	20.72	20.68	20.48	20.96	20.24	20.68	20.32	21.16	21.2	19.96	20.64	21.04	20.08	20.68	20.24	20.4	20.2	20.56	20.72	20.32	21.04	20.88	20.6	20.36	20.84	20.76
1.04	1.08	4.68	6.24	8.2	10.12	12.28	16.56	17.52	17.96	20.92	20.24	21.16	20.2	20.4	20.36	20.64	20.12	20.56	20.6	20.48	20.64	21.32	20.92	20.92	20.4	20.68	20.2	20.56	21.04	20.32	20.64	20.72	20.08	21.08	21.08	19.92	20.04	20.8	21.08	20.12
1.08	1.32	3.84	6.48	7.92	8.44	11.8	15.84	17.04	18.96	18.2	20.56	20.96	20.16	21.36	20.4	20.64	20.4	20.32	21.12	20.12	20.72	21.08	20.56	21.16	21.0	20.96	20.84	20.48	20.6	20.44	20.56	20.6	20.24	20.52	20.56	20.6	20.68	20.52	21.24	20.6
1.04	1.0	3.92	6.2	7.76	10.16	14.48	15.32	17.08	17.28	18.68	19.28	20.36	20.24	20.44	20.84	21.44	20.88	20.92	20.4	20.96	20.72	21.0	21.04	20.56	20.64	20.52	20.68	20.68	20.96	20.68	20.0	20.8	21.12	20.6	20.56	20.36	21.2	20.52	20.48	20.64
1.16	1.2	3.72	5.2	8.68	10.56	13.44	15.4	17.68	17.28	18.84	19.2	19.2	20.36	20.48	20.48	20.4	20.48	20.56	21.24	20.48	20.72	20.76	20.6	20.28	21.12	21.2	20.8	20.76	19.84	20.32	20.88	20.56	20.44	20.6	21.68	20.64	20.56	20.56	20.56	21.16
1.04	1.2	2.44	5.36	7.76	10.28	13.72	15.8	15.84	17.6	18.0	18.92	18.4	19.12	20.04	19.64	20.68	19.76	20.96	20.48	20.88	21.04	20.12	20.36	19.88	20.68	20.56	20.12	20.8	20.52	20.24	20.48	20.6	20.52	21.12	20.8	20.32	20.24	20.24	20.36	20.04
1.44	1.0	2.52	5.44	7.56	10.16	12.92	15.6	16.36	17.2	18.12	18.68	18.76	19.56	19.2	20.16	20.56	20.56	21.08	20.88	21.4	19.96	20.96	20.52	20.92	20.28	20.64	20.52	20.48	21.28	20.2	20.8	20.36	20.76	20.36	21.08	20.64	20.44	20.52	19.96	20.96
1.04	1.04	2.36	4.24	7.4	9.64	14.2	15.72	16.68	17.4	17.24	18.4	18.72	19.24	20.2	20.24	20.28	20.56	19.84	20.76	20.56	19.92	20.44	20.6	20.28	20.56	20.28	20.48	20.44	20.64	22.24	20.76	20.96	20.84	20.68	20.64	20.72	20.6	20.6	20.28	20.52
1.0	1.08	1.56	4.36	7.88	12.48	13.52	15.4	16.24	16.76	18.04	18.32	19.32	19.36	19.52	19.84	20.32	20.12	21.16	21.08	20.28	20.92	20.32	19.96	20.32	20.56	21.0	20.72	20.44	20.76	21.28	20.36	20.6	20.2	20.64	20.92	21.08	20.96	20.72	20.2	20.88
1.04	1.0	1.24	4.0	6.88	13.36	14.08	15.76	16.2	17.0	17.68	18.04	18.6	19.56	19.88	19.84	20.52	19.88	20.24	20.6	21.36	20.36	20.76	21.0	20.68	20.68	20.48	20.16	20.16	20.56	20.76	20.76	20.4	19.92	21.16	20.6	21.04	19.48	20.0	20.8	20.76
1.32	1.0	1.08	2.68	7.36	12.28	15.32	15.28	15.84	17.36	17.24	18.04	18.48	18.96	19.2	19.84	20.04	20.44	20.28	20.16	20.84	20.6	21.0	20.92	20.48	20.92	20.28	20.88	21.16	20.76	21.28	20.84	21.64	20.28	20.84	20.36	20.32	20.72	21.2	20.56	20.52
1.12	1.04	1.0	2.32	7.72	12.36	15.44	15.6	16.52	17.04	17.28	17.28	18.52	18.88	18.72	18.48	20.36	19.88	20.32	20.56	20.4	20.96	20.84	20.64	20.0	21.08	19.8	21.48	19.8	20.52	20.8	20.64	20.92	20.44	19.92	20.28	20.64	20.2	21.24	20.6	20.84
1.08	1.04	1.24	3.4	5.56	12.56	15.48	15.72	16.4	16.48	17.2	17.56	18.12	18.76	18.96	19.92	19.72	20.4	20.4	20.2	19.96	21.0	21.08	21.2	20.44	20.6	20.88	20.48	20.44	20.24	20.16	20.4	20.48	20.04	20.2	21.08	20.36	20.44	20.68	21.16	21.04
1.08	1.0	1.08	1.6	7.68	15.8	14.8	17.16	16.24	17.44	17.36	17.52	18.64	18.52	19.2	19.28	19.36	19.8	19.6	20.08	20.44	19.76	20.6	20.04	20.48	20.2	20.64	20.56	20.92	19.96	21.64	20.2	19.4	20.28	20.44	20.96	20.6	20.76	20.0	21.16	21.28
1.12	1.0	1.16	1.6	10.4	15.6	15.36	17.6	16.36	17.08	17.68	17.6	17.88	18.56	18.16	20.28	20.0	20.24	19.8	20.2	20.2	20.64	19.88	20.92	20.96	20.88	20.6	20.8	19.4	20.24	19.88	19.8	20.6	20.76	21.12	20.56	20.12	20.6	20.44	20.68	20.6
1.08	1.0	1.24	1.8	6.52	16.44	17.04	17.08	16.76	17.04	17.88	17.56	17.88	18.56	18.64	19.88	18.96	19.96	20.36	19.2	20.68	20.24	20.44	20.28	20.4	20.36	20.76	20.6	20.76	20.76	20.68	21.28	20.64	20.52	19.96	20.04	19.8	20.28	20.92	21.16	20.24
1.0	1.2	1.08	1.32	8.96	17.6	19.64	16.6	16.68	16.72	17.48	18.16	18.6	18.6	19.84	19.68	19.48	19.36	20.44	20.16	20.4	21.04	19.84	21.08	20.2	21.08	20.0	20.76	20.28	20.6	20.52	20.32	20.56	20.24	21.52	20.72	20.48	20.36	20.96	20.72	20.68
1.16	1.08	1.12	1.84	8.24	15.36	19.72	17.2	18.76	17.12	17.72	18.56	18.16	18.6	19.52	18.8	19.16	19.96	20.56	19.44	20.48	20.2	20.8	20.36	19.88	20.12	20.52	20.28	21.0	20.64	20.6	20.28	21.52	20.28	21.08	21.0	20.12	20.6	20.48	21.52	20.44
1.0	1.04	1.04	1.84	7.4	27.96	21.48	18.44	19.36	16.36	17.64	18.56	17.88	19.36	18.04	18.88	19.12	19.8	20.24	20.04	19.92	20.2	20.72	20.8	20.44	20.36	20.72	21.36	20.4	20.68	20.28	20.4	19.96	21.6	20.32	21.04	20.08	20.24	20.52	21.2	19.48
1.2	1.08	1.08	1.08	10.56	26.2	21.04	18.0	18.0	18.4	17.12	18.16	17.92	18.96	17.52	18.76	18.88	19.44	20.32	19.76	19.92	20.48	19.72	20.48	19.88	20.16	20.32	20.24	20.2	21.56	20.76	21.4	20.04	20.76	20.76	20.4	21.04	20.64	21.36	19.72	20.64
1.08	1.08	1.12	1.08	8.8	27.32	20.64	23.36	17.48	19.52	18.0	18.04	19.08	18.72	19.6	19.0	18.96	19.76	20.2	19.8	19.88	20.52	19.88	20.16	19.88	19.8	20.32	20.2	19.88	20.44	21.04	19.52	20.52	21.44	20.72	20.56	20.56	21.48	20.8	21.76	20.52
1.0	1.24	1.04	1.24	2.88	23.2	23.96	25.04	19.76	20.12	17.68	19.2	18.84	19.28	19.44	18.76	19.4	19.48	20.32	19.12	19.12	19.6	20.24	20.48	20.44	21.52	20.68	21.32	20.0	20.16	20.24	20.84	20.2	20.52	20.56	20.04	20.12	20.24	20.92	20.76	20.48
1.12	1.04	1.08	1.12	1.68	15.16	33.2	26.52	19.4	19.16	20.08	18.32	19.12	19.8	19.8	19.6	19.16	19.64	19.76	19.6	19.6	20.48	20.08	20.48	20.6	20.16	19.08	20.28	20.6	21.04	20.32	20.32	20.28	20.08	20.56	20.84	20.04	20.44	20.92	21.4	20.72
1.36	1.04	1.04	1.44	2.84	16.92	29.44	24.48	19.8	20.04	20.0	18.2	19.24	19.92	20.08	20.2	20.0	19.44	20.08	19.32	20.52	20.16	20.44	20.16	19.8	20.76	19.96	20.0	21.2	20.08	20.96	20.0	20.2	20.28	20.92	20.88	20.8	18.88	20.6	20.56	21.2
1.04	1.16	1.2	1.2	1.32	7.96	30.04	25.76	25.08	20.72	20.72	18.92	18.92	19.44	19.36	19.96	19.76	19.52	19.52	19.76	20.4	19.6	19.56	20.68	19.56	20.08	20.56	20.76	21.28	21.12	19.88	20.28	20.48	20.4	20.2	20.0	20.68	20.88	20.76	20.68	21.12
1.0	1.08	1.2	1.04	1.88	21.92	31.24	26.08	25.6	19.84	20.68	19.04	19.72	19.6	19.76	19.56	20.08	19.64	19.72	19.6	20.32	19.8	20.28	20.24	20.52	20.68	19.8	20.44	20.2	19.76	20.92	19.8	20.64	20.52	20.88	20.88	20.72	20.92	20.56	20.96	20.96
1.0	1.28	1.04	1.12	1.52	17.48	36.24	25.36	24.6	20.16	21.72	22.72	19.84	19.64	19.96	19.84	20.12	19.68	19.84	20.64	20.2	20.28	19.96	20.08	20.32	20.44	20.12	20.52	19.96	20.84	20.88	20.76	19.8	21.08	20.56	20.72	20.88	20.32	20.92	20.48	20.8
1.08	1.12	1.16	1.04	1.32	6.2	36.2	34.6	24.16	22.32	22.2	21.72	19.84	20.68	19.84	20.28	20.44	20.84	19.76	19.2	19.96	20.8	19.52	20.2	19.96	19.52	20.36	20.24	20.04	20.04	19.84	20.24	20.28	20.28	19.84	20.76	20.6	20.96	20.44	21.48	20.56
1.16	1.04	1.16	1.08	1.52	3.16	12.16	31.16	26.28	28.44	21.48	21.2	22.4	20.04	20.0	20.6	20.92	20.0	20.52	20.48	20.72	20.04	19.84	20.12	20.36	20.16	20.4	20.24	20.68	20.52	20.36	20.12	20.48	20.88	20.28	20.84	21.0	20.2	20.28	20.84	20.04
1.04	1.16	1.12	1.08	1.04	4.48	7.48	29.08	25.76	25.04	21.64	22.48	22.28	20.0	20.16	20.24	19.24	19.96	20.88	20.44	19.48	20.16	19.36	21.12	20.24	20.04	20.28	20.56	20.32	20.12	20.12	19.68	20.44	20.12	20.92	20.08	20.72	20.48	20.24	20.48	20.96
1.2	1.48	1.0	1.2	1.04	3.28	9.04	29.76	25.8	26.76	21.72	23.12	21.32	19.24	20.88	20.32	20.8	20.64	19.96	20.68	20.48	20.32	20.28	20.2	20.08	20.16	19.96	20.6	20.36	20.0	20.52	19.96	20.52	20.72	20.4	20.48	20.36	20.92	20.08	20.56	20.44
1.12	1.04	1.12	1.04	1.08	2.64	5.36	37.76	25.72	26.76	22.04	22.48	22.6	21.96	20.76	20.64	19.96	20.48	20.16	20.24	20.4	20.24	20.08	20.64	20.28	20.6	20.36	20.32	19.6	19.76	20.8	20.36	20.0	20.2	20.72	20.2	20.8	20.64	20.16	20.0	20.92
1.0	1.04	1.04	1.2	1.16	1.32	20.0	31.88	35.84	27.6	26.4	23.28	22.44	22.76	21.76	20.24	20.8	20.36	20.48	20.0	19.8	19.96	20.04	19.88	21.0	19.72	20.16	20.28	20.04	19.64	20.0	20.56	20.2	20.56	20.76	20.28	20.6	19.24	20.28	20.96	20.52
