1.0	20.64	20.6	21.4	21.28	21.2	20.84	20.72	20.88	20.64	20.96	20.68	20.8	21.12	21.28	21.2	21.04	20.88	20.72	20.68	21.76	20.8	20.64	19.88	21.64	20.8	20.84	21.52	20.84	21.04	19.88	20.72	20.36	21.2	20.88	20.96	20.92	21.12	20.8	21.24	21.32
1.0	9.24	20.36	21.4	21.4	21.36	21.12	21.36	20.92	21.16	21.36	20.68	21.08	20.8	20.52	20.72	21.28	21.32	20.96	20.72	21.08	21.2	21.44	21.08	20.88	20.96	19.48	21.16	20.48	20.68	20.64	20.56	20.96	21.12	21.64	21.2	21.36	21.24	20.4	20.8	20.92
1.16	7.56	9.08	20.88	20.76	21.0	21.24	21.52	21.0	21.12	20.2	20.76	21.64	20.84	21.32	20.92	20.68	20.96	21.36	20.72	20.32	20.08	20.92	20.88	20.88	20.4	20.92	20.56	20.8	21.68	20.96	20.8	20.44	20.4	20.64	20.08	21.12	20.64	20.96	20.92	21.12
1.24	6.88	9.24	9.52	20.96	21.48	20.84	20.6	21.68	21.04	21.36	20.88	21.64	20.88	21.12	21.08	20.24	20.48	20.76	21.04	21.2	21.28	20.76	21.64	21.08	21.2	20.4	20.52	20.52	20.92	21.0	20.32	20.72	20.96	21.52	21.2	21.44	20.4	22.24	21.24	20.96
1.16	5.28	7.24	8.88	9.44	20.88	20.92	21.88	20.88	20.56	20.88	20.6	21.4	21.44	20.52	20.76	21.0	21.48	21.16	20.96	21.04	20.68	20.84	21.2	21.04	20.4	20.8	21.16	20.88	21.64	20.88	21.04	20.6	20.32	21.36	20.44	21.4	19.6	21.0	20.96	20.76
1.04	4.08	7.24	8.64	9.6	10.12	20.64	20.2	20.28	21.2	21.48	20.6	21.24	21.4	21.32	21.32	20.24	20.96	21.4	21.36	21.2	20.76	21.48	20.68	20.6	21.72	21.16	20.96	21.36	20.72	20.6	21.2	21.08	21.2	20.8	21.48	21.08	20.48	20.76	21.24	21.48
1.0	3.32	7.64	7.48	9.0	11.08	13.16	21.2	21.56	20.8	21.48	20.88	20.72	20.8	21.48	21.44	21.32	20.92	20.6	21.08	20.92	20.84	20.84	21.12	20.36	20.92	21.64	21.32	20.92	21.04	20.84	21.32	21.08	20.48	20.88	20.6	20.44	20.96	21.4	21.16	21.4
1.0	2.48	5.96	7.52	9.0	10.64	13.48	16.28	21.28	21.0	21.44	21.08	20.56	21.0	21.8	21.04	21.0	20.6	21.2	20.52	20.08	21.16	21.04	20.84	20.84	20.8	21.08	21.52	21.4	20.96	21.36	20.76	21.0	20.4	21.64	20.4	20.36	20.52	21.16	21.0	21.28
1.0	1.68	5.12	7.0	7.24	10.08	12.52	16.4	16.76	21.56	20.96	20.84	21.24	20.8	21.24	21.72	21.68	20.76	21.08	21.68	21.04	21.4	20.84	21.2	20.96	21.04	21.4	21.12	21.08	21.36	21.24	20.8	21.08	20.72	20.48	20.44	20.72	20.68	21.48	20.56	20.68
1.16	1.2	5.16	6.32	7.8	10.16	13.08	15.88	18.2	18.64	22.04	20.96	21.44	21.36	20.84	21.24	20.92	21.8	21.64	21.88	19.88	21.32	21.04	20.2	20.16	21.08	21.0	21.48	20.92	21.4	20.6	21.76	20.88	21.32	21.28	20.6	21.0	20.6	20.8	20.8	20.8
1.2	1.12	3.92	6.44	7.68	8.92	12.24	15.72	17.4	17.56	18.44	20.96	20.88	21.36	20.76	20.36	20.88	20.72	20.92	19.92	20.88	21.04	20.88	20.48	21.8	21.16	21.4	20.16	21.52	21.08	20.52	21.24	21.0	21.52	21.2	20.96	21.32	20.4	20.6	20.6	20.88
1.16	1.12	3.76	6.56	7.72	10.04	14.92	15.12	17.08	18.2	18.92	18.88	21.04	20.36	20.44	21.04	21.08	20.64	20.64	21.4	20.32	20.8	20.8	20.64	21.4	20.72	20.68	21.4	21.12	21.32	20.84	19.68	20.92	21.84	20.56	21.08	21.0	21.16	21.64	20.72	20.8
1.08	1.04	3.96	5.08	8.44	10.72	13.96	14.36	17.16	17.28	18.44	19.32	19.72	21.04	19.92	22.04	21.08	21.56	20.6	21.08	21.08	20.44	20.88	20.92	20.64	21.52	20.4	20.88	21.36	21.84	21.16	20.8	20.76	20.92	20.56	20.76	21.16	20.76	20.96	20.56	20.96
1.16	1.0	2.64	4.76	7.24	10.28	13.52	16.24	16.44	17.8	18.88	18.72	18.88	20.32	21.08	21.8	20.92	20.52	21.16	21.0	21.4	20.32	20.8	21.08	20.92	21.48	21.12	21.24	21.12	21.6	20.24	20.52	21.12	20.92	21.8	20.84	20.8	20.96	21.24	21.36	21.52
1.12	1.0	2.68	5.52	7.76	10.56	13.76	16.6	16.84	17.6	18.72	19.48	19.68	20.16	20.4	21.16	20.72	20.72	19.96	21.2	20.96	20.36	21.4	21.08	21.2	20.84	21.12	21.08	21.4	20.96	20.72	20.32	21.0	21.16	20.8	20.6	20.88	21.52	20.84	21.32	21.32
1.08	1.0	1.76	4.12	7.32	9.32	13.88	15.16	16.84	16.96	18.52	18.68	19.0	19.48	20.68	19.6	20.72	20.6	20.04	21.2	21.0	20.64	21.28	20.92	20.92	21.6	20.88	21.64	20.64	20.72	21.24	21.44	20.36	20.92	20.84	20.72	21.52	21.2	21.28	21.76	21.56
1.0	1.16	1.36	3.52	7.28	12.2	13.4	15.2	16.6	17.16	17.96	18.8	18.76	19.04	20.12	20.52	20.44	20.52	20.8	21.32	21.08	21.16	20.84	20.32	21.04	20.64	20.84	21.12	20.72	20.92	20.44	21.48	21.24	21.12	21.8	21.24	21.6	21.04	21.0	20.8	21.64
1.16	1.04	1.68	3.04	6.92	12.72	15.24	15.16	17.08	17.0	17.68	17.88	19.52	18.92	20.32	20.64	20.44	20.4	20.8	21.04	21.04	20.36	20.76	20.88	20.4	21.24	21.12	20.36	20.96	20.04	20.28	20.48	20.4	21.28	20.72	20.64	21.52	20.64	21.24	21.08	20.8
1.0	1.08	1.0	2.0	8.08	11.92	15.56	15.44	16.92	16.92	17.4	18.32	19.88	19.88	19.68	20.56	20.08	20.64	20.28	20.36	21.12	21.36	21.4	20.88	21.24	20.92	20.72	20.68	21.52	21.28	20.48	20.32	20.44	20.76	20.92	20.96	21.12	21.08	21.16	21.56	20.12
1.24	1.16	1.28	1.84	7.6	13.36	15.8	15.4	15.92	17.04	17.6	17.0	18.84	19.52	19.8	20.16	19.88	20.2	20.16	20.64	21.08	20.04	20.72	20.44	21.16	20.4	20.88	21.0	21.04	20.28	20.84	20.96	20.44	20.52	20.32	21.48	20.32	21.0	20.84	20.88	21.0
1.12	1.12	1.36	2.16	4.0	11.72	14.56	16.8	15.96	17.4	17.24	18.36	18.92	19.0	19.48	19.88	20.76	20.96	20.16	20.6	21.08	20.76	20.68	20.8	21.4	21.4	21.12	20.88	21.08	20.8	21.32	21.52	20.8	20.84	20.8	21.0	20.56	21.0	21.0	20.6	21.72
1.04	1.04	1.16	1.92	7.32	17.4	14.4	16.16	16.92	17.36	17.88	18.32	18.4	18.4	19.72	20.28	18.52	20.36	20.92	20.24	20.6	20.68	21.32	20.72	19.88	21.44	21.28	20.76	20.36	20.48	20.8	20.64	20.56	20.64	21.84	20.8	21.36	21.2	21.72	20.52	20.64
1.0	1.24	1.08	1.72	7.88	17.52	15.48	17.16	16.56	17.28	17.64	18.24	18.04	18.8	18.92	20.04	19.44	19.92	20.24	21.44	21.16	21.0	20.52	20.92	20.36	20.96	20.76	21.04	21.2	21.16	20.96	21.36	21.12	20.92	20.84	20.88	21.36	20.6	21.16	20.56	21.16
1.12	1.36	1.04	1.8	8.88	16.68	16.24	18.04	17.16	17.48	17.28	18.56	18.52	18.44	18.72	19.64	20.24	19.52	21.04	20.6	20.68	21.36	21.0	21.04	21.0	21.52	21.24	20.48	21.0	20.72	21.6	20.76	20.96	21.32	20.92	21.4	21.12	20.72	20.84	21.36	21.56
1.08	1.2	1.16	1.64	7.68	17.16	19.8	18.16	17.44	17.04	18.04	19.04	18.4	19.36	18.76	19.72	20.0	19.84	19.76	21.12	20.4	21.28	19.72	20.52	20.64	20.96	21.08	20.68	20.76	20.56	21.16	20.84	21.28	20.88	20.6	21.0	20.52	21.16	20.88	21.0	21.04
1.04	1.16	1.2	1.4	5.16	21.64	19.92	18.96	19.84	18.44	17.8	18.44	19.04	18.68	19.8	19.56	19.88	20.32	20.64	20.68	21.32	20.52	20.8	20.56	20.64	20.4	20.76	20.84	20.56	21.08	21.08	21.28	20.96	20.44	20.76	21.12	20.92	20.64	21.24	20.44	21.56
1.0	1.16	1.16	1.28	7.6	34.36	21.48	18.56	19.12	17.24	18.48	18.36	18.72	18.24	19.56	19.52	19.56	20.48	20.52	20.48	20.24	21.48	21.32	21.0	21.6	20.88	20.72	20.8	21.48	20.36	21.12	21.12	21.56	20.2	20.8	20.68	21.44	21.64	21.44	21.4	21.04
1.32	1.2	1.0	1.08	4.04	26.4	19.96	17.96	19.28	20.24	18.04	18.12	19.08	19.24	18.56	19.64	19.16	19.84	20.72	20.48	19.76	20.48	20.48	20.52	20.6	20.88	21.12	20.64	20.52	21.36	20.12	20.28	21.84	21.24	21.24	21.0	21.12	21.48	20.92	21.04	20.76
1.0	1.04	1.12	1.08	4.84	30.6	22.04	25.48	19.6	20.84	18.4	20.0	18.48	19.08	19.64	19.08	19.96	19.44	19.88	20.64	19.88	20.4	20.52	20.56	20.28	20.92	21.2	20.48	20.04	21.6	20.92	21.12	20.68	20.72	20.68	20.56	21.36	20.84	20.92	21.2	20.6
1.0	1.08	1.16	1.2	1.96	31.56	25.24	25.2	19.2	19.44	18.08	19.08	18.84	19.2	19.76	19.08	19.48	20.24	20.84	20.0	20.68	21.2	21.0	20.56	21.0	20.72	21.0	20.96	21.36	20.56	20.96	20.96	21.0	21.2	20.96	21.24	20.84	20.84	21.04	21.8	20.32
1.2	1.08	1.16	1.16	2.36	4.56	39.56	24.44	20.12	19.72	20.0	20.08	19.6	19.44	19.52	20.08	19.64	19.72	20.12	19.96	20.64	20.96	20.36	20.68	20.56	20.68	20.72	21.16	21.08	21.2	20.6	20.92	20.52	20.08	21.16	20.8	21.24	20.64	20.52	21.6	20.72
1.04	1.2	1.0	1.04	2.92	6.16	32.44	26.92	18.52	21.28	20.6	19.0	19.52	20.08	19.72	21.4	19.76	20.48	19.72	20.12	20.4	20.0	20.52	20.92	20.12	20.64	20.68	20.28	20.88	20.4	20.96	21.2	21.44	21.4	21.64	21.0	21.12	20.52	21.56	20.84	21.24
1.28	1.08	1.04	1.36	1.28	10.28	34.4	27.92	27.32	20.92	20.56	19.52	20.04	19.68	20.52	20.72	20.48	19.84	20.32	20.08	20.52	20.76	20.36	20.4	20.84	19.96	20.8	20.32	20.64	20.76	21.32	20.96	21.08	21.08	21.12	20.92	21.2	20.4	20.32	20.72	20.88
1.0	1.0	1.0	1.32	1.6	4.12	38.32	26.72	28.08	21.08	20.76	19.6	19.6	21.04	19.44	20.28	20.96	19.76	19.6	20.32	20.28	20.2	21.12	20.52	20.04	20.92	20.48	21.2	20.48	20.52	20.72	20.8	20.88	20.12	21.0	20.56	21.08	21.32	20.68	21.76	21.04
1.0	1.2	1.0	1.08	1.32	8.16	36.84	27.88	28.12	22.0	22.04	21.24	20.64	20.08	19.4	20.56	20.88	20.16	19.72	20.8	19.72	20.88	21.0	19.96	20.24	19.88	20.96	20.8	20.68	20.44	21.08	21.52	21.12	21.04	20.24	20.64	19.88	21.28	21.36	21.04	20.72
1.08	1.08	1.04	1.2	2.04	2.16	34.56	38.36	28.84	21.16	22.36	22.76	20.0	20.2	21.36	20.04	20.76	20.92	19.68	20.36	19.8	19.16	20.48	21.08	19.96	20.68	21.16	20.44	20.92	20.32	20.24	21.36	21.24	20.12	21.2	20.92	20.84	20.6	20.2	21.2	21.32
1.0	1.04	1.0	1.16	1.28	1.88	7.16	34.12	28.36	28.68	22.52	21.6	22.72	21.24	21.24	20.56	20.84	19.64	20.28	20.24	20.64	20.8	20.16	20.68	20.48	20.56	20.52	20.36	20.4	21.0	20.8	20.64	20.48	20.6	20.52	20.64	21.4	22.0	21.24	21.04	20.88
1.32	1.04	1.08	1.0	1.36	1.72	5.56	33.04	28.24	27.56	22.16	22.72	23.44	20.56	20.96	20.92	19.88	20.76	20.56	20.6	20.24	21.0	20.68	20.28	20.32	20.84	20.24	20.76	21.28	21.88	20.48	21.36	20.84	20.84	20.92	20.12	20.56	20.48	20.8	21.0	20.28
1.12	1.0	1.16	1.0	1.2	2.52	7.52	33.28	26.84	28.8	23.24	22.44	21.96	19.8	20.48	21.2	21.12	21.32	20.04	20.6	20.28	20.2	20.76	20.88	19.84	20.56	20.36	21.16	20.2	20.6	21.32	20.6	20.68	20.84	21.4	20.68	20.84	19.96	20.6	20.88	20.36
1.16	1.0	1.16	1.04	1.12	1.76	6.76	29.96	27.96	27.44	22.32	24.08	22.08	22.36	20.76	20.52	20.6	20.72	20.6	20.52	20.32	20.68	20.2	20.4	20.32	21.24	20.16	20.32	20.6	20.52	20.12	19.48	20.2	20.08	20.84	20.64	20.48	20.48	20.92	20.08	21.56
1.08	1.08	1.0	1.28	1.16	1.36	6.92	28.72	26.84	29.84	28.0	22.92	23.12	23.36	21.08	21.72	21.32	21.16	20.44	21.68	20.76	20.48	21.0	20.08	20.52	20.24	21.0	20.56	21.0	21.0	20.6	21.24	21.56	20.36	20.76	20.92	20.24	20.56	20.72	20.04	21.08
