14.16	76.8	76.96	80.48	76.24	77.12	75.76	75.44	73.28	74.96	73.28	76.88	76.48	75.92	77.92	75.44	76.48	74.24	76.4	76.96	74.0	74.48	73.2	76.0	75.2	74.48	76.24	75.84	74.08	74.8	75.28	73.44	74.24	74.32	75.68	76.72	74.16	76.08	74.32	74.0	73.92
15.6	43.28	75.36	72.72	77.76	79.52	75.36	76.08	74.24	74.8	73.92	79.68	75.12	75.2	74.4	76.32	77.2	74.8	77.52	74.4	78.0	75.12	74.96	75.28	72.64	73.84	73.84	74.4	75.92	77.52	78.48	74.72	76.32	73.84	77.36	74.24	77.2	75.76	75.76	77.12	77.28
13.2	31.68	43.84	78.0	72.56	72.48	75.92	78.32	75.44	74.64	75.52	75.36	76.0	73.6	75.6	79.52	78.08	72.96	74.8	75.84	76.72	74.8	76.24	78.64	75.76	71.52	77.68	75.2	77.2	72.88	76.08	75.28	77.28	76.4	73.68	74.32	74.64	73.12	77.76	77.6	75.36
16.08	34.0	42.24	41.04	74.32	76.56	76.08	79.28	76.48	74.24	75.36	76.56	76.8	74.56	76.16	73.28	74.8	77.6	76.16	76.48	73.6	73.44	77.28	74.56	76.16	75.76	74.88	76.64	75.52	73.04	73.84	76.96	73.6	74.8	74.96	75.76	72.64	75.68	74.88	75.52	77.04
13.2	25.28	35.76	37.92	41.28	78.64	76.8	75.68	79.28	76.0	76.64	76.16	77.76	75.92	73.76	77.04	75.68	76.0	75.76	74.32	77.76	73.36	76.64	76.64	74.48	71.84	72.64	76.24	75.84	76.56	76.64	75.04	74.48	74.88	72.16	78.16	76.48	74.96	73.36	76.56	74.32
14.56	22.0	31.44	40.56	41.44	45.36	75.76	77.12	72.4	76.4	73.68	75.68	76.64	75.28	75.68	77.44	75.12	74.32	77.2	74.8	76.96	75.76	74.96	75.68	76.32	75.44	72.96	75.12	74.32	75.6	75.12	73.36	75.92	73.68	73.44	72.24	74.24	75.68	76.4	76.4	75.52
13.84	20.0	31.76	30.32	43.52	45.04	52.4	76.08	73.84	72.16	73.36	77.52	76.0	75.84	73.6	77.36	73.6	75.04	77.2	75.2	74.48	73.84	75.28	76.48	74.08	77.84	74.88	76.16	75.2	74.88	77.52	75.92	75.12	76.64	76.24	75.52	75.52	73.52	74.16	76.48	74.72
18.0	17.2	28.88	32.96	39.76	48.32	54.88	60.4	77.44	74.16	77.76	78.56	73.04	75.44	72.88	77.36	74.08	76.64	76.08	74.32	75.76	74.96	74.4	76.0	76.48	75.76	74.08	76.48	75.92	75.36	75.12	77.2	75.2	77.6	74.48	74.8	75.76	74.72	76.24	76.64	75.2
15.12	15.04	24.24	35.76	36.96	46.32	49.84	62.8	60.48	75.76	75.04	77.68	74.48	73.92	74.96	73.12	75.12	76.72	75.92	75.12	75.28	76.08	78.56	74.96	77.52	74.8	75.68	74.4	78.16	75.84	73.28	76.24	77.76	76.88	75.76	75.04	76.56	75.12	74.24	73.84	76.4
14.8	18.48	27.04	29.6	34.96	43.04	51.92	62.32	63.68	65.12	73.28	74.4	77.76	75.12	74.56	74.4	73.76	76.24	76.48	75.6	76.24	74.8	75.68	76.8	72.16	75.44	76.4	76.0	75.68	75.36	76.72	72.4	75.44	73.92	75.36	76.64	73.52	76.48	77.6	72.64	74.0
14.16	14.8	23.12	28.0	36.16	35.04	52.96	58.8	62.64	65.92	65.68	75.68	77.36	74.32	77.36	76.08	76.88	76.08	74.48	76.0	75.52	75.68	77.76	72.96	79.36	74.4	73.28	72.32	76.56	76.32	74.4	72.88	75.44	77.12	76.24	79.68	74.64	72.88	78.24	72.08	75.84
12.4	14.64	21.84	31.6	37.36	42.96	55.92	62.16	63.76	66.0	68.4	66.24	75.36	75.36	76.0	74.96	78.32	76.32	77.84	76.64	78.08	74.72	73.6	74.32	75.36	77.84	73.2	75.2	73.6	72.48	79.12	78.32	77.44	74.96	74.32	74.08	74.4	76.8	74.16	75.2	74.88
16.0	15.12	21.52	26.88	37.28	46.24	50.16	56.4	63.84	65.44	68.24	69.6	65.6	75.28	77.28	72.96	79.36	74.8	74.56	73.36	72.8	73.04	77.28	72.88	76.8	76.32	75.04	74.88	75.28	72.08	73.92	76.56	75.92	75.92	75.92	73.2	70.72	78.48	75.76	72.16	77.36
14.08	16.56	18.48	24.88	29.12	41.28	48.72	61.12	63.28	66.08	64.08	66.8	68.0	68.16	78.64	74.08	73.68	75.68	77.12	78.24	78.4	75.6	74.56	75.76	73.68	76.24	75.84	77.36	73.04	76.24	75.04	73.2	76.56	74.48	75.44	72.88	77.44	76.0	75.52	72.88	74.08
15.44	14.64	19.92	25.76	34.56	44.0	48.0	58.32	61.76	63.76	67.68	65.2	70.72	67.6	75.28	74.88	73.68	71.76	72.72	78.4	74.56	79.76	72.88	76.56	75.2	73.76	75.28	78.8	77.84	73.04	76.96	73.36	74.4	73.84	73.76	73.92	75.92	77.44	73.36	76.0	76.4
15.76	18.72	18.64	20.88	32.8	35.6	52.08	59.04	60.24	63.52	64.8	66.56	70.08	70.0	74.96	77.52	74.8	75.44	74.8	74.72	74.56	76.88	75.52	75.76	73.76	76.88	76.64	73.92	74.32	78.56	72.4	78.16	75.04	72.96	82.32	73.92	77.92	75.44	76.88	74.16	72.56
15.76	15.84	16.4	20.56	30.56	47.04	49.76	55.36	60.32	63.28	63.84	64.0	69.12	70.24	72.32	79.28	79.52	77.84	77.04	77.84	76.4	78.32	74.88	77.36	73.84	76.24	77.44	74.48	76.88	74.96	74.72	75.76	70.88	75.28	75.44	77.12	73.28	74.24	75.6	72.4	74.08
13.84	15.52	16.24	22.72	30.96	43.76	53.52	57.12	59.44	62.48	67.36	67.44	67.28	71.92	81.84	79.44	72.8	75.44	75.36	76.56	71.28	74.72	75.12	77.04	76.32	77.28	74.16	74.8	77.12	72.88	74.4	78.8	73.76	74.24	76.88	76.08	74.0	75.12	77.84	78.24	76.16
14.96	11.92	17.12	18.56	30.4	44.24	52.8	57.28	59.84	65.36	64.72	66.16	70.48	67.68	86.24	74.96	78.4	75.84	78.4	76.56	75.2	76.32	74.8	76.08	77.44	75.04	78.56	71.68	76.72	74.0	76.88	75.6	73.92	77.44	77.2	74.0	74.24	73.68	75.36	74.72	76.08
17.36	13.76	14.4	17.92	29.6	44.8	52.08	56.72	58.4	66.4	64.64	68.96	68.16	73.68	83.52	82.64	77.92	73.92	75.36	74.48	75.04	73.92	77.84	76.88	76.24	76.4	73.76	72.0	76.96	74.72	74.72	74.56	76.96	74.4	76.72	76.56	73.04	75.12	77.04	77.2	76.64
14.16	15.52	15.44	18.88	27.6	35.92	51.04	60.88	62.08	59.44	62.64	68.24	68.0	97.2	85.44	80.72	76.32	74.24	79.12	75.76	76.56	77.36	74.72	77.68	76.4	73.36	73.36	72.64	74.96	74.64	77.52	78.08	74.64	77.76	75.84	73.28	78.96	77.12	76.4	74.24	76.8
16.96	16.8	13.6	20.88	29.68	47.44	52.08	58.24	57.6	61.04	64.4	68.48	106.56	90.96	82.72	82.08	75.28	78.4	76.88	77.76	75.76	73.04	74.96	76.32	74.56	73.36	76.4	75.84	75.68	75.36	75.76	76.64	74.16	76.48	75.44	74.4	78.08	74.08	75.6	77.44	76.96
13.04	13.68	13.92	20.08	33.28	49.12	51.92	56.8	60.72	62.64	64.0	130.4	108.88	88.32	82.96	75.44	77.84	75.04	75.52	77.36	74.56	76.72	75.12	74.4	74.56	73.68	74.0	73.6	75.04	76.56	77.12	71.68	77.92	74.8	76.4	76.64	77.04	77.84	79.76	77.36	73.2
14.64	13.76	14.72	17.76	32.16	52.48	58.64	58.96	59.68	64.56	60.0	123.52	94.32	89.28	83.36	77.36	76.64	73.04	76.88	73.12	75.84	73.04	76.72	73.12	75.36	79.04	75.76	72.8	76.0	76.88	74.8	76.96	75.44	77.52	75.28	74.8	74.72	74.08	74.48	75.36	79.36
18.88	18.08	16.96	17.28	29.6	49.84	59.12	59.2	60.48	64.24	122.16	102.56	89.12	83.84	87.68	78.96	76.0	74.8	75.28	78.08	76.08	77.12	76.8	69.6	74.88	79.28	76.32	77.36	76.96	76.24	75.84	78.08	76.32	76.56	77.68	74.08	75.04	78.48	76.24	74.56	77.28
14.24	14.16	16.72	16.56	32.8	48.0	59.44	61.28	142.8	81.92	122.24	99.68	91.68	84.8	81.6	80.0	79.92	77.28	76.24	75.92	76.48	74.56	75.2	75.76	75.92	75.68	74.32	73.12	76.32	75.28	75.68	73.12	74.88	74.72	75.76	75.12	71.84	74.56	74.8	76.0	75.28
14.88	18.32	17.36	15.04	29.84	57.52	71.12	64.32	136.56	127.36	104.48	97.84	88.4	85.52	83.84	78.72	79.52	78.48	77.76	77.44	76.0	75.44	75.04	74.88	73.12	75.44	78.56	76.64	78.72	78.64	74.4	76.88	75.68	76.88	75.84	77.44	76.24	75.12	76.48	76.48	75.12
14.0	14.8	16.32	16.48	29.2	71.44	70.56	153.2	121.04	105.12	109.2	96.8	85.12	78.16	83.44	79.36	78.24	79.68	75.84	75.6	76.0	77.12	75.68	72.56	78.4	74.72	75.68	75.68	75.2	74.88	75.04	76.56	76.72	78.48	76.96	76.0	77.76	77.44	74.8	76.88	72.72
18.08	14.4	14.64	18.64	25.04	98.4	75.36	129.44	125.76	109.6	102.8	96.24	87.04	82.16	81.76	79.68	73.92	78.48	74.56	75.12	75.04	75.04	75.76	75.44	72.88	75.04	75.52	74.56	78.88	75.92	75.28	74.72	76.64	72.24	76.72	74.64	73.36	77.84	72.4	76.64	77.12
13.28	13.68	16.24	15.92	18.56	86.4	141.28	120.48	113.04	105.2	102.8	88.96	84.24	81.84	77.76	79.36	80.4	77.92	84.56	78.0	78.56	75.6	74.16	74.64	72.4	72.88	73.68	76.64	76.24	75.36	73.84	74.16	74.32	76.64	76.08	76.08	74.64	75.76	75.92	74.8	74.4
18.32	14.24	14.32	14.8	23.84	30.08	108.48	119.68	116.56	100.96	91.92	90.32	88.64	80.88	79.28	79.36	79.6	79.76	78.08	77.2	78.16	76.72	75.76	74.8	75.6	78.72	74.88	74.08	73.12	76.4	76.88	74.96	73.92	77.12	73.84	76.32	73.44	76.96	72.56	75.52	77.2
14.8	16.24	15.28	18.0	20.16	37.6	87.6	113.04	117.36	98.16	92.56	91.6	88.4	82.4	82.96	78.96	80.96	77.04	77.52	76.8	75.2	75.28	75.84	75.12	76.72	75.68	77.44	74.08	73.68	75.44	76.8	75.84	72.32	72.24	76.48	72.96	76.64	72.88	76.96	78.72	79.04
14.96	13.44	13.84	14.64	17.12	29.68	106.08	116.88	93.44	108.16	95.6	90.08	90.08	81.04	78.48	76.96	75.68	77.52	75.44	79.12	78.72	75.2	75.76	74.24	76.48	73.92	77.44	73.6	74.08	78.88	73.04	78.08	78.64	78.48	77.28	75.28	76.72	80.32	76.08	77.44	77.28
15.76	16.4	16.0	15.28	21.44	38.96	99.04	110.64	99.44	101.52	92.72	89.6	85.76	81.12	79.52	80.08	79.12	76.08	76.48	75.76	76.56	76.0	76.64	74.8	75.6	74.48	75.12	75.6	73.04	75.68	75.2	71.12	78.24	76.64	77.36	73.52	75.52	76.48	76.08	73.52	76.72
13.52	14.4	15.6	14.08	16.88	44.48	108.48	99.12	99.68	98.16	86.08	89.92	86.88	85.12	80.48	77.12	80.24	76.56	77.2	74.8	78.88	75.04	79.28	74.88	74.88	77.12	75.44	77.12	75.68	74.48	77.52	75.2	72.8	75.84	73.44	76.08	73.92	76.24	75.12	74.0	79.2
16.24	15.76	13.84	17.2	17.12	19.12	107.12	100.64	92.72	96.48	87.76	84.16	81.6	85.28	82.96	79.68	78.88	76.88	77.2	77.12	74.8	76.0	77.44	75.6	71.92	78.48	75.12	76.88	75.52	78.24	74.48	75.44	74.96	75.6	73.36	74.08	75.44	76.0	74.08	75.28	74.08
15.44	17.36	17.28	14.08	16.72	18.32	34.72	95.36	92.64	89.36	90.88	83.44	84.8	83.92	82.24	76.88	80.64	77.36	77.36	77.68	75.68	74.16	77.52	75.04	76.16	76.24	75.04	79.04	71.76	76.32	76.48	73.92	75.2	76.8	73.68	75.92	74.32	74.48	72.24	76.8	77.84
15.52	15.12	16.08	17.6	15.52	20.08	30.4	81.76	100.64	84.64	88.0	79.92	82.24	82.16	82.64	82.48	76.16	79.04	77.6	76.24	76.72	77.92	74.56	78.32	76.64	73.52	74.64	73.76	74.8	74.64	74.08	74.8	74.88	74.56	74.56	74.96	73.76	72.08	75.6	75.44	76.8
19.04	14.96	14.48	12.88	14.64	18.24	33.36	84.56	91.28	91.68	86.96	83.44	83.6	86.16	80.64	80.4	78.56	79.2	76.8	76.48	79.52	78.08	74.88	77.84	77.52	76.72	72.0	75.52	76.88	75.6	75.52	75.52	75.28	73.36	75.28	77.2	77.36	76.8	74.48	77.12	74.72
17.52	13.12	16.4	12.72	13.36	16.0	34.08	82.88	94.48	84.72	89.36	84.16	84.56	81.52	79.92	76.96	75.04	76.56	76.56	78.32	75.36	77.68	78.88	80.0	77.44	75.28	77.36	77.36	76.16	73.76	74.48	76.72	72.64	74.24	73.44	76.24	77.04	75.68	75.04	77.68	75.2
14.56	20.4	16.08	14.88	14.8	14.8	29.68	80.56	98.32	85.36	85.52	86.56	76.4	82.08	81.04	78.48	78.96	77.28	78.72	79.12	78.08	75.52	78.08	75.2	75.28	75.92	77.28	75.68	71.92	78.32	75.92	75.12	74.8	78.08	76.08	74.8	76.72	73.92	76.64	74.24	77.52
