0.0	0.0009765625	0.0009765625	0.0009765625	0.0009765625	0.0009765625
0.0125	0.001697265625	0.0016914062499999998	0.0017714843749999996	0.0017207031249999996	0.001662109375
0.025	0.0033593749999999995	0.0032890625	0.0035117187500000005	0.003388671875	0.00298046875
0.0375	0.007033203125	0.006212890625	0.006861328125	0.007724609374999999	0.0068632812500000005
0.05	0.019669921875	0.024849609375	0.02402734375	0.022683593749999998	0.015546875
0.0625	0.227248046875	0.18825781249999998	0.240701171875	0.20487109374999998	0.16326953125
0.075	0.5765078125	0.580580078125	0.583759765625	0.5556347656249999	0.515650390625
0.0875	0.7777734375	0.783826171875	0.774677734375	0.7541542968749999	0.7122578124999999
0.1	0.8613164062499999	0.8709218750000001	0.864763671875	0.8570722656249998	0.814349609375
0.11249999999999999	0.9164062500000001	0.9167265624999998	0.9179765624999999	0.9055429687500001	0.8601523437499999
0.125	0.9466386718750001	0.9460390625	0.9470566406250001	0.93677734375	0.898837890625
0.1375	0.9643125	0.9651679687499999	0.9633300781249999	0.954177734375	0.919861328125
0.15	0.9685273437499999	0.9763945312500001	0.976419921875	0.965392578125	0.9348457031249999
0.1625	0.98310546875	0.9830546875000001	0.9832441406249999	0.9733203125000001	0.94528515625
0.175	0.9881015625	0.988583984375	0.9880253906249999	0.9794726562499999	0.95327734375
0.1875	0.991509765625	0.9918808593750001	0.9910449218749999	0.982806640625	0.958814453125
0.2	0.9942656249999999	0.9943808593749999	0.9938554687499999	0.985783203125	0.963236328125
0.21249999999999997	0.9956855468750001	0.9957304687499999	0.99526953125	0.9877050781250001	0.966888671875
0.22499999999999998	0.99660546875	0.9969062500000001	0.9962597656250002	0.9888281250000001	0.9699179687500001
0.2375	0.9975800781249999	0.9976406250000001	0.997138671875	0.9902578125	0.97303515625
0.25	0.9983281249999999	0.9981660156250001	0.9977617187500001	0.9910039062499999	0.9754042968749999
0.2625	0.99861328125	0.998630859375	0.998193359375	0.9918261718750001	0.977060546875
0.275	0.9989335937500001	0.9989921875000001	0.9985019531249999	0.992759765625	0.979318359375
0.2875	0.9992324218749999	0.999115234375	0.998783203125	0.9931249999999999	0.980423828125
0.3	0.999361328125	0.999396484375	0.998837890625	0.9933808593749999	0.9819140625
0.3125	0.9995351562500001	0.9995058593749999	0.999015625	0.9938046875	0.9830703125
0.325	0.9996132812499999	0.999609375	0.99923046875	0.9941328125000001	0.9843359374999999
0.3375	0.9996660156250001	0.9996660156249999	0.9992382812499999	0.994431640625	0.9849980468749999
0.35	0.9997734375000001	0.999759765625	0.999265625	0.9948261718750001	0.986396484375
0.3625	0.999828125	0.9998046875	0.999275390625	0.9952421874999999	0.986931640625
0.375	0.9998066406249999	0.9998828125	0.999328125	0.995330078125	0.98779296875
0.3875	0.9999023437500001	0.9998652343749999	0.9993984374999999	0.9955996093750001	0.9888046875000002
0.4	0.99989453125	0.9998906249999999	0.9994042968750001	0.9957148437500001	0.9891875
