1.0	1.0	1.0	2.0	1.0	2.0	1.0	1.0	1.0	2.0	1.0	2.0	1.0	2.0	1.0	2.0	1.0	1.0	1.0	1.0	3.953e-321	0.35977344028651714	0.2304956242442131	0.35448762215673923	0.23137024231255054	0.3551183380186558	0.23112062364816666	0.35555659979581833	0.23064234666526318	0.3562578186392784	0.23159318417310715	0.23107489198446274	0.23096627928316593	0.2296915091574192	0.2311034742742777	0.22945141792297363	0.23135309293866158	0.3555375449359417	0.23008785024285316	0.3571286257356405	0.23149028792977333
2.0	1.0	1.0	1.0	1.0	1.0	2.0	1.0	1.0	1.0	2.0	1.0	2.0	1.0	2.0	1.0	2.0	1.0	1.0	1.0	0.11014310456812382	0.23313281685113907	0.231118718162179	0.2315017208456993	0.23173990659415722	0.23128830641508102	0.3557852581143379	0.22963053360581398	0.2307242825627327	0.23056231625378132	0.3545619361102581	0.23021932877600193	0.23026315495371819	0.2314769495278597	0.35564996860921383	0.23134737648069859	0.3543428052216768	0.23077954165637493	0.23061185888946056	0.23032222501933575	0.23123876377940178
1.0	1.0	1.0	2.0	1.0	1.0	1.0	2.0	1.0	2.0	1.0	1.0	1.0	1.0	1.0	1.0	1.0	2.0	1.0	1.0	0.10961337946355343	0.2321972232311964	0.23182755894958973	0.3588683344423771	0.230185030028224	0.35674943402409554	0.22983060963451862	0.2313835807144642	0.23077382519841194	0.22925705835223198	0.23081574589014053	0.2320371624082327	0.22954478673636913	0.2314083520323038	0.23136071488261223	0.2298782467842102	0.22982489317655563	0.3575668875128031	0.2302726823836565	0.23003068566322327	0.4803870115429163
1.0	1.0	1.0	1.0	1.0	1.0	1.0	1.0	2.0	1.0	2.0	1.0	2.0	1.0	1.0	1.0	1.0	1.0	1.0	0.236341655254364	0.10754211619496346	0.23042131029069424	0.3567265681922436	0.23177420534193516	0.23060233145952225	0.23100819997489452	0.22946094535291195	0.2298477590084076	0.23003068566322327	0.2312635350972414	0.23116826079785824	0.23022885620594025	0.35357870534062386	0.23112252913415432	0.3542551528662443	0.2315855622291565	0.22961528971791267	0.229811554774642	0.3559834286570549	0.23082908429205418	0.2304022554308176
1.0	2.0	1.0	2.0	1.0	2.0	1.0	1.0	1.0	2.0	1.0	2.0	1.0	1.0	1.0	1.0	1.0	1.0	1.0	0.35990682430565357	0.23281078971922398	0.23185804672539234	0.23064996860921383	0.35732870176434517	0.2310825139284134	0.3553755786269903	0.23068998381495476	0.23113777302205563	0.23065759055316448	0.3543485216796398	0.23083480075001717	0.3563092667609453	0.2304860968142748	0.35486490838229656	0.23056993819773197	0.3555318284779787	0.23029745370149612	0.2321095708757639	0.23114539496600628	0.23102153837680817	0.23160842806100845
2.0	1.0	2.0	1.0	1.0	1.0	1.0	1.0	1.0	1.0	2.0	1.0	1.0	1.0	2.0	1.0	1.0	1.0	0.3972062021493912	0.23252496682107449	0.3571343421936035	0.23056612722575665	0.23198761977255344	0.23099105060100555	0.23017550259828568	0.2293904423713684	0.3538988269865513	0.23022885620594025	0.23099486157298088	0.2315017208456993	0.35553563944995403	0.23015644773840904	0.35693045519292355	0.23097390122711658	0.3546876981854439	0.22999638691544533	0.3555127736181021	0.23133022710680962	0.2304537035524845	0.22976010665297508	0.23095484636723995
1.0	1.0	1.0	2.0	1.0	2.0	1.0	1.0	1.0	2.0	1.0	1.0	1.0	2.0	1.0	2.0	1.0	2.0	0.23437519371509552	0.23266597278416157	0.23173228465020657	0.23127496801316738	0.23094531893730164	0.35596056282520294	0.23120827600359917	0.23159318417310715	0.22930088452994823	0.3546972256153822	0.2308843433856964	0.35677039436995983	0.2295562196522951	0.23065377958118916	0.23014120385050774	0.23069951124489307	0.23095675185322762	0.23083098977804184	0.23056422173976898	0.3542208541184664	0.2305889930576086	0.23159890063107014	0.23086528852581978
1.0	1.0	1.0	1.0	1.0	1.0	1.0	1.0	2.0	1.0	2.0	1.0	2.0	1.0	2.0	1.0	2.0	0.232233427464962	0.23159890063107014	0.2323992047458887	0.23027458786964417	0.2302059903740883	0.2298325151205063	0.22981727123260498	0.22984966449439526	0.22950858250260353	0.23115111142396927	0.23050515167415142	0.35620827600359917	0.2309834286570549	0.3583271764218807	0.2303927280008793	0.35617207176983356	0.2307547703385353	0.23121018148958683	0.22912367433309555	0.23128068447113037	0.23072047159075737	0.23241254314780235	0.2303298469632864	0.23166940361261368
1.0	2.0	1.0	2.0	1.0	1.0	1.0	2.0	1.0	2.0	1.0	1.0	1.0	1.0	1.0	2.0	1.0	0.3940528950520924	0.23245827481150627	0.3559872396290302	0.23050515167415142	0.3573591895401478	0.22971056401729584	0.35555469430983067	0.23100629448890686	0.35616254433989525	0.22940568625926971	0.2303241305053234	0.2318809125572443	0.3552402891218662	0.23036414571106434	0.3554689474403858	0.23028411529958248	0.23058327659964561	0.22996971011161804	0.2300440240651369	0.22882260754704475	0.2299563717097044	0.2300078198313713	0.3555985204875469	0.10507832281291485
2.0	1.0	1.0	1.0	2.0	1.0	1.0	1.0	2.0	1.0	1.0	1.0	1.0	1.0	2.0	1.0	2.0	0.2326278630644083	0.3552364781498909	0.22965721040964127	0.35715911351144314	0.23113777302205563	0.35601772740483284	0.23066521249711514	0.23020408488810062	0.23144646175205708	0.230739526450634	0.23075095936655998	0.22991826198995113	0.22879021428525448	0.35596437379717827	0.23076239228248596	0.23084432817995548	0.23092435859143734	0.3555775601416826	0.23052420653402805	0.23056612722575665	0.2302059903740883	0.3551945574581623	0.22921894863247871	0.10466673783957958
1.0	1.0	1.0	1.0	1.0	1.0	2.0	2.0	2.0	2.0	1.0	1.0	1.0	1.0	1.0	1.0	1.1096038520336151	0.35673800110816956	0.2307757306843996	0.2314502727240324	0.23115301690995693	0.23099105060100555	0.22935042716562748	0.35510309413075447	0.2315950896590948	0.3569018729031086	0.23065949603915215	0.22789844684302807	0.22961528971791267	0.3548630028963089	0.2310710810124874	0.23026124946773052	0.2333024051040411	0.35596627928316593	0.23148838244378567	0.35553945042192936	0.23006688989698887	0.3564655166119337	0.23090720921754837	0.23190568387508392	0.10518693551421165
2.0	1.0	2.0	1.0	1.0	1.0	1.0	1.0	1.0	1.0	2.0	1.0	2.0	1.0	1.0	1.0	0.357606902718544	0.2300707008689642	0.23072237707674503	0.23184661380946636	0.23143693432211876	0.23185614123940468	0.22980774380266666	0.2323744334280491	0.23119303211569786	0.2313721477985382	0.22997923754155636	0.23086528852581978	0.35517169162631035	0.2323058359324932	0.3558595720678568	0.23099486157298088	0.3555489778518677	0.23089196532964706	0.35593007504940033	0.23116063885390759	0.3562787789851427	0.2310253493487835	0.23071284964680672	0.22909890301525593	0.10603868775069714
1.0	2.0	1.0	2.0	1.0	1.0	1.0	2.0	1.0	1.0	1.0	1.0	1.0	1.0	1.0	2.0	0.23065568506717682	0.35604821518063545	0.23149790987372398	0.35685995221138	0.23124448023736477	0.3547429572790861	0.23018884100019932	0.35572237707674503	0.23055659979581833	0.23037938959896564	0.22999448142945766	0.3549201674759388	0.22981536574661732	0.3554384596645832	0.22965339943766594	0.22946475632488728	0.23048800230026245	0.22952382639050484	0.2321400586515665	0.3559053037315607	0.23000591434538364	0.35492778941988945	0.2310920413583517	0.3552269507199526	0.1041312962770462
1.0	1.0	1.0	1.0	1.0	1.0	2.0	1.0	1.0	1.0	1.0	1.0	2.0	1.0	1.0	1.0	0.23195522651076317	0.23182565346360207	0.3560920413583517	0.23116635531187057	0.3556995112448931	0.23059089854359627	0.23136452585458755	0.2319380771368742	0.35566521249711514	0.23032222501933575	0.22972009144723415	0.23164463229477406	0.3543275613337755	0.2310253493487835	0.23089387081563473	0.23027649335563183	0.2305375449359417	0.2301945574581623	0.3557700142264366	0.23118731565773487	0.3564350288361311	0.2308024074882269	0.35555659979581833	0.23088243789970875	0.1045828964561224
1.0	1.0	1.0	1.0	1.0	2.0	1.0	2.0	1.0	1.0	1.0	1.0	1.0	2.0	1.0	0.3067684888839722	0.23250210098922253	0.3556099534034729	0.2310101054608822	0.3561968430876732	0.23160842806100845	0.23160842806100845	0.23063853569328785	0.23169226944446564	0.22978106699883938	0.23145217821002007	0.35551849007606506	0.3549887649714947	0.3560405932366848	0.356118718162179	0.22953907027840614	0.23124448023736477	0.23220103420317173	0.22984966449439526	0.2321400586515665	0.22956384159624577	0.23287938721477985	0.3554022554308176	0.2301945574581623	0.23026124946773052	0.10464387200772762
1.0	1.0	1.0	1.0	1.0	1.0	1.0	1.0	1.0	1.0	2.0	1.0	1.0	1.0	2.0	1.0	0.230931980535388	0.23154745250940323	0.23114539496600628	0.23066902346909046	0.356130151078105	0.2305165845900774	0.3560501206666231	0.23094531893730164	0.23070713318884373	0.23025934398174286	0.2306251972913742	0.2285863272845745	0.23043083772063255	0.2301488257944584	0.35628068447113037	0.2302574384957552	0.3555165845900774	0.23016025871038437	0.23117969371378422	0.23101582191884518	0.3560825139284134	0.23027077689766884	0.23107489198446274	0.2297639176249504	0.10618731565773487
1.0	1.0	1.0	2.0	1.0	2.0	1.0	1.0	1.0	2.0	1.0	2.0	1.0	2.0	1.0	0.3575040064752102	0.23107298649847507	0.3551126215606928	0.22945522889494896	0.3568809125572443	0.2302574384957552	0.3550440240651369	0.22854821756482124	0.35526506043970585	0.23046132549643517	0.23175324499607086	0.22961719520390034	0.3543485216796398	0.23014120385050774	0.23029173724353313	0.23109013587236404	0.2315226811915636	0.23058708757162094	0.2279594223946333	0.230745242908597	0.35441330820322037	0.23097961768507957	0.35515644773840904	0.23016597516834736	0.35441902466118336	0.10541940480470657
1.0	1.0	2.0	1.0	2.0	1.0	1.0	1.0	2.0	1.0	2.0	1.0	2.0	1.0	1.0	0.2318085040897131	0.22993922233581543	0.2304232157766819	0.22913510724902153	0.23030507564544678	0.2296038568019867	0.2298267986625433	0.23157412931323051	0.23093388602137566	0.23112252913415432	0.23021170683205128	0.3552822098135948	0.2301488257944584	0.23119303211569786	0.22944379597902298	0.23080812394618988	0.23069951124489307	0.3546800762414932	0.22938472591340542	0.23018693551421165	0.23090720921754837	0.23006117343902588	0.23027077689766884	0.3537635374814272	0.23042131029069424	0.1062120869755745
1.0	1.0	1.0	2.0	1.0	1.0	1.0	1.0	1.0	2.0	2.0	2.0	1.0	2.0	1.0	2.0	0.23169608041644096	0.23189234547317028	0.2310043890029192	0.23042512126266956	0.23092245310544968	0.22938282042741776	0.2302726823836565	0.23137976974248886	0.2304384596645832	0.3558595720678568	0.23052611202001572	0.357233427464962	0.2304746638983488	0.23022504523396492	0.2299049235880375	0.23061376437544823	0.23010499961674213	0.3556728344410658	0.22996589913964272	0.22965149395167828	0.2312844954431057	0.35711147636175156	0.2300649844110012	0.35522885620594025	0.10610919073224068
1.0	1.0	2.0	1.0	1.0	1.0	2.0	1.0	2.0	1.0	1.0	1.0	1.0	1.0	1.0	1.0	0.3560463096946478	0.23058708757162094	0.2297067530453205	0.23093960247933865	0.2305947095155716	0.22995446622371674	0.23013929836452007	0.23251162841916084	0.2285139188170433	0.2306823618710041	0.2311911266297102	0.2301373928785324	0.2312216144055128	0.23056422173976898	0.354805838316679	0.23024791106581688	0.2306728344410658	0.22930660098791122	0.35558137111365795	0.23030126467347145	0.22927992418408394	0.23022313974797726	0.23157412931323051	0.22984394803643227	0.1049354113638401
1.0	1.0	1.0	1.0	1.0	2.0	1.0	2.0	1.0	1.0	1.0	1.0	1.0	1.0	1.0	1.0	1.0	0.354607667773962	0.23008785024285316	0.3567932602018118	0.22981727123260498	0.23230774141848087	0.23081955686211586	0.35516216419637203	0.23085004463791847	0.3542875461280346	0.23159127868711948	0.22948571667075157	0.23016597516834736	0.3568504247814417	0.22959432937204838	0.35520789586007595	0.23155316896736622	0.354613384231925	0.2300916612148285	0.3548687193542719	0.23032222501933575	0.3548591919243336	0.23121018148958683	0.3549030181020498	0.1059681847691536
2.0	1.0	1.0	1.0	2.0	1.0	2.0	1.0	1.0	1.0	2.0	1.0	1.0	1.0	2.0	1.0	2.1071800738573074	0.23102725483477116	0.2302783988416195	0.10493922233581543	0.23100248351693153	0.22975820116698742	0.3566046170890331	0.2306099534034729	0.3550707008689642	0.2304232157766819	0.23045751452445984	0.23044989258050919	0.3553184140473604	0.2298477590084076	0.35607870295643806	0.23085004463791847	0.3549563717097044	0.23059280402958393	0.23026124946773052	0.22988205775618553	0.2300230637192726	0.2318961564451456	0.22957336902618408	0.2301431093364954	0.10507641732692719
1.0	2.0	1.0	2.0	1.0	2.0	1.0	1.0	1.0	2.0	1.0	2.0	1.0	1.0	1.0	1.0	0.23261071369051933	0.23245065286755562	0.2292608693242073	0.10523838363587856	0.2306099534034729	0.2312006540596485	0.23047275841236115	0.35491826198995113	0.2307090386748314	0.23072047159075737	0.23230964690446854	0.23053563944995403	0.23134928196668625	0.35476582311093807	0.3549201674759388	0.3545867074280977	0.23045560903847218	0.35596627928316593	0.23143121786415577	0.22945713438093662	0.23052992299199104	0.23012977093458176	0.2321457751095295	0.23152649216353893	0.10677611082792282
1.0	1.0	1.0	1.0	1.0	1.0	2.0	1.0	1.0	1.0	2.0	1.0	1.0	1.0	2.0	1.0	0.23240111023187637	0.23219912871718407	0.35590720921754837	0.1054803803563118	0.22998114302754402	0.23126162961125374	0.3561492059379816	0.2302212342619896	0.22954478673636913	0.2302993591874838	0.3558843433856964	0.22861490957438946	0.3551011886447668	0.2304174993187189	0.22999257594347	0.23030126467347145	0.2306309137493372	0.23050896264612675	0.23041940480470657	0.22922847606241703	0.3550554569810629	0.23054707236588	0.2311034742742777	0.22979249991476536	0.10545370355248451
1.0	1.0	1.0	2.0	1.0	2.0	1.0	1.0	1.0	2.0	1.0	1.0	1.0	1.0	1.0	0.39573843351432253	0.2312787789851427	0.3562730625271797	0.23092816956341267	0.1067665833979845	0.23125400766730309	0.23034699633717537	0.23050896264612675	0.22899981774389744	0.23023838363587856	0.3550802282989025	0.23009356670081615	0.3556823618710041	0.23161414451897144	0.23012977093458176	0.23150934278964996	0.22978297248482704	0.23127496801316738	0.23105964809656143	0.23171132430434227	0.23129783384501934	0.23054516687989235	0.3565436415374279	0.23067092895507812	0.3557871636003256	0.10427230224013329
1.0	1.0	1.0	1.0	2.0	1.0	2.0	1.0	1.0	1.0	1.0	1.0	1.0	1.0	0.36987442150712013	0.2389045339077711	0.35977725125849247	0.2328984420746565	0.35697618685662746	0.10725629329681396	0.3564598001539707	0.22972009144723415	0.2306976057589054	0.2298687193542719	0.35527458786964417	0.23094341345131397	0.35638548620045185	0.23053945042192936	0.22891597636044025	0.22963053360581398	0.35626162961125374	0.23066330701112747	0.22993731684982777	0.23038891702890396	0.35499638691544533	0.2315436415374279	0.354805838316679	0.23079288005828857	0.2304022554308176	0.22992778941988945	0.10562138631939888
1.0	2.0	1.0	1.0	1.0	2.0	1.0	2.0	1.0	1.0	1.0	1.0	1.0	0.3363570223251979	0.24228486604988575	0.36341482400894165	0.23436947725713253	0.23468959890305996	0.23171132430434227	0.10755354911088943	0.23087672144174576	0.35680088214576244	0.230926264077425	0.3548325151205063	0.2308119349181652	0.35627115704119205	0.23140644654631615	0.23036795668303967	0.23087672144174576	0.35448190569877625	0.23134356550872326	0.3556976057589054	0.2299144510179758	0.2309415079653263	0.23209242150187492	0.23216482996940613	0.2307604867964983	0.23048419132828712	0.22990111261606216	0.10627687349915504	0.10490873456001282
1.0	1.0	2.0	1.0	2.0	1.0	2.0	1.0	2.0	1.0	2.0	1.0	0.5251135570662362	0.27916000969707966	0.2447715476155281	0.24070712365210056	0.23907031118869781	0.23394455388188362	0.23378639854490757	0.1087540052831173	0.2319590374827385	0.2303927280008793	0.2306404411792755	0.2300135362893343	0.22991254553198814	0.2302879262715578	0.3558652885258198	0.23032031953334808	0.2296038568019867	0.2311968430876732	0.35536795668303967	0.23137024231255054	0.23022695071995258	0.23011452704668045	0.3558595720678568	0.23010309413075447	0.2306366302073002	0.2293809149414301	0.35464768297970295	0.10526887141168118	0.10591292567551136
1.0	2.0	1.0	1.0	1.0	2.0	1.0	1.0	1.0	1.0	1.0	0.5094287022948265	0.3369324691593647	0.3976470585912466	0.2469247691333294	0.24129020236432552	0.23763548023998737	0.3597296141088009	0.23280316777527332	0.10814615525305271	0.2321610189974308	0.2313931081444025	0.2306880783289671	0.3558786269277334	0.230366051197052	0.35637976974248886	0.23137976974248886	0.23069379478693008	0.22918083891272545	0.354981143027544	0.2325192503631115	0.23052420653402805	0.2314445562660694	0.2312425747513771	0.23159699514508247	0.3551583532243967	0.2313359435647726	0.3579232133924961	0.2309624683111906	0.1046553049236536	0.1069590374827385
1.0	1.0	2.0	1.0	1.0	1.0	1.0	1.0	1.0	1.0	0.8772056400775909	0.46198972314596176	0.4379614256322384	0.2696592565625906	0.2530433963984251	0.24193806760013103	0.36394454911351204	0.2355794608592987	0.35875209979712963	0.10917321220040321	0.2306728344410658	0.23143312335014343	0.2316160500049591	0.23136643134057522	0.3553050756454468	0.2300344966351986	0.35492778941988945	0.2308481391519308	0.23048800230026245	0.230552788823843	0.23064996860921383	0.23183708637952805	0.23071666061878204	0.23067092895507812	0.23019836843013763	0.2304746638983488	0.3555851820856333	0.23141025751829147	0.35521361231803894	0.2300135362893343	0.10603106580674648
1.0	2.0	1.0	2.0	1.0	1.0	1.0	2.0	1.0	2.0	0.9801424543062845	0.5440743379294872	0.3310864083468914	0.39153425954282284	0.2555338889360428	0.25415622256696224	0.23824714124202728	0.3630184829235077	0.23562328703701496	0.11068235710263252	0.2330222986638546	0.3571133818477392	0.23164844326674938	0.23115873336791992	0.23198380880057812	0.3563892971724272	0.23163319937884808	0.3557719197124243	0.22969341464340687	0.2309986725449562	0.23221627809107304	0.2296457774937153	0.22922085411846638	0.23118350468575954	0.22963815554976463	0.3553965389728546	0.23048419132828712	0.22985347546637058	0.2293599545955658	0.23080621846020222	0.10507260635495186
1.0	1.0	2.0	1.0	2.0	1.0	1.0	1.0	1.0	1.0	0.5592533499002457	0.3730529509484768	0.32109785079956055	0.2712103221565485	0.3815190251916647	0.25324349477887154	0.36716482043266296	0.23811375722289085	0.36125590838491917	0.10838624648749828	0.23462671786546707	0.2317570559680462	0.355558505281806	0.23150553181767464	0.35578335262835026	0.23103868775069714	0.35525553300976753	0.23039653897285461	0.3550554569810629	0.22991064004600048	0.35536414571106434	0.23060042597353458	0.3543637655675411	0.23049181327223778	0.23086338303983212	0.2310767974704504	0.2312578186392784	0.2302421946078539	0.2317932602018118	0.23007451184093952	0.10607870295643806
1.0	2.0	1.0	2.0	1.0	1.0	1.0	2.0	1.0	2.0	0.5519896373152733	0.46963441371917725	0.30909328907728195	0.3906024768948555	0.25529760867357254	0.3764980025589466	0.2509835436940193	0.23853486962616444	0.23639500886201859	0.11124256998300552	0.23428373038768768	0.35706955567002296	0.23257832042872906	0.23242397606372833	0.23123685829341412	0.3550249692052603	0.23048419132828712	0.23130355030298233	0.2300192527472973	0.22975629568099976	0.23056993819773197	0.23044798709452152	0.23144265078008175	0.3545867074280977	0.23182755894958973	0.23132260516285896	0.23034699633717537	0.35659318417310715	0.23071284964680672	0.23071475513279438	0.10477725602686405
1.0	1.0	1.0	1.0	2.0	1.0	1.0	1.0	1.0	0.8319514989852905	0.5300003290176392	0.3433615490794182	0.4345315508544445	0.2838951423764229	0.25751749984920025	0.25227927416563034	0.2505966853350401	0.2402593344449997	0.23772122710943222	0.11102915555238724	0.23434089496731758	0.23391597159206867	0.35498495399951935	0.23213434219360352	0.2313416600227356	0.23032794147729874	0.23059661500155926	0.23040416091680527	0.23190568387508392	0.23080431297421455	0.35538510605692863	0.22909699752926826	0.35585195012390614	0.23050515167415142	0.2303450908511877	0.2295200154185295	0.3557604867964983	0.22998876497149467	0.3556766454130411	0.23014501482248306	0.10456955805420876
1.0	2.0	2.0	1.0	1.0	2.0	1.0	1.0	1.0	0.6336741596460342	0.40523672848939896	0.4843180887401104	0.3153432831168175	0.2866542860865593	0.2597469184547663	0.25336732901632786	0.24945911020040512	0.248195705935359	0.23644836246967316	0.10952001065015793	0.23429706878960133	0.3586434870958328	0.23376162722706795	0.35563281923532486	0.23067092895507812	0.23130355030298233	0.230552788823843	0.355541355907917	0.23034699633717537	0.35454859770834446	0.2312425747513771	0.35618922114372253	0.23111681267619133	0.35479821637272835	0.23077382519841194	0.23239158280193806	0.23046323098242283	0.3544533234089613	0.2296457774937153	0.1053298469632864	0.10637214779853821
2.0	1.0	1.0	1.0	2.0	1.0	2.0	1.0	1.0	0.5248478949069977	0.5221689008176327	0.3562883660197258	0.31714968383312225	0.28695154190063477	0.2732187043875456	0.2542686462402344	0.3748135305941105	0.250402370467782	0.23862823843955994	0.1132776290178299	0.23622923158109188	0.2348229829221964	0.35826238989830017	0.23326238989830017	0.3572867810726166	0.23158746771514416	0.23162938840687275	0.2317722998559475	0.23033175244927406	0.23050515167415142	0.23052801750600338	0.2299144510179758	0.22935614362359047	0.23082908429205418	0.35641597397625446	0.2312063705176115	0.35516216419637203	0.2293809149414301	0.35573190450668335	0.1060043890029192	0.10447809472680092
1.0	2.0	1.0	1.0	1.0	1.0	1.0	1.0	1.0	0.5167457684874535	0.3758731000125408	0.35960010066628456	0.3545391298830509	0.2855605371296406	0.27111123688519	0.3804443310946226	0.2488435935229063	0.3762712497264147	0.24947247095406055	0.111913301050663	0.23586909472942352	0.3610253445804119	0.23385309055447578	0.35927610844373703	0.2351697813719511	0.2329232133924961	0.2318142205476761	0.3548096492886543	0.2309681847691536	0.3553984444588423	0.23005355149507523	0.35573762096464634	0.2313626203685999	0.35609394684433937	0.2310348767787218	0.35598152317106724	0.2304594200104475	0.23088053241372108	0.22969341464340687	0.1054956242442131	0.10577763617038727
2.0	1.0	2.0	1.0	2.0	1.0	2.0	1.0	2.0	0.46836166828870773	0.37464215606451035	0.35717251151800156	0.3550383672118187	0.2942381203174591	0.27124843187630177	0.25444204546511173	0.37459818832576275	0.24767553061246872	0.3750669825822115	0.11298037320375443	0.23615872859954834	0.2363740485161543	0.23578525334596634	0.2331309113651514	0.3584529384970665	0.23200667463243008	0.23179516568779945	0.23182184249162674	0.23109394684433937	0.2310977578163147	0.23185995221138	0.22952192090451717	0.3555203955620527	0.23030507564544678	0.2307185661047697	0.2307604867964983	0.23205812275409698	0.23010881058871746	0.2306404411792755	0.2312216144055128	0.10372733324766159
1.0	1.0	1.0	1.0	1.0	2.0	1.0	1.0	1.0	0.5472793951630592	0.37198203802108765	0.35488592833280563	0.35552236065268517	0.42687149718403816	0.27230216562747955	0.39641992561519146	0.2524050138890743	0.2491180282086134	0.24755355715751648	0.11541558429598808	0.23654173128306866	0.36048990301787853	0.36115872859954834	0.23359584994614124	0.23318426497280598	0.3581004235893488	0.23038510605692863	0.23153601959347725	0.23160842806100845	0.2304384596645832	0.23128830641508102	0.35656079091131687	0.23099676705896854	0.23157603479921818	0.2302364781498909	0.23044989258050919	0.23018693551421165	0.22997542656958103	0.23089387081563473	0.2319075893610716	0.10664272680878639
1.0	1.0	2.0	1.0	2.0	1.0	1.0	1.0	1.0587457248142786	0.414177268743515	0.37307965755462646	0.35572434216737747	0.35163135826587677	0.35036230459809303	0.2707129903137684	0.27115696854889393	0.3766638021916151	0.24805279448628426	0.2484434638172388	0.12345106340944767	0.3600706961005926	0.23679706640541553	0.23680659383535385	0.23744874261319637	0.3567551504820585	0.23386452347040176	0.3579651340842247	0.23213624767959118	0.23203335143625736	0.23164463229477406	0.3554956242442131	0.23085195012390614	0.22898266837000847	0.23179135471582413	0.2306309137493372	0.23025362752377987	0.35572237707674503	0.23068617284297943	0.23077001422643661	0.23158365674316883	0.10628640092909336
1.0	2.0	1.0	1.0	1.0	1.0	1.0	1.0	1.0	0.42103320732712746	0.4204234518110752	0.4841351620852947	0.3537883684039116	0.4770810529589653	0.267744243144989	0.2713189348578453	0.2713132183998823	0.37555288150906563	0.24884168803691864	0.12378261797130108	0.24875217489898205	0.3619971424341202	0.2371305264532566	0.23424943163990974	0.23571665585041046	0.23367206938564777	0.2343237455934286	0.2317246627062559	0.2307662032544613	0.23106917552649975	0.23263548500835896	0.2309834286570549	0.22961528971791267	0.23074333742260933	0.22966673783957958	0.3551373928785324	0.22978297248482704	0.3562235198915005	0.22927039675414562	0.22884356789290905	0.10610347427427769
