1.0	1.0	1.0	1.0	1.0	1.0	1.0	1.0	1.0	1.0	2.1186e-320	0.0	0.0	0.0	0.0	0.0	0.0	0.0	0.0	0.0	0.0	0.10456384159624577	0.10220294445753098	0.2268637679517269	0.22602535411715508	0.2257185708731413	0.22612634487450123	0.22650934755802155	0.22588244266808033	0.22613396681845188	0.2259510401636362	0.22620446979999542	0.22610538452863693	0.22571475990116596	0.2258424274623394	0.22659890539944172	0.22671132907271385	0.22632642090320587	0.22455241344869137	0.22608823515474796	0.22594341821968555
1.0	1.0	1.0	1.0	1.0	1.0	1.0	1.0	1.0	1.0	0.0	0.0	0.0	0.0	0.0	0.0	0.0	0.0	0.0	0.0	0.10512977093458176	0.10247352346777916	0.10231727361679077	0.2267341949045658	0.2266675028949976	0.22615302167832851	0.22452764213085175	0.22438663616776466	0.47513549216091633	0.22603678703308105	0.22622543014585972	0.22578907385468483	0.22546514123678207	0.22566712275147438	0.22631117701530457	0.2254841960966587	0.22634928673505783	0.22569379955530167	0.22568808309733868	0.2252250500023365	0.22610538452863693
1.0	1.0	1.0	1.0	1.0	1.0	1.0	1.0	1.0	1.0	0.0	0.0	0.0	0.0	0.0	0.0	0.0	0.0	0.0	0.0	0.10341864451766014	0.102378249168396	0.1009148359298706	0.10067474469542503	0.22651506401598454	0.22651887498795986	0.2267189510166645	0.22535843402147293	0.22541940957307816	0.22522314451634884	0.22636262513697147	0.2250535562634468	0.22432566061615944	0.2265226859599352	0.22601963765919209	0.22479250468313694	0.22570904344320297	0.22552992776036263	0.2263511922210455	0.22483442537486553	0.2276735994964838
1.0	1.0	1.0	1.0	1.0	1.0	1.0	1.0	1.0	1.0	0.0	0.0	0.0	0.0	0.0	0.0	0.0	0.0	0.0	0.1092780139297247	0.10338244028389454	0.10250401124358177	0.10244684666395187	0.10157985053956509	0.22677421011030674	0.224752489477396	0.2263721525669098	0.22675134427845478	0.2258424274623394	0.2264864817261696	0.22609776258468628	0.22564806789159775	0.22586148232221603	0.22717245668172836	0.22688663378357887	0.22521171160042286	0.47613587230443954	0.2272010389715433	0.2258062232285738	0.22635690867900848	0.2266522590070963
1.0	1.0	1.0	1.0	1.0	1.0	1.0	1.0	1.0	1.0	0.0	0.0	0.0	0.0	0.0	0.0	0.0	0.0	0.0	0.1029537059366703	0.10220866091549397	0.10248114541172981	0.1016103383153677	0.10166940838098526	0.22628068923950195	0.22605965286493301	0.22575096413493156	0.225878631696105	0.22585576586425304	0.22560233622789383	0.2259567566215992	0.22686567343771458	0.22647314332425594	0.226065369322896	0.2258691042661667	0.22641216777265072	0.22504021786153316	0.22573953121900558	0.22591674141585827	0.2250383123755455	0.22632070444524288
1.0	1.0	1.0	1.0	1.0	1.0	1.0	3.0	1.0	1.0	1.1215203595576e-310	0.0	0.0	0.0	0.0	0.0	0.0	0.0	0.10674671190125602	0.10388548858463764	0.10207908786833286	0.10106918029487133	0.10039273276925087	0.10141026228666306	0.2259624730795622	0.22670180164277554	0.22803373634815216	0.22584623843431473	0.22516979090869427	0.22563091851770878	0.22506308369338512	0.22582908906042576	0.2253755833953619	0.2258271835744381	0.22524410486221313	0.22544989734888077	0.22646361589431763	0.22582908906042576	0.2255413606762886	0.2260291650891304	0.2249716203659773
1.0	1.0	1.0	1.0	1.0	1.0	1.0	1.0	1.0	1.0	4.11689646e-316	0.0	0.0	0.0	0.0	0.0	0.0	0.0	0.10597199574112892	0.10209052078425884	0.10148648172616959	0.10148838721215725	0.10126353986561298	0.1022277157753706	0.2272791638970375	0.2250325959175825	0.22669989615678787	0.22680850885808468	0.22561567462980747	0.22685042954981327	0.2252764981240034	0.2270981427282095	0.22514311410486698	0.22595485113561153	0.22609966807067394	0.22649219818413258	0.4753965437412262	0.22628259472548962	0.22544418089091778	0.22703907266259193	0.2260082047432661
1.0	1.0	1.0	1.0	3.0	1.0	1.0	1.0	1.0	1.0	2.0237e-320	0.0	0.0	0.0	0.0	0.0	0.0	0.10705431178212166	0.10183709114789963	0.10135690867900848	0.10152268595993519	0.10052802227437496	0.10111300647258759	0.10117779299616814	0.22664463706314564	0.2248153705149889	0.22583861649036407	0.2261282503604889	0.22592245787382126	0.22603869251906872	0.22566902823746204	0.22586529329419136	0.22542512603104115	0.22600058279931545	0.22616636008024216	0.22509928792715073	0.224939227104187	0.22609014064073563	0.2258691042661667	0.22663701511919498	0.22595866210758686
1.0	1.0	1.0	1.0	1.0	1.0	1.0	1.0	1.0	1.0	4.85706e-319	0.0	0.0	0.0	0.0	0.0	0.0	0.1047696340829134	0.10250591672956944	0.10164844803512096	0.10223343223333359	0.10137596353888512	0.10105393640697002	0.10135309770703316	0.22604631446301937	0.22656460665166378	0.22592626884579659	0.2254479918628931	0.2262159027159214	0.22613015584647655	0.225505156442523	0.2264236006885767	0.2265531737357378	0.2258691042661667	0.22651887498795986	0.22570523247122765	0.2254384644329548	0.22558137588202953	0.22516026347875595	0.22605203092098236	0.10013549216091633
1.0	1.0	1.0	1.0	1.0	1.0	1.0	1.0	1.0	1.0	2.0237e-320	0.0	0.0	0.0	0.0	0.0	0.10939653515815735	0.101438844576478	0.10249448381364346	0.10066331177949905	0.10065378434956074	0.10187138989567757	0.10285843163728714	0.10129783861339092	0.22532032430171967	0.22571666538715363	0.225697610527277	0.22544227540493011	0.22600629925727844	0.22568046115338802	0.22639311291277409	0.22659318894147873	0.22552230581641197	0.22589006461203098	0.22454288601875305	0.22637405805289745	0.22656651213765144	0.22566712275147438	0.2257128544151783	0.2259872443974018	0.10163701511919498
1.0	1.0	1.0	1.0	1.0	1.0	1.0	1.0	1.0	1.0	2.0237e-320	0.0	0.0	0.0	0.0	0.0	0.10350194147654943	0.10161605477333069	0.10075286962091923	0.10085576586425304	0.10096056759357452	0.1001164373010397	0.10076430253684521	0.10120637528598309	0.22603678703308105	0.22616636008024216	0.2253603395074606	0.22608251869678497	0.22530698589980602	0.22491255030035973	0.2258576713502407	0.22684471309185028	0.22515645250678062	0.2256137691438198	0.22673228941857815	0.2257852628827095	0.22560614719986916	0.2260501254349947	0.22550325095653534	0.22553754970431328	0.10162367671728134
1.0	1.0	1.0	1.0	1.0	1.0	1.0	1.0	1.0	1.0	0.0	0.0	0.0	0.0	0.0	0.0	0.10200286842882633	0.10059280879795551	0.10112443938851357	0.10128259472548962	0.10220103897154331	0.10146361589431763	0.10056041553616524	0.10121971368789673	0.2253965437412262	0.22668084129691124	0.22609395161271095	0.2250440288335085	0.22583099454641342	0.22615302167832851	0.22614730522036552	0.22460576705634594	0.2260348815470934	0.22589768655598164	0.22538701631128788	0.22560995817184448	0.22687901183962822	0.22568998858332634	0.2259148359298706	0.22505546174943447	0.10019075125455856
1.0	1.0	1.0	1.0	1.0	1.0	1.0	1.0	1.0	1.0	0.0	0.0	0.0	0.0	0.0	0.10772885382175446	0.1011949423700571	0.10100058279931545	0.10122352465987206	0.10196094773709774	0.10097581148147583	0.10127878375351429	0.10044608637690544	0.1014598049223423	0.22483442537486553	0.22620446979999542	0.22667512483894825	0.22500973008573055	0.22506308369338512	0.22625401243567467	0.22509166598320007	0.2248210869729519	0.22583480551838875	0.22545180283486843	0.22669417969882488	0.2260444089770317	0.22598152793943882	0.2254270315170288	0.22520599514245987	0.2262787837535143	0.1000592727214098
1.0	1.0	1.0	1.0	1.0	1.0	1.0	1.0	1.0	1.0	0.0	0.0	0.0	0.0	0.0	0.1024506576359272	0.10060805268585682	0.10186757892370224	0.10008594952523708	0.10130164958536625	0.10113587230443954	0.10167131386697292	0.1015684176236391	0.10041750408709049	0.225686177611351	0.22500020265579224	0.22601201571524143	0.22612062841653824	0.22486110217869282	0.22783366031944752	0.22593198530375957	0.22553373873233795	0.2258691042661667	0.22553945519030094	0.2268275637179613	0.225318418815732	0.22611300647258759	0.22712672501802444	0.22649791464209557	0.2259986773133278	0.10122924111783504
1.0	1.0	1.0	1.0	1.0	1.0	1.0	1.0	1.0	1.0	0.0	0.0	0.0	0.0	0.0	0.10157794505357742	0.10110538452863693	0.10140073485672474	0.10084814392030239	0.10131879895925522	0.10113968327641487	0.10158747248351574	0.10007642209529877	0.10173800587654114	0.2255775649100542	0.22529174201190472	0.22565950080752373	0.226818036288023	0.22541369311511517	0.22629783861339092	0.22523267194628716	0.226438844576478	0.22567474469542503	0.22646933235228062	0.22639882937073708	0.22492207773029804	0.22558709233999252	0.22604250349104404	0.22605965286493301	0.22673228941857815	0.10060233622789383
1.0	3.0	1.0	1.0	1.0	1.0	1.0	1.0	1.0	1.0	0.0	0.0	0.0	0.0	0.0	0.10080377331801824	0.10025363229215145	0.10069379955530167	0.10077192448079586	0.10089006461203098	0.10179135948419571	0.10182184725999832	0.10058899782598019	0.22441712394356728	0.22572047635912895	0.2263092715293169	0.22705431655049324	0.22588815912604332	0.22534700110554695	0.2264293171465397	0.22568998858332634	0.2253603395074606	0.22555851005017757	0.22518122382462025	0.2243275661021471	0.226071085780859	0.22544989734888077	0.22556422650814056	0.22583861649036407	0.22534319013357162	0.09991064481437206
1.0	1.0	1.0	1.0	1.0	1.0	1.0	1.0	1.0	1.0	0.0	0.0	0.0	0.0	0.0	0.10253640450537205	0.10006498917937279	0.10011834278702736	0.10185805149376392	0.10124067403376102	0.10014311410486698	0.10093770176172256	0.10074524767696857	0.10030889138579369	0.2262311466038227	0.2252669706940651	0.22654174081981182	0.22510881535708904	0.225878631696105	0.22489540092647076	0.22572047635912895	0.22585957683622837	0.22578335739672184	0.10164273157715797	0.22593389078974724	0.224950660020113	0.2260291650891304	0.22535081207752228	0.22573572024703026	0.22560995817184448	0.10156270116567612
1.0	1.0	1.0	1.0	3.0	1.0	1.0	1.0	1.0	1.0	0.0	0.0	0.0	0.0	0.0	0.10178373754024506	0.10076239705085754	0.10079479031264782	0.1015684176236391	0.1011587381362915	0.09998305328190327	0.10096818953752518	0.10117017105221748	0.10173800587654114	0.22578907385468483	0.22627497278153896	0.22673228941857815	0.22554326616227627	0.22615492716431618	0.22551849484443665	0.22646171040832996	0.22621780820190907	0.22554898262023926	0.10144075006246567	0.22589578106999397	0.22694570384919643	0.22567855566740036	0.22520790062844753	0.22632260993123055	0.22622352465987206	0.10176658816635609
1.0	1.0	1.0	1.0	1.0	1.0	1.0	1.0	1.0	1.0	0.0	0.0	0.0	0.0	0.0	0.9469665139913559	0.09981155954301357	0.10173800587654114	0.10152649693191051	0.1004899125546217	0.1006194856017828	0.10008213855326176	0.10097581148147583	0.10109585709869862	0.22678564302623272	0.22677421011030674	0.22511834278702736	0.2267551552504301	0.22542322054505348	0.22596437856554985	0.22580812871456146	0.22532222978770733	0.22607680223882198	0.10100248828530312	0.22564425691962242	0.22532032430171967	0.2250954769551754	0.225505156442523	0.22558518685400486	0.22473534010350704	0.10083290003240108
1.0	1.0	1.0	1.0	1.0	1.0	1.0	1.0	1.0	1.0	0.0	0.0	0.0	0.0	0.0	0.0	0.10118732042610645	0.10036986693739891	0.10041369311511517	0.09981727600097656	0.10127687826752663	0.10144265554845333	0.10114921070635319	0.09985919669270515	0.22548610158264637	0.22563663497567177	0.22597962245345116	0.22666559740900993	0.22534128464758396	0.22540035471320152	0.22613206133246422	0.22551658935844898	0.2248572912067175	0.10151887498795986	0.22689806669950485	0.22494303807616234	0.22647885978221893	0.22573762573301792	0.2254841960966587	0.22650553658604622	0.1014807652682066
1.0	1.0	1.0	1.0	1.0	1.0	1.0	1.0	1.0	1.0	0.0	0.0	0.0	0.0	0.0	0.0	0.28178979456424713	0.10093960724771023	0.10150744207203388	0.10073762573301792	0.10191331058740616	0.10131879895925522	0.10049372352659702	0.10134928673505783	0.2258691042661667	0.22569570504128933	0.2267037071287632	0.22680469788610935	0.2261168174445629	0.2256404459476471	0.22536796145141125	0.22477726079523563	0.22562139108777046	0.10072238184511662	0.22576239705085754	0.2262940276414156	0.2257547751069069	0.2254632357507944	0.22593960724771023	0.22537177242338657	0.10018694028258324
1.0	1.0	1.0	1.0	1.0	1.0	1.0	1.0	1.0	1.0	0.0	0.0	0.0	0.0	0.0	0.0	0.10189997218549252	0.10107489675283432	0.10104250349104404	0.10084814392030239	0.10083861649036407	0.09990683384239674	0.1009357962757349	0.10077192448079586	0.22476011142134666	0.22596056759357452	0.22536415047943592	0.2253698669373989	0.22643122263252735	0.2266827467828989	0.2257909793406725	0.22557375393807888	0.22484204731881618	0.22589197009801865	0.22622733563184738	0.22600629925727844	0.22476773336529732	0.2270828988403082	0.22592436335980892	0.22561186365783215	0.10083290003240108
1.0	1.0	1.0	1.0	1.0	1.0	1.0	1.0	1.0	1.0	0.0	0.0	0.0	0.0	0.0	0.0	0.10139120742678642	0.10226963646709919	0.10172276198863983	0.10111110098659992	0.10016979090869427	0.1009205523878336	0.10168846324086189	0.22686757892370224	0.22640454582870007	0.2253546230494976	0.22563854046165943	0.22573953121900558	0.22665416449308395	0.22592436335980892	0.22542322054505348	0.22588053718209267	0.22587100975215435	0.2266732193529606	0.228492958471179	0.2254060711711645	0.22610538452863693	0.22664463706314564	0.2258271835744381	0.22605393640697002	0.10073953121900558
1.0	1.0	1.0	1.0	1.0	1.0	1.0	1.0	1.0	1.0	0.0	0.0	0.0	0.0	0.0	0.0	0.10383404046297073	0.10254783742129803	0.10115683265030384	0.1017970759421587	0.10034700110554695	0.10089006461203098	0.10137024708092213	0.2250592727214098	0.22679326497018337	0.22531651332974434	0.22532032430171967	0.22589006461203098	0.22556422650814056	0.22662367671728134	0.22524791583418846	0.2247791662812233	0.22637596353888512	0.22584433294832706	0.22528412006795406	0.2256404459476471	0.2261377777904272	0.22530889138579369	0.22633404284715652	0.2258005067706108	0.10133213736116886
1.0	1.0	1.0	1.0	1.0	1.0	1.0	1.0	1.0	1.0	0.0	0.0	0.0	0.0	0.0	0.10523756699902671	0.10311757773160934	0.10230584070086479	0.1006194856017828	0.10123114660382271	0.10099486634135246	0.10174372233450413	0.10074524767696857	0.2264540884643793	0.22670180164277554	0.22550134547054768	0.22523457743227482	0.2267608717083931	0.2267341949045658	0.2246800810098648	0.2255204003304243	0.2263511922210455	0.22603869251906872	0.10191712155938148	0.22696094773709774	0.22575858607888222	0.2260501254349947	0.22610347904264927	0.2258938755840063	0.2261282503604889	0.10090149752795696
1.0	1.0	1.0	1.0	1.0	1.0	1.0	1.0	1.0	1.0	0.0	0.0	0.0	0.0	0.0	0.110973896458745	0.10565377958118916	0.1030318308621645	0.10276887379586697	0.10176468268036842	0.10044608637690544	0.1012730672955513	0.10066331177949905	0.22482299245893955	0.2264293171465397	0.22525363229215145	0.2272067554295063	0.22554898262023926	0.22611110098659992	0.22667131386697292	0.225697610527277	0.22511262632906437	0.22536415047943592	0.09989730641245842	0.22608823515474796	0.22573190927505493	0.2257909793406725	0.22560805268585682	0.2257795464247465	0.22667512483894825	0.10160271637141705
1.0	1.0	1.0	1.0	1.0	1.0	1.0	1.0	1.0	1.0	0.0	0.0	0.0	0.19297285377979279	0.11498494446277618	0.11172275245189667	0.10418464988470078	0.10408365912735462	0.10325858369469643	0.10127687826752663	0.10129974409937859	0.10185805149376392	0.10154174081981182	0.225510872900486	0.22632260993123055	0.22531460784375668	0.22655126824975014	0.22602725960314274	0.2268752008676529	0.2269114051014185	0.22545942477881908	0.2247791662812233	0.22688091732561588	0.10187710635364056	0.226071085780859	0.2252764981240034	0.3504632357507944	0.22668655775487423	0.22428183443844318	0.22621209174394608	0.1012159027159214
1.0	1.0	1.0	1.0	1.0	1.0	1.0	1.0	1.0	1.0	0.0	0.0	0.2468525543808937	0.167241171002388	0.11588623933494091	0.11340529657900333	0.10848723724484444	0.10618350468575954	0.10431993938982487	0.10218388959765434	0.10338625125586987	0.1018542405217886	0.10063854046165943	0.2274354137480259	0.22556994296610355	0.22547276318073273	0.2263359483331442	0.22648457624018192	0.22530698589980602	0.2251164373010397	0.22576811350882053	0.22617779299616814	0.2257433421909809	0.10101201571524143	0.22580431774258614	0.22589006461203098	0.22515073604881763	0.22527268715202808	0.22541559860110283	0.22723533771932125	0.10136453062295914
1.0	1.0	1.0	1.0	1.0	1.0	1.0	1.0	1.0	1.0	0.0	0.3314943015575409	0.21883416920900345	0.1499869953840971	0.1213169414550066	0.11182945966720581	0.10878830403089523	0.1056099534034729	0.1035920437425375	0.1023420449346304	0.10212100856006145	0.10150172561407089	0.10066712275147438	0.22589768655598164	0.22604059800505638	0.22588244266808033	0.22494494356215	0.2261225339025259	0.2254689522087574	0.2269895300269127	0.22576620802283287	0.22598343342542648	0.22571666538715363	0.10112634487450123	0.22509166598320007	0.226444561034441	0.22464006580412388	0.2265226859599352	0.2255985252559185	0.2265950944274664	0.10130164958536625
1.0	1.0	1.0	1.0	1.0	1.0	1.0	1.0	1.0	1.0	0.5424545556306839	0.3506406247615814	0.19898278638720512	0.15180863998830318	0.1260521411895752	0.1136149000376463	0.1088778618723154	0.10604249872267246	0.1043389942497015	0.10449524410068989	0.1017246674746275	0.10145218297839165	0.10203716717660427	0.22729250229895115	0.22544036991894245	0.22540226019918919	0.22594722919166088	0.2260139212012291	0.22623305208981037	0.2258005067706108	0.2258271835744381	0.22546514123678207	0.22603297606110573	0.22574143670499325	0.22631879895925522	0.22567474469542503	0.22597009502351284	0.22535652853548527	0.22643503360450268	0.2245867121964693	0.10082337260246277
1.0	1.0	1.0	1.0	1.0	1.0	1.0	1.0	1.0	1.0	0.7671709537506104	0.3160446211695671	0.22322053834795952	0.14549004845321178	0.13175911642611027	0.12607119604945183	0.11171322502195835	0.10863014869391918	0.1076697837561369	0.1037216167896986	0.10436186008155346	0.1029746662825346	0.10260690748691559	0.2264960091561079	0.22719341702759266	0.22649791464209557	0.22662939317524433	0.22496971487998962	0.2256823666393757	0.22569570504128933	0.47650934755802155	0.2259510401636362	0.22609395161271095	0.22551658935844898	0.2261587381362915	0.22598533891141415	0.22572619281709194	0.2257128544151783	0.22523457743227482	0.22665988095104694	0.10100439377129078
1.0	1.0	1.0	1.0	1.0	1.0	1.0	1.0	1.0	0.0	0.4822869598865509	0.27506136894226074	0.2050955556333065	0.1432225201278925	0.1287388764321804	0.123401565477252	0.10949333384633064	0.10833289287984371	0.10679516568779945	0.10295751690864563	0.10377687588334084	0.10198190808296204	0.10157222859561443	0.22654936276376247	0.22660652734339237	0.22571094892919064	0.22611300647258759	0.22646361589431763	0.22623305208981037	0.22615302167832851	0.2262883111834526	0.2260501254349947	0.2259205523878336	0.22611491195857525	0.22670180164277554	0.22664273157715797	0.22531079687178135	0.22573190927505493	0.22578907385468483	0.22636262513697147	0.10076430253684521
1.0	1.0	1.0	1.0	1.0	1.0	1.0	1.0	1.0	5.1704e-320	0.4305567070841789	0.24178006127476692	0.188925601541996	0.1480834148824215	0.12926483526825905	0.124081801623106	0.12319384515285492	0.1086034718900919	0.10909318178892136	0.10738777182996273	0.10428754612803459	0.10349105298519135	0.1011949423700571	0.2270714659243822	0.22653411887586117	0.22759738005697727	0.22787177003920078	0.4756080526858568	0.22597581148147583	0.22616254910826683	0.22578907385468483	0.22574143670499325	0.22568808309733868	0.2268275637179613	0.22561758011579514	0.2255985252559185	0.22559471428394318	0.22600058279931545	0.22477535530924797	0.22534890659153461	0.09966864809393883
1.0	1.0	1.0	1.0	1.0	1.0	1.0	1.0	1.0	0.8184635877609253	0.4218676909804344	0.21482496708631516	0.18707728013396263	0.16542714834213257	0.13350454159080982	0.12491830997169018	0.12042891792953014	0.11123304255306721	0.10849295370280743	0.10696284845471382	0.10371018387377262	0.10405126586556435	0.10266978852450848	0.22675706073641777	0.2268332801759243	0.2270352616906166	0.22742398083209991	0.22453907504677773	0.2257128544151783	0.22536415047943592	0.2257757354527712	0.22642169520258904	0.2261434942483902	0.22602535411715508	0.22646742686629295	0.22552802227437496	0.35209052078425884	0.2255470771342516	0.22616254910826683	0.22508594952523708	0.10141407325863838
1.0	1.0	1.0	1.0	1.0	1.0	1.0	1.0	1.0	0.6294134631752968	0.2998479902744293	0.2356100082397461	0.19114739820361137	0.16756510362029076	0.1306729894131422	0.1281843800097704	0.11979248560965061	0.1202231477946043	0.10905316658318043	0.10884927958250046	0.10714386962354183	0.10435233265161514	0.2291255798190832	0.2266160547733307	0.22719532251358032	0.22785652615129948	0.22549943998456	0.22639311291277409	0.2259205523878336	0.22693045996129513	0.22568998858332634	0.2251011934131384	0.22622924111783504	0.22574715316295624	0.2252612542361021	0.2263149879872799	0.22566331177949905	0.22658747248351574	0.22605393640697002	0.22552802227437496	0.10059471428394318
1.0	1.0	1.0	1.0	1.0	1.0	1.0	1.0	1.0	0.5033540427684784	0.28152864798903465	0.2334415651857853	0.18885700404644012	0.17053766176104546	0.15302434004843235	0.12741837464272976	0.12089004553854465	0.11808898113667965	0.10984394326806068	0.10787748172879219	0.10778411291539669	0.10711147636175156	0.2286434918642044	0.22773838602006435	0.2273630052804947	0.22603869251906872	0.22699334099888802	0.22597581148147583	0.22600439377129078	0.2264083568006754	0.22605965286493301	0.2263359483331442	0.22623876854777336	0.22651315852999687	0.2252822145819664	0.2256709337234497	0.22535271756350994	0.22528602555394173	0.2260444089770317	0.2257433421909809	0.10093770176172256
1.0	1.0	1.0	1.0	1.0	1.0	1.0	1.0	1.0	0.48929914832115173	0.2529424875974655	0.2259758710861206	0.22416184842586517	0.16854071244597435	0.15152853354811668	0.12809865549206734	0.1207261960953474	0.12021554820239544	0.12000018358230591	0.1082452405244112	0.1078146006911993	0.1066579706966877	0.2289807628840208	0.2284357938915491	0.22903983294963837	0.22702382877469063	0.22688853926956654	0.22642741166055202	0.22632832638919353	0.22625020146369934	0.22589006461203098	0.22714387439191341	0.22699143551290035	0.22613015584647655	0.22584052197635174	0.22516407445073128	0.22526315972208977	0.22555469907820225	0.22632642090320587	0.22691712155938148	0.10093960724771023
1.0	1.0	1.0	1.0	1.0	1.0	1.0	1.0	1.0	0.38898662477731705	0.2477518543601036	0.22533181682229042	0.22293852642178535	0.17438674345612526	0.15093973837792873	0.13177054934203625	0.12107678316533566	0.12070714123547077	0.11942091584205627	0.10871017910540104	0.1070676501840353	0.10627115704119205	0.23114348948001862	0.22886452823877335	0.22769265435636044	0.22666559740900993	0.227378249168396	0.22681422531604767	0.2278088890016079	0.22693808190524578	0.22616064362227917	0.22660271637141705	0.22530508041381836	0.2251107208430767	0.22604250349104404	0.22534700110554695	0.22740302048623562	0.22632260993123055	0.22554898262023926	0.22488015703856945	0.10136453062295914
1.0	1.0	1.0	1.0	1.0	1.0	1.0	1.0	1.0	0.3206254094839096	0.24090344831347466	0.2217533141374588	0.22282800823450089	0.18182194977998734	0.1532758641988039	0.14915620349347591	0.1228012703359127	0.11966484040021896	0.1187921054661274	0.11263357475399971	0.1070886105298996	0.10672085173428059	0.23072618804872036	0.22839768417179585	0.22917702794075012	0.22836719639599323	0.2277936451137066	0.22773457504808903	0.2271343469619751	0.22728297486901283	0.2268275637179613	0.22560614719986916	0.2245562244206667	0.22611300647258759	0.22553945519030094	0.22663701511919498	0.22552992776036263	0.2259567566215992	0.22597390599548817	0.22476773336529732	0.10056041553616524
1.0	1.0	1.0	1.0	1.0	1.0	1.0	1.0	1.0	0.3113190159201622	0.247378408908844	0.23161613941192627	0.2231176421046257	0.22296520322561264	0.15044621750712395	0.14859027415513992	0.12505938299000263	0.12086336873471737	0.12021743133664131	0.12054136395454407	0.10797847248613834	0.10662367194890976	0.2325040064752102	0.2324106376618147	0.22764882817864418	0.22937900945544243	0.22824143432080746	0.22727154195308685	0.22679898142814636	0.2272639200091362	0.22619303688406944	0.22651315852999687	0.22641597874462605	0.22581765614449978	0.22609585709869862	0.22567283920943737	0.22574715316295624	0.22668084129691124	0.22507261112332344	0.2254479918628931	0.10114539973437786
1.0	1.0	1.0	1.0	1.0	1.0	1.0	1.0	1.0	0.31103700399398804	0.31245849654078484	0.23118165880441666	0.2253584936261177	0.22612449899315834	0.1474088728427887	0.1511855460703373	0.1508692353963852	0.12199143879115582	0.11941710487008095	0.12017932161688805	0.12020407058298588	0.10739920474588871	0.23342054523527622	0.23197237588465214	0.4824887625873089	0.22959051840007305	0.2280165869742632	0.2260444089770317	0.2263873964548111	0.2275021057575941	0.22655126824975014	0.22706574946641922	0.22639501839876175	0.2270409781485796	0.22536605596542358	0.2264083568006754	0.22585957683622837	0.22610919550061226	0.22667512483894825	0.2252879310399294	0.10010119341313839
