0.96	0.96	0.92	0.96	1.0	1.0	1.0	1.0	1.0	1.0	1.0	1.0	1.0	1.0	1.0	1.0	1.0	1.0	1.0	1.0	0.978115234375	0.210986328125	0.097177734375	0.021875	0.017080078125	0.005146484375	0.00306640625	0.0	0.0	0.0	0.0	0.0	0.0	0.0	0.0	0.0	0.0	0.0	0.0	0.0	0.0
0.92	1.0	1.0	1.0	1.0	1.0	0.96	1.0	1.0	1.0	1.0	1.0	1.0	1.0	1.0	1.0	1.0	1.0	1.0	0.96365234375	0.243935546875	0.14345703125	0.03392578125	0.0164453125	0.00427734375	0.0030078125	0.00244140625	0.0	0.0	0.0	0.0	0.0	0.0	0.0	0.0	0.0	0.0	0.0	0.0	0.0	0.0
1.0	1.0	1.0	1.0	0.96	1.0	0.96	1.0	1.0	1.0	1.0	1.0	1.0	1.0	1.0	1.0	1.0	1.0	1.0	0.802734375	0.20048828125	0.079072265625	0.025966796875	0.004462890625	0.00341796875	0.0026953125	0.0	0.0	0.0	0.0	0.0	0.0	0.0	0.0	0.0	0.0	0.0	0.0	0.0	0.0	0.0
0.96	1.0	1.0	1.0	1.0	0.96	1.0	1.0	1.0	1.0	1.0	1.0	1.0	1.0	1.0	1.0	1.0	1.0	0.980986328125	0.190224609375	0.084560546875	0.039775390625	0.0173828125	0.00421875	0.003154296875	0.0	0.0	0.0	0.0	0.0	0.0	0.0	0.0	0.0	0.0	0.0	0.0	0.0	0.0	0.0	0.0
0.92	1.0	0.96	1.0	1.0	0.96	0.96	1.0	1.0	1.0	1.0	1.0	1.0	1.0	1.0	1.0	1.0	1.0	0.85068359375	0.145888671875	0.080361328125	0.022626953125	0.0048046875	0.003203125	0.002841796875	0.0	0.0	0.0	0.0	0.0	0.0	0.0	0.0	0.0	0.0	0.0	0.0	0.0	0.0	0.0	0.0
0.96	1.0	0.96	0.96	0.96	1.0	1.0	1.0	1.0	1.0	1.0	1.0	1.0	1.0	1.0	1.0	1.0	1.0	0.193251953125	0.092138671875	0.047861328125	0.011728515625	0.0030859375	0.003193359375	0.0	0.0	0.0	0.0	0.0	0.0	0.0	0.0	0.0	0.0	0.0	0.0	0.0	0.0	0.0	0.0	0.0
1.0	1.0	1.0	1.0	0.96	1.0	1.0	1.0	1.0	1.0	1.0	1.0	1.0	1.0	1.0	1.0	1.0	0.98384765625	0.122734375	0.05798828125	0.01576171875	0.00388671875	0.00287109375	0.0	0.0	0.0	0.0	0.0	0.0	0.0	0.0	0.0	0.0	0.0	0.0	0.0	0.0	0.0	0.0	0.0	0.0
1.0	1.0	1.0	0.96	1.0	1.0	1.0	1.0	1.0	1.0	1.0	1.0	1.0	1.0	1.0	1.0	0.983310546875	0.239423828125	0.086005859375	0.02994140625	0.0050390625	0.00306640625	0.0	0.0	0.0	0.0	0.0	0.0	0.0	0.0	0.0	0.0	0.0	0.0	0.0	0.0	0.0	0.0	0.0	0.0	0.0
0.88	1.0	0.96	1.0	1.0	1.0	0.96	1.0	1.0	1.0	1.0	1.0	1.0	1.0	1.0	1.0	1.0	0.124033203125	0.04447265625	0.01591796875	0.004228515625	0.00248046875	0.0	0.0	0.0	0.0	0.0	0.0	0.0	0.0	0.0	0.0	0.0	0.0	0.0	0.0	0.0	0.0	0.0	0.0	0.0
1.0	1.0	0.96	1.0	1.0	1.0	1.0	1.0	1.0	1.0	1.0	1.0	1.0	1.0	1.0	0.9841015625	0.249072265625	0.0902734375	0.02443359375	0.004140625	0.00279296875	0.0	0.0	0.0	0.0	0.0	0.0	0.0	0.0	0.0	0.0	0.0	0.0	0.0	0.0	0.0	0.0	0.0	0.0	0.0	0.0
1.0	1.0	1.0	1.0	1.0	1.0	1.0	1.0	1.0	1.0	1.0	1.0	1.0	1.0	1.0	0.97904296875	0.138408203125	0.048642578125	0.014892578125	0.003525390625	0.0023828125	0.0	0.0	0.0	0.0	0.0	0.0	0.0	0.0	0.0	0.0	0.0	0.0	0.0	0.0	0.0	0.0	0.0	0.0	0.0	0.0
0.96	1.0	1.0	1.0	1.0	1.0	1.0	1.0	1.0	1.0	1.0	1.0	1.0	1.0	1.0	0.17611328125	0.073583984375	0.017158203125	0.00470703125	0.003447265625	0.0	0.0	0.0	0.0	0.0	0.0	0.0	0.0	0.0	0.0	0.0	0.0	0.0	0.0	0.0	0.0	0.0	0.0	0.0	0.0	0.0
1.0	1.0	1.0	0.96	1.0	0.96	1.0	1.0	1.0	1.0	1.0	1.0	1.0	1.0	0.96	0.13064453125	0.019853515625	0.004755859375	0.003076171875	0.0	0.0	0.0	0.0	0.0	0.0	0.0	0.0	0.0	0.0	0.0	0.0	0.0	0.0	0.0	0.0	0.0	0.0	0.0	0.0	0.0	0.0
1.0	0.96	1.0	1.0	1.0	1.0	1.0	1.0	1.0	1.0	1.0	1.0	1.0	1.0	0.234345703125	0.076806640625	0.01544921875	0.003125	0.003232421875	0.0	0.0	0.0	0.0	0.0	0.0	0.0	0.0	0.0	0.0	0.0	0.0	0.0	0.0	0.0	0.0	0.0	0.0	0.0	0.0	0.0	0.0
1.0	0.96	0.96	1.0	1.0	1.0	1.0	1.0	1.0	1.0	1.0	1.0	1.0	1.0	0.148037109375	0.0209375	0.004501953125	0.00259765625	0.0	0.0	0.0	0.0	0.0	0.0	0.0	0.0	0.0	0.0	0.0	0.0	0.0	0.0	0.0	0.0	0.0	0.0	0.0	0.0	0.0	0.0	0.0
0.96	1.0	1.0	0.96	1.0	1.0	1.0	1.0	1.0	1.0	1.0	1.0	1.0	0.92138671875	0.2026171875	0.079365234375	0.002998046875	0.0	0.0	0.0	0.0	0.0	0.0	0.0	0.0	0.0	0.0	0.0	0.0	0.0	0.0	0.0	0.0	0.0	0.0	0.0	0.0	0.0	0.0	0.0	0.0
1.0	1.0	1.0	1.0	1.0	1.0	1.0	1.0	1.0	1.0	1.0	1.0	0.9820703125	1.0	0.45296875	0.094765625	0.06046875	0.0	0.0	0.0	0.0	0.0	0.0	0.0	0.0	0.0	0.0	0.0	0.0	0.0	0.0	0.0	0.0	0.0	0.0	0.0	0.0	0.0	0.0	0.0	0.0
0.88	0.96	1.0	1.0	1.0	1.0	1.0	1.0	1.0	1.0	1.0	0.9801953125	0.9796484375	1.0	0.86958984375	0.133681640625	0.070009765625	0.04109375	0.0	0.0	0.0	0.0	0.0	0.0	0.0	0.0	0.0	0.0	0.0	0.0	0.0	0.0	0.0	0.0	0.0	0.0	0.0	0.0	0.0	0.0	0.0
1.0	1.0	1.0	1.0	1.0	1.0	1.0	1.0	1.0	1.0	1.0	0.94767578125	1.0	1.0	0.907548828125	0.29947265625	0.1103125	0.045439453125	0.033671875	0.0	0.0	0.0	0.0	0.0	0.0	0.0	0.0	0.0	0.0	0.0	0.0	0.0	0.0	0.0	0.0	0.0	0.0	0.0	0.0	0.0	0.0
1.0	1.0	1.0	0.96	1.0	1.0	1.0	1.0	1.0	1.0	1.0	1.0	1.0	1.0	0.89173828125	0.367109375	0.15318359375	0.05375	0.03900390625	0.016904296875	0.0	0.0	0.0	0.0	0.0	0.0	0.0	0.0	0.0	0.0	0.0	0.0	0.0	0.0	0.0	0.0	0.0	0.0	0.0	0.0	0.0
1.0	0.96	0.96	1.0	1.0	1.0	1.0	1.0	1.0	1.0	0.90763671875	1.0	1.0	1.0	0.64884765625	0.4305078125	0.244326171875	0.09248046875	0.053486328125	0.032578125	0.030380859375	0.0	0.0	0.0	0.0	0.0	0.0	0.0	0.0	0.0	0.0	0.0	0.0	0.0	0.0	0.0	0.0	0.0	0.0	0.0	0.0
0.96	1.0	1.0	1.0	1.0	1.0	1.0	1.0	1.0	1.0	1.0	1.0	1.0	0.749423828125	0.585087890625	0.39548828125	0.2844140625	0.14642578125	0.07361328125	0.03513671875	0.02861328125	0.02306640625	0.0	0.0	0.0	0.0	0.0	0.0	0.0	0.0	0.0	0.0	0.0	0.0	0.0	0.0	0.0	0.0	0.0	0.0	0.0
1.0	0.92	0.96	0.96	1.0	1.0	1.0	1.0	1.0	0.947421875	1.0	1.0	0.983505859375	0.67708984375	0.53443359375	0.412890625	0.299912109375	0.2085546875	0.12693359375	0.053212890625	0.03443359375	0.02638671875	0.02322265625	0.0	0.0	0.0	0.0	0.0	0.0	0.0	0.0	0.0	0.0	0.0	0.0	0.0	0.0	0.0	0.0	0.0	0.0
0.96	1.0	0.96	1.0	1.0	1.0	1.0	1.0	1.0	0.938251953125	1.0	0.95099609375	0.672841796875	0.5594921875	0.509296875	0.399609375	0.297783203125	0.234384765625	0.163330078125	0.10337890625	0.0386328125	0.032294921875	0.024140625	0.022509765625	0.0	0.0	0.0	0.0	0.0	0.0	0.0	0.0	0.0	0.0	0.0	0.0	0.0	0.0	0.0	0.0	0.0
1.0	0.96	1.0	1.0	1.0	1.0	1.0	1.0	0.96197265625	0.87669921875	0.89083984375	0.589716796875	0.567509765625	0.5001953125	0.4778515625	0.368994140625	0.330654296875	0.258515625	0.1755078125	0.13056640625	0.09880859375	0.034296875	0.024755859375	0.022314453125	0.022666015625	0.0	0.0	0.0	0.0	0.0	0.0	0.0	0.0	0.0	0.0	0.0	0.0	0.0	0.0	0.0	0.0
1.0	0.96	0.96	1.0	1.0	1.0	1.0	0.98060546875	0.551015625	0.773056640625	0.694697265625	0.55458984375	0.509990234375	0.513046875	0.452880859375	0.371845703125	0.3008203125	0.259990234375	0.175869140625	0.144404296875	0.11509765625	0.050556640625	0.029130859375	0.02484375	0.02240234375	0.02087890625	0.0	0.0	0.0	0.0	0.0	0.0	0.0	0.0	0.0	0.0	0.0	0.0	0.0	0.0	0.0
0.96	1.0	1.0	1.0	1.0	1.0	1.0	0.917255859375	0.424833984375	0.6774609375	0.491455078125	0.497041015625	0.494931640625	0.461513671875	0.424736328125	0.370712890625	0.308994140625	0.26810546875	0.19525390625	0.155048828125	0.122978515625	0.089013671875	0.051865234375	0.028310546875	0.023212890625	0.022490234375	0.020048828125	0.0	0.0	0.0	0.0	0.0	0.0	0.0	0.0	0.0	0.0	0.0	0.0	0.0	0.0
1.0	1.0	1.0	1.0	1.0	1.0	1.0	0.29486328125	0.392802734375	0.423623046875	0.4521875	0.46083984375	0.458662109375	0.429970703125	0.40537109375	0.373515625	0.313193359375	0.266787109375	0.21044921875	0.172646484375	0.137353515625	0.107314453125	0.085390625	0.0392578125	0.025107421875	0.021650390625	0.019892578125	0.019384765625	0.0	0.0	0.0	0.0	0.0	0.0	0.0	0.0	0.0	0.0	0.0	0.0	0.0
1.0	1.0	1.0	1.0	1.0	1.0	0.9632421875	0.25802734375	0.39361328125	0.420869140625	0.437548828125	0.426455078125	0.452607421875	0.4117578125	0.389970703125	0.354453125	0.3130859375	0.277421875	0.219658203125	0.173251953125	0.149072265625	0.118037109375	0.0982421875	0.0736328125	0.03001953125	0.023408203125	0.021650390625	0.020146484375	0.01025390625	0.0	0.0	0.0	0.0	0.0	0.0	0.0	0.0	0.0	0.0	0.0	0.0
1.0	1.0	1.0	1.0	1.0	1.0	0.2192578125	0.275849609375	0.325849609375	0.391640625	0.42291015625	0.4214453125	0.418876953125	0.418388671875	0.37091796875	0.356806640625	0.306865234375	0.285849609375	0.2444921875	0.20533203125	0.162685546875	0.128291015625	0.10193359375	0.0947265625	0.071845703125	0.026728515625	0.021484375	0.01990234375	0.01875	0.019638671875	0.0	0.0	0.0	0.0	0.0	0.0	0.0	0.0	0.0	0.0	0.0
0.92	1.0	1.0	1.0	1.0	0.94912109375	0.156611328125	0.240166015625	0.31142578125	0.38888671875	0.380576171875	0.399814453125	0.386484375	0.393349609375	0.367626953125	0.346376953125	0.3156640625	0.2819140625	0.246015625	0.208564453125	0.18505859375	0.14693359375	0.11537109375	0.09423828125	0.082861328125	0.069677734375	0.025322265625	0.022646484375	0.02041015625	0.018994140625	0.019052734375	0.0	0.0	0.0	0.0	0.0	0.0	0.0	0.0	0.0	0.0
1.0	1.0	1.0	1.0	1.0	0.1019921875	0.15052734375	0.242041015625	0.300458984375	0.375576171875	0.37119140625	0.385009765625	0.385732421875	0.375888671875	0.360830078125	0.32638671875	0.31736328125	0.285341796875	0.252861328125	0.217568359375	0.18806640625	0.150546875	0.130908203125	0.103115234375	0.085966796875	0.071181640625	0.03708984375	0.02384765625	0.020625	0.01916015625	0.019775390625	0.018935546875	0.0	0.0	0.0	0.0	0.0	0.0	0.0	0.0	0.0
0.96	0.92	1.0	1.0	0.303095703125	0.00953125	0.13099609375	0.23466796875	0.33900390625	0.34765625	0.367353515625	0.387412109375	0.38244140625	0.391533203125	0.36095703125	0.340517578125	0.30005859375	0.280400390625	0.25482421875	0.2184375	0.197275390625	0.172822265625	0.135263671875	0.113837890625	0.1017578125	0.0822265625	0.06892578125	0.03671875	0.023564453125	0.020556640625	0.0190234375	0.01859375	0.0197265625	0.0	0.0	0.0	0.0	0.0	0.0	0.0	0.0
1.0	0.96	1.0	1.0	0.05658203125	0.00630859375	0.1274609375	0.232685546875	0.338310546875	0.358203125	0.3668359375	0.381181640625	0.371376953125	0.365908203125	0.3499609375	0.32802734375	0.300283203125	0.28119140625	0.263818359375	0.21841796875	0.1961328125	0.18126953125	0.13931640625	0.12640625	0.101640625	0.0882421875	0.081083984375	0.067998046875	0.03470703125	0.0207421875	0.018671875	0.019130859375	0.01814453125	0.009755859375	0.0	0.0	0.0	0.0	0.0	0.0	0.0
0.96	1.0	1.0	0.983388671875	0.007001953125	0.007763671875	0.12912109375	0.24662109375	0.3216015625	0.35640625	0.355615234375	0.3525	0.364287109375	0.369375	0.335302734375	0.33080078125	0.300634765625	0.284208984375	0.2722265625	0.242265625	0.21189453125	0.192998046875	0.171298828125	0.131953125	0.117919921875	0.091630859375	0.081748046875	0.081142578125	0.066943359375	0.0330078125	0.020478515625	0.019833984375	0.019267578125	0.018427734375	0.01888671875	0.0	0.0	0.0	0.0	0.0	0.0
1.0	1.0	1.0	0.020126953125	0.00400390625	0.00357421875	0.12267578125	0.214599609375	0.338193359375	0.36078125	0.3469921875	0.35357421875	0.366455078125	0.368935546875	0.33388671875	0.329384765625	0.29599609375	0.2816015625	0.268427734375	0.235185546875	0.213330078125	0.198154296875	0.175859375	0.157978515625	0.12654296875	0.109296875	0.08615234375	0.080908203125	0.07845703125	0.0653515625	0.03044921875	0.019462890625	0.018876953125	0.01890625	0.020126953125	0.01986328125	0.0	0.0	0.0	0.0	0.0
1.0	1.0	0.264267578125	0.003544921875	0.003369140625	0.00357421875	0.006884765625	0.2112890625	0.338623046875	0.34185546875	0.340859375	0.3519921875	0.349033203125	0.3639453125	0.32912109375	0.3139453125	0.295126953125	0.281513671875	0.2740625	0.25599609375	0.2165625	0.1934765625	0.182392578125	0.164375	0.158349609375	0.116279296875	0.0911328125	0.08560546875	0.07990234375	0.070283203125	0.06259765625	0.021552734375	0.0180859375	0.01935546875	0.019404296875	0.0187890625	0.018681640625	0.0	0.0	0.0	0.0
1.0	1.0	0.0034765625	0.00326171875	0.00361328125	0.0041015625	0.0075390625	0.24095703125	0.336845703125	0.339931640625	0.33833984375	0.354404296875	0.348125	0.357685546875	0.317373046875	0.31478515625	0.292255859375	0.28083984375	0.275263671875	0.264140625	0.214150390625	0.20470703125	0.18994140625	0.16552734375	0.161064453125	0.13302734375	0.100439453125	0.0890625	0.079267578125	0.079833984375	0.066650390625	0.031767578125	0.019892578125	0.01876953125	0.01908203125	0.019111328125	0.019033203125	0.018408203125	0.0	0.0	0.0
1.0	0.90966796875	0.003779296875	0.0033984375	0.003515625	0.004453125	0.006044921875	0.232890625	0.335283203125	0.335068359375	0.33625	0.345625	0.338251953125	0.34982421875	0.319765625	0.30515625	0.29765625	0.282431640625	0.275576171875	0.266435546875	0.21109375	0.20216796875	0.202158203125	0.1822265625	0.1626171875	0.158818359375	0.109892578125	0.096796875	0.08470703125	0.078603515625	0.079326171875	0.064619140625	0.03009765625	0.019853515625	0.018837890625	0.018447265625	0.0182421875	0.019228515625	0.009677734375	0.0	0.0
0.96	0.00341796875	0.00333984375	0.003681640625	0.00302734375	0.003994140625	0.0071875	0.271611328125	0.32931640625	0.330537109375	0.338671875	0.327060546875	0.334052734375	0.342392578125	0.309716796875	0.31015625	0.29984375	0.287587890625	0.273828125	0.271982421875	0.2186328125	0.20353515625	0.202021484375	0.188125	0.168310546875	0.159072265625	0.155888671875	0.098662109375	0.0866015625	0.083486328125	0.080087890625	0.08091796875	0.0633203125	0.02708984375	0.019697265625	0.018720703125	0.01982421875	0.0183984375	0.01876953125	0.0196875	0.0
1.0	0.00341796875	0.003388671875	0.003720703125	0.003974609375	0.003662109375	0.0071484375	0.274541015625	0.2750390625	0.333125	0.32607421875	0.336123046875	0.3389453125	0.339453125	0.31208984375	0.307255859375	0.304111328125	0.2877734375	0.27095703125	0.2740234375	0.27603515625	0.201279296875	0.204365234375	0.183349609375	0.18537109375	0.16072265625	0.159208984375	0.09865234375	0.0996484375	0.083125	0.085517578125	0.079052734375	0.079404296875	0.06470703125	0.02734375	0.01958984375	0.018388671875	0.019765625	0.018427734375	0.019326171875	0.01943359375
