5.0	5.0	5.0	4.6	5.0	5.0	5.0	5.0	4.8	5.0	5.0	5.0	5.0	5.0	6.96	7.0	7.0	8.32	8.8	10.24	11.92	5.0	5.0	5.0	5.0	5.0	4.8	0.0	0.0	0.0	0.0	0.0	0.0	0.0	0.0	0.0	0.0	0.0	0.0	0.0	0.0
5.0	4.6	5.0	5.0	4.8	4.6	5.0	5.0	5.0	5.0	5.0	5.0	5.0	5.0	6.76	6.92	7.6	8.72	9.52	11.24	9.8	5.0	5.0	5.0	5.0	5.0	5.0	0.0	0.0	0.0	0.0	0.0	0.0	0.0	0.0	0.0	0.0	0.0	0.0	0.0	0.0
4.8	5.0	5.0	5.0	5.0	5.0	5.0	4.8	5.0	5.0	5.0	5.0	5.0	6.56	6.88	7.0	8.0	8.88	10.24	50.64	5.04	5.0	5.0	5.0	5.0	5.0	0.0	0.0	0.0	0.0	0.0	0.0	0.0	0.0	0.0	0.0	0.0	0.0	0.0	0.0	0.0
5.0	4.8	5.0	5.0	5.0	4.8	5.0	5.0	4.8	5.0	5.0	5.0	5.0	6.96	6.96	8.12	8.28	9.48	12.76	5.0	5.04	5.0	5.0	5.0	5.0	0.0	0.0	0.0	0.0	0.0	0.0	0.0	0.0	0.0	0.0	0.0	0.0	0.0	0.0	0.0	0.0
4.8	4.8	5.0	5.0	5.0	5.0	5.0	5.0	5.0	5.0	5.0	5.0	5.0	6.84	7.12	7.88	8.68	9.84	21.8	5.0	5.0	5.0	5.0	5.0	5.0	0.0	0.0	0.0	0.0	0.0	0.0	0.0	0.0	0.0	0.0	0.0	0.0	0.0	0.0	0.0	0.0
5.0	5.0	5.0	5.0	5.0	4.8	5.0	5.0	5.0	5.0	5.0	5.0	6.96	6.88	7.36	7.88	9.32	11.44	5.0	5.0	5.0	5.0	5.0	5.0	0.0	0.0	0.0	0.0	0.0	0.0	0.0	0.0	0.0	0.0	0.0	0.0	0.0	0.0	0.0	0.0	0.0
4.8	5.0	4.8	4.8	5.0	5.0	5.0	5.0	5.0	5.0	5.0	5.0	6.8	6.88	8.0	8.8	9.32	11.32	5.0	5.0	5.0	5.0	5.0	0.0	0.0	0.0	0.0	0.0	0.0	0.0	0.0	0.0	0.0	0.0	0.0	0.0	0.0	0.0	0.0	0.0	0.0
5.0	5.0	5.0	5.0	5.0	5.0	5.0	5.0	5.0	5.0	5.0	6.52	6.96	7.0	7.88	9.08	10.56	10.28	5.0	5.0	5.0	5.0	0.0	0.0	0.0	0.0	0.0	0.0	0.0	0.0	0.0	0.0	0.0	0.0	0.0	0.0	0.0	0.0	0.0	0.0	0.0
5.0	4.8	5.0	4.8	5.0	5.0	5.0	5.0	5.0	5.0	5.0	6.8	6.92	7.92	8.24	9.72	14.28	5.04	5.0	5.0	5.0	5.0	0.0	0.0	0.0	0.0	0.0	0.0	0.0	0.0	0.0	0.0	0.0	0.0	0.0	0.0	0.0	0.0	0.0	0.0	0.0
4.8	5.0	4.6	5.0	5.0	5.0	4.8	5.0	5.0	5.0	5.0	6.64	6.96	8.0	8.96	13.2	5.0	5.0	5.0	5.0	5.0	0.0	0.0	0.0	0.0	0.0	0.0	0.0	0.0	0.0	0.0	0.0	0.0	0.0	0.0	0.0	0.0	0.0	0.0	0.0	0.0
5.0	5.0	5.0	5.0	5.0	5.0	5.0	5.0	5.0	5.0	5.0	6.92	7.2	8.68	9.56	11.44	5.0	5.0	5.0	5.0	5.0	0.0	0.0	0.0	0.0	0.0	0.0	0.0	0.0	0.0	0.0	0.0	0.0	0.0	0.0	0.0	0.0	0.0	0.0	0.0	0.0
5.0	5.0	5.0	4.6	5.0	5.0	5.0	5.0	5.0	5.0	6.8	6.76	7.96	8.84	10.8	5.0	5.0	5.0	5.0	5.0	0.0	0.0	0.0	0.0	0.0	0.0	0.0	0.0	0.0	0.0	0.0	0.0	0.0	0.0	0.0	0.0	0.0	0.0	0.0	0.0	0.0
5.0	5.0	4.8	4.8	5.0	4.6	4.8	5.0	5.0	5.0	6.88	7.16	8.28	9.72	22.6	5.0	5.0	5.0	5.0	0.0	0.0	0.0	0.0	0.0	0.0	0.0	0.0	0.0	0.0	0.0	0.0	0.0	0.0	0.0	0.0	0.0	0.0	0.0	0.0	0.0	0.0
5.0	5.0	5.0	5.0	5.0	5.0	5.0	5.0	5.0	5.0	7.08	7.68	8.44	11.4	6.24	5.0	5.0	5.0	5.0	0.0	0.0	0.0	0.0	0.0	0.0	0.0	0.0	0.0	0.0	0.0	0.0	0.0	0.0	0.0	0.0	0.0	0.0	0.0	0.0	0.0	0.0
5.0	4.8	5.0	5.0	5.0	5.0	5.0	5.0	5.0	7.0	6.84	7.96	9.2	12.28	10.04	5.0	5.0	5.0	0.0	0.0	0.0	0.0	0.0	0.0	0.0	0.0	0.0	0.0	0.0	0.0	0.0	0.0	0.0	0.0	0.0	0.0	0.0	0.0	0.0	0.0	0.0
5.0	5.0	5.0	5.0	5.0	5.0	5.0	5.0	5.0	6.64	6.96	8.4	10.52	39.68	29.88	28.92	5.0	0.0	0.0	0.0	0.0	0.0	0.0	0.0	0.0	0.0	0.0	0.0	0.0	0.0	0.0	0.0	0.0	0.0	0.0	0.0	0.0	0.0	0.0	0.0	0.0
5.0	5.0	4.8	5.0	5.0	5.0	5.0	5.0	6.76	6.88	7.76	9.52	14.52	34.48	33.24	29.2	27.12	0.0	0.0	0.0	0.0	0.0	0.0	0.0	0.0	0.0	0.0	0.0	0.0	0.0	0.0	0.0	0.0	0.0	0.0	0.0	0.0	0.0	0.0	0.0	0.0
5.0	4.8	5.0	5.0	5.0	5.0	5.0	5.0	6.8	7.0	8.48	10.0	33.52	34.44	40.2	28.64	28.36	27.0	0.0	0.0	0.0	0.0	0.0	0.0	0.0	0.0	0.0	0.0	0.0	0.0	0.0	0.0	0.0	0.0	0.0	0.0	0.0	0.0	0.0	0.0	0.0
4.8	5.0	4.8	4.8	5.0	5.0	5.0	5.0	6.84	7.72	8.96	11.28	33.4	33.84	39.64	29.28	28.08	26.56	25.6	0.0	0.0	0.0	0.0	0.0	0.0	0.0	0.0	0.0	0.0	0.0	0.0	0.0	0.0	0.0	0.0	0.0	0.0	0.0	0.0	0.0	0.0
4.6	5.0	5.0	5.0	5.0	5.0	5.0	5.0	6.96	8.24	11.52	34.08	32.92	35.88	39.68	29.36	28.2	27.4	26.72	26.28	0.0	0.0	0.0	0.0	0.0	0.0	0.0	0.0	0.0	0.0	0.0	0.0	0.0	0.0	0.0	0.0	0.0	0.0	0.0	0.0	0.0
5.0	5.0	5.0	5.0	5.0	5.0	5.0	6.88	7.16	9.24	11.8	33.24	33.12	37.6	31.16	28.72	27.76	27.04	26.12	25.52	25.6	0.0	0.0	0.0	0.0	0.0	0.0	0.0	0.0	0.0	0.0	0.0	0.0	0.0	0.0	0.0	0.0	0.0	0.0	0.0	0.0
5.0	4.8	5.0	5.0	5.0	5.0	5.0	6.8	7.8	10.44	36.92	34.16	37.44	30.84	29.32	28.6	27.88	26.48	26.36	25.44	25.96	25.16	0.0	0.0	0.0	0.0	0.0	0.0	0.0	0.0	0.0	0.0	0.0	0.0	0.0	0.0	0.0	0.0	0.0	0.0	0.0
5.0	5.0	4.8	4.8	5.0	5.0	5.0	7.08	8.64	35.6	34.76	40.2	38.04	29.88	28.76	28.04	27.12	26.92	26.76	26.76	26.16	26.2	25.4	0.0	0.0	0.0	0.0	0.0	0.0	0.0	0.0	0.0	0.0	0.0	0.0	0.0	0.0	0.0	0.0	0.0	0.0
4.8	5.0	5.0	5.0	5.0	5.0	6.72	7.84	9.96	43.36	37.68	43.6	29.96	28.92	28.52	27.48	27.16	26.76	26.2	26.0	25.6	25.76	25.4	24.68	0.0	0.0	0.0	0.0	0.0	0.0	0.0	0.0	0.0	0.0	0.0	0.0	0.0	0.0	0.0	0.0	0.0
5.0	5.0	4.8	4.8	5.0	5.0	6.76	8.52	11.76	39.72	39.4	29.0	29.52	27.6	27.68	26.8	26.68	26.48	26.04	26.32	25.84	26.44	25.32	25.68	25.76	0.0	0.0	0.0	0.0	0.0	0.0	0.0	0.0	0.0	0.0	0.0	0.0	0.0	0.0	0.0	0.0
5.0	5.0	4.8	5.0	5.0	5.0	7.2	9.76	37.48	37.72	31.32	28.6	28.48	27.92	28.28	26.24	26.32	26.08	26.64	26.32	25.12	26.12	25.4	26.16	25.64	25.04	0.0	0.0	0.0	0.0	0.0	0.0	0.0	0.0	0.0	0.0	0.0	0.0	0.0	0.0	0.0
5.0	5.0	5.0	5.0	5.0	6.72	8.32	14.04	34.44	33.0	29.64	29.08	27.28	26.88	26.72	27.04	26.4	26.0	25.36	24.96	25.8	25.68	25.0	25.32	25.4	24.64	24.52	0.0	0.0	0.0	0.0	0.0	0.0	0.0	0.0	0.0	0.0	0.0	0.0	0.0	0.0
5.0	4.8	4.8	5.0	5.0	6.92	9.36	38.48	30.68	32.32	29.48	27.96	28.12	27.56	27.2	26.56	26.48	25.96	25.52	25.48	25.64	25.76	25.28	25.16	25.52	25.56	25.52	24.92	0.0	0.0	0.0	0.0	0.0	0.0	0.0	0.0	0.0	0.0	0.0	0.0	0.0
4.6	4.8	5.0	5.0	5.0	7.8	12.76	33.8	32.56	31.24	27.92	27.52	27.24	26.84	26.8	26.24	25.96	26.48	25.12	25.92	25.4	25.08	25.52	25.84	25.44	25.56	25.44	24.72	25.04	0.0	0.0	0.0	0.0	0.0	0.0	0.0	0.0	0.0	0.0	0.0	0.0
4.6	4.8	5.0	5.0	6.92	9.0	35.28	35.28	34.72	32.08	29.72	27.96	29.08	26.72	27.52	25.8	25.8	26.32	25.88	25.64	25.36	25.48	25.56	25.04	25.0	25.36	24.72	24.76	25.04	25.32	0.0	0.0	0.0	0.0	0.0	0.0	0.0	0.0	0.0	0.0	0.0
5.0	4.8	5.0	5.0	7.2	11.36	44.8	34.92	33.84	31.88	31.56	28.64	27.76	27.28	26.92	26.64	25.48	25.68	25.8	25.12	25.48	25.44	25.6	25.96	24.96	25.12	25.16	24.44	24.56	25.2	25.32	0.0	0.0	0.0	0.0	0.0	0.0	0.0	0.0	0.0	0.0
4.8	4.6	5.0	5.0	9.04	5.0	47.16	33.84	33.04	32.92	31.92	27.96	28.52	27.4	26.52	26.68	26.04	25.92	25.88	25.48	25.36	24.92	25.36	25.2	24.88	24.64	25.76	26.08	25.52	25.32	24.76	24.96	0.0	0.0	0.0	0.0	0.0	0.0	0.0	0.0	0.0
4.6	4.8	5.0	7.24	5.0	6.32	39.2	35.8	34.64	36.12	32.08	29.0	27.88	27.04	26.72	26.72	26.52	26.68	25.44	25.28	25.52	26.0	26.32	24.96	25.52	25.2	24.92	24.88	24.96	24.44	24.24	25.04	24.84	0.0	0.0	0.0	0.0	0.0	0.0	0.0	0.0
5.0	4.8	5.0	8.16	5.0	7.48	45.08	34.08	34.76	34.36	31.68	29.04	28.44	28.72	27.68	27.32	26.76	25.72	25.88	25.28	25.56	25.96	25.4	26.12	25.12	25.88	25.32	24.36	26.12	25.24	24.68	24.92	25.84	25.72	0.0	0.0	0.0	0.0	0.0	0.0	0.0
4.8	5.0	5.0	12.52	5.0	10.28	43.32	32.8	36.08	34.72	32.08	31.92	28.92	27.72	28.08	26.68	26.72	26.36	26.16	25.92	25.52	25.36	24.88	25.4	24.76	25.2	25.0	24.6	24.8	25.48	25.52	25.16	24.64	24.76	24.8	0.0	0.0	0.0	0.0	0.0	0.0
5.0	5.0	6.72	5.0	5.0	5.12	45.56	41.88	34.96	34.08	33.96	31.88	27.16	27.84	28.28	27.64	27.52	26.48	26.08	26.12	25.8	25.4	25.96	25.76	25.12	25.24	25.04	24.72	24.8	24.76	25.44	23.68	25.24	24.4	25.0	25.28	0.0	0.0	0.0	0.0	0.0
4.8	5.0	5.0	5.0	5.0	5.0	8.88	40.44	37.28	35.92	34.44	32.2	30.48	27.64	27.92	26.32	25.72	26.64	25.28	26.16	25.92	25.36	25.08	24.8	25.12	24.96	24.92	25.28	24.92	25.44	24.48	24.72	24.92	25.12	24.48	24.36	25.52	0.0	0.0	0.0	0.0
5.0	6.52	5.0	5.0	5.0	5.44	8.52	41.4	36.4	36.68	35.52	32.04	33.08	27.96	28.36	27.84	25.8	26.64	27.0	25.64	25.76	25.2	25.4	25.56	25.32	25.8	24.72	25.16	25.16	25.36	25.68	25.6	23.8	25.2	24.92	25.12	25.64	25.2	0.0	0.0	0.0
4.6	11.2	5.0	5.0	5.0	5.2	8.2	40.28	36.48	34.76	34.24	31.4	31.76	28.24	28.72	27.64	27.6	26.6	26.72	26.2	25.56	26.0	24.68	24.68	24.76	25.48	25.12	24.4	25.08	24.88	24.84	24.96	25.36	24.4	24.44	24.44	25.08	25.44	25.68	0.0	0.0
4.6	5.0	5.0	5.0	4.8	5.28	7.4	39.96	35.16	36.2	33.68	33.2	30.92	30.8	27.28	28.04	26.56	26.48	26.36	26.36	24.96	25.28	25.4	25.96	25.0	25.12	25.12	25.08	25.48	25.44	25.6	25.04	25.84	25.52	24.56	25.8	25.2	24.92	25.16	25.0	0.0
5.0	5.0	5.0	5.0	5.0	4.8	8.32	40.88	40.52	34.8	35.0	33.96	31.88	30.92	27.56	27.32	27.92	27.24	26.84	26.6	25.76	25.36	25.48	25.6	25.72	24.56	24.44	24.36	24.96	24.4	24.44	25.08	25.52	24.88	24.92	24.72	24.8	25.44	25.12	24.68	24.96
