0.000458984375	0.056689453125	0.15140625	0.229267578125	0.274248046875	0.33123046875	0.36537109375	0.38310546875	0.4135546875	0.426357421875	0.445556640625	0.455595703125	0.46298828125	0.469541015625	0.470400390625	0.46900390625	0.471572265625	0.471806640625	0.48591796875	0.487099609375	0.46134765625	0.47513671875	0.475234375	0.4906640625	0.4753515625	0.48599609375	0.483671875	0.487578125	0.49244140625	0.4802734375	0.489287109375	0.49546875	0.486923828125	0.489326171875	0.491484375	0.48650390625	0.48791015625	0.48603515625	0.48001953125	0.4919140625	0.48083984375
0.00048828125	0.052294921875	0.174169921875	0.26044921875	0.3134765625	0.351875	0.38751953125	0.408447265625	0.43220703125	0.4512890625	0.469609375	0.478564453125	0.49015625	0.49365234375	0.502802734375	0.5004296875	0.489912109375	0.49880859375	0.49400390625	0.499697265625	0.504453125	0.500986328125	0.505361328125	0.4933984375	0.497705078125	0.50474609375	0.506865234375	0.505751953125	0.507705078125	0.513134765625	0.51087890625	0.5160546875	0.514873046875	0.51142578125	0.50892578125	0.512041015625	0.503955078125	0.513203125	0.512509765625	0.50306640625	0.496357421875
0.00041015625	0.04677734375	0.16876953125	0.260625	0.31626953125	0.357724609375	0.3917578125	0.41890625	0.437958984375	0.455341796875	0.473271484375	0.488984375	0.49794921875	0.50765625	0.508427734375	0.513896484375	0.504208984375	0.501533203125	0.511318359375	0.49080078125	0.492724609375	0.51076171875	0.5292578125	0.50267578125	0.509287109375	0.5115625	0.511513671875	0.51646484375	0.512353515625	0.515625	0.52431640625	0.52416015625	0.51146484375	0.514111328125	0.516982421875	0.508935546875	0.512685546875	0.51046875	0.514970703125	0.514072265625	0.506005859375
0.000498046875	0.0437109375	0.174169921875	0.253369140625	0.309189453125	0.3437890625	0.383720703125	0.410615234375	0.432373046875	0.45361328125	0.46609375	0.48353515625	0.483154296875	0.49552734375	0.496728515625	0.497177734375	0.4924609375	0.49708984375	0.500625	0.499931640625	0.488544921875	0.49837890625	0.51177734375	0.513857421875	0.50740234375	0.51666015625	0.50865234375	0.5084765625	0.510244140625	0.515576171875	0.510712890625	0.511298828125	0.513125	0.512177734375	0.51283203125	0.507744140625	0.506025390625	0.510380859375	0.49138671875	0.4958984375	0.507744140625
0.000400390625	0.04865234375	0.165546875	0.2628125	0.309775390625	0.353564453125	0.369970703125	0.410361328125	0.432626953125	0.45244140625	0.467890625	0.483271484375	0.489658203125	0.48630859375	0.496298828125	0.494443359375	0.4984375	0.498291015625	0.490556640625	0.502958984375	0.506181640625	0.498759765625	0.500556640625	0.499755859375	0.51291015625	0.506611328125	0.5101171875	0.508916015625	0.50908203125	0.516279296875	0.5084765625	0.508544921875	0.515869140625	0.5108984375	0.508046875	0.498447265625	0.502158203125	0.503916015625	0.50857421875	0.490419921875	0.497216796875
0.000439453125	0.0526953125	0.161318359375	0.26443359375	0.30974609375	0.354189453125	0.385478515625	0.413798828125	0.424970703125	0.449423828125	0.46806640625	0.483310546875	0.488974609375	0.48765625	0.495888671875	0.49048828125	0.49345703125	0.50142578125	0.505419921875	0.50142578125	0.4903515625	0.5119140625	0.501845703125	0.4991796875	0.492880859375	0.4956640625	0.5080859375	0.51068359375	0.50517578125	0.51076171875	0.512177734375	0.510078125	0.512841796875	0.506728515625	0.50494140625	0.502900390625	0.51201171875	0.49296875	0.4953125	0.498359375	0.501171875
0.0004296875	0.058916015625	0.179921875	0.2316015625	0.312822265625	0.343916015625	0.385625	0.411220703125	0.4328515625	0.44828125	0.46572265625	0.478916015625	0.488515625	0.499970703125	0.494931640625	0.505498046875	0.507373046875	0.510107421875	0.510087890625	0.486767578125	0.49990234375	0.491611328125	0.492880859375	0.4944921875	0.49255859375	0.509365234375	0.5012890625	0.509609375	0.505244140625	0.5094921875	0.507578125	0.511572265625	0.50375	0.505166015625	0.505703125	0.5057421875	0.517412109375	0.5002734375	0.516796875	0.51130859375	0.501640625
0.00037109375	0.0621484375	0.167978515625	0.27013671875	0.3025	0.356123046875	0.393583984375	0.41140625	0.44109375	0.454609375	0.47388671875	0.482255859375	0.490673828125	0.5028125	0.503232421875	0.50900390625	0.50189453125	0.50087890625	0.497021484375	0.49771484375	0.4943359375	0.510390625	0.5025	0.504111328125	0.50626953125	0.51013671875	0.50369140625	0.5127734375	0.5126171875	0.518701171875	0.50779296875	0.518427734375	0.5095703125	0.51212890625	0.519697265625	0.512080078125	0.507138671875	0.51787109375	0.5123046875	0.5041015625	0.5074609375
0.000390625	0.048974609375	0.157724609375	0.266875	0.311806640625	0.3486328125	0.38275390625	0.409580078125	0.4317578125	0.447958984375	0.465146484375	0.470166015625	0.483369140625	0.49107421875	0.494287109375	0.502431640625	0.4903125	0.488310546875	0.495732421875	0.502353515625	0.494052734375	0.501240234375	0.49197265625	0.488798828125	0.5074609375	0.504921875	0.5075	0.501572265625	0.500107421875	0.508955078125	0.511474609375	0.51095703125	0.503681640625	0.50302734375	0.494990234375	0.508916015625	0.5023828125	0.50466796875	0.491396484375	0.49841796875	0.48138671875
0.000419921875	0.061044921875	0.15880859375	0.229716796875	0.31248046875	0.349921875	0.38111328125	0.40125	0.43498046875	0.44986328125	0.46357421875	0.479013671875	0.4933203125	0.483154296875	0.4871484375	0.4884765625	0.498681640625	0.494755859375	0.481611328125	0.485966796875	0.4951953125	0.487353515625	0.488291015625	0.49236328125	0.498642578125	0.493740234375	0.506787109375	0.502333984375	0.50248046875	0.5028515625	0.517998046875	0.506123046875	0.50826171875	0.50224609375	0.5068359375	0.50783203125	0.492421875	0.497705078125	0.4927734375	0.492041015625	0.478037109375
0.00041015625	0.054892578125	0.166953125	0.2455078125	0.310341796875	0.347373046875	0.380625	0.403486328125	0.423193359375	0.442890625	0.45373046875	0.4701171875	0.471240234375	0.476982421875	0.480390625	0.47638671875	0.48484375	0.48302734375	0.49181640625	0.470888671875	0.4982421875	0.49216796875	0.50453125	0.48591796875	0.493056640625	0.49525390625	0.491689453125	0.497646484375	0.50169921875	0.505830078125	0.503564453125	0.4948046875	0.50375	0.503955078125	0.504248046875	0.4948046875	0.494931640625	0.49501953125	0.480205078125	0.4931640625	0.4788671875
0.0003515625	0.0528515625	0.15578125	0.26486328125	0.313583984375	0.353935546875	0.3803125	0.4045703125	0.4252734375	0.441845703125	0.45828125	0.463271484375	0.472041015625	0.483076171875	0.48349609375	0.494951171875	0.481435546875	0.484921875	0.485068359375	0.491484375	0.4894140625	0.485029296875	0.4936328125	0.49841796875	0.48416015625	0.498115234375	0.498408203125	0.497998046875	0.49884765625	0.49224609375	0.496884765625	0.502978515625	0.49734375	0.50189453125	0.4948828125	0.497431640625	0.48978515625	0.488779296875	0.4950390625	0.499443359375	0.478291015625
0.000556640625	0.046396484375	0.1741015625	0.26708984375	0.31583984375	0.35515625	0.38724609375	0.413056640625	0.42896484375	0.449970703125	0.468681640625	0.47783203125	0.4862890625	0.49119140625	0.495205078125	0.49529296875	0.48837890625	0.491279296875	0.485048828125	0.4896484375	0.47669921875	0.4956640625	0.495048828125	0.488125	0.50171875	0.49548828125	0.504267578125	0.499404296875	0.5062890625	0.497333984375	0.50951171875	0.506201171875	0.50697265625	0.508349609375	0.505986328125	0.49931640625	0.49662109375	0.498955078125	0.48455078125	0.506171875	0.495771484375
0.0005078125	0.041904296875	0.16861328125	0.261259765625	0.300830078125	0.347578125	0.378232421875	0.40087890625	0.4237890625	0.440830078125	0.45984375	0.470595703125	0.470537109375	0.47828125	0.486923828125	0.48359375	0.47271484375	0.484033203125	0.478916015625	0.489443359375	0.474501953125	0.48125	0.480908203125	0.4937109375	0.48888671875	0.485244140625	0.483447265625	0.491181640625	0.48439453125	0.494931640625	0.49310546875	0.49181640625	0.489365234375	0.490439453125	0.499794921875	0.490380859375	0.500390625	0.49279296875	0.49328125	0.495771484375	0.472587890625
0.0004296875	0.04787109375	0.172041015625	0.262119140625	0.310869140625	0.34712890625	0.37755859375	0.398564453125	0.423212890625	0.44037109375	0.452978515625	0.46150390625	0.47041015625	0.482294921875	0.477607421875	0.477353515625	0.47177734375	0.4727734375	0.48025390625	0.49048828125	0.487685546875	0.48796875	0.49177734375	0.477822265625	0.4802734375	0.491337890625	0.490400390625	0.491767578125	0.5031640625	0.494609375	0.495595703125	0.49841796875	0.502822265625	0.502314453125	0.497353515625	0.49412109375	0.485244140625	0.493515625	0.485859375	0.49951171875	0.47373046875
0.00041015625	0.06638671875	0.186513671875	0.261591796875	0.305556640625	0.343828125	0.373369140625	0.39478515625	0.417138671875	0.430849609375	0.445849609375	0.45501953125	0.465400390625	0.467421875	0.46451171875	0.464755859375	0.48119140625	0.471572265625	0.472548828125	0.473505859375	0.472099609375	0.4754296875	0.48142578125	0.485673828125	0.47994140625	0.48541015625	0.481796875	0.489619140625	0.489287109375	0.488740234375	0.489462890625	0.480595703125	0.48646484375	0.494931640625	0.485869140625	0.47099609375	0.478935546875	0.481845703125	0.478359375	0.483134765625	0.47255859375
0.000419921875	0.042822265625	0.183623046875	0.26017578125	0.301171875	0.338388671875	0.364775390625	0.3903125	0.410634765625	0.425615234375	0.43828125	0.449462890625	0.454365234375	0.454150390625	0.46283203125	0.465439453125	0.453623046875	0.46830078125	0.4678125	0.458857421875	0.46455078125	0.464677734375	0.476787109375	0.4853125	0.47951171875	0.47615234375	0.483984375	0.478876953125	0.47951171875	0.4802734375	0.48255859375	0.488857421875	0.48283203125	0.4780859375	0.484287109375	0.481962890625	0.46787109375	0.48166015625	0.478154296875	0.465556640625	0.46228515625
0.000546875	0.063212890625	0.178154296875	0.25908203125	0.30400390625	0.337197265625	0.362529296875	0.390380859375	0.405810546875	0.4269921875	0.437412109375	0.447626953125	0.45220703125	0.46046875	0.458173828125	0.470400390625	0.472666015625	0.471005859375	0.4782421875	0.476162109375	0.46015625	0.466982421875	0.470751953125	0.467890625	0.4744921875	0.471474609375	0.4737890625	0.47705078125	0.478935546875	0.48095703125	0.481650390625	0.47662109375	0.481240234375	0.472861328125	0.476796875	0.48109375	0.48580078125	0.4825390625	0.47212890625	0.47375	0.458671875
0.00041015625	0.050244140625	0.1796875	0.245224609375	0.305126953125	0.33900390625	0.366123046875	0.388115234375	0.407314453125	0.4241015625	0.438232421875	0.450537109375	0.458251953125	0.457890625	0.460830078125	0.458837890625	0.458583984375	0.45841796875	0.466328125	0.449873046875	0.461884765625	0.47390625	0.462685546875	0.47486328125	0.474453125	0.4723046875	0.48052734375	0.482197265625	0.48462890625	0.489228515625	0.481005859375	0.480478515625	0.484306640625	0.48693359375	0.478310546875	0.4834765625	0.482138671875	0.48185546875	0.472470703125	0.4782421875	0.457421875
0.00046875	0.049482421875	0.178125	0.25765625	0.301181640625	0.335185546875	0.363955078125	0.387451171875	0.4079296875	0.4216015625	0.43505859375	0.45	0.45673828125	0.456572265625	0.46357421875	0.46806640625	0.460439453125	0.453583984375	0.454423828125	0.466474609375	0.45984375	0.47302734375	0.475810546875	0.467255859375	0.475537109375	0.477041015625	0.478662109375	0.479501953125	0.47482421875	0.482958984375	0.482578125	0.480498046875	0.4832421875	0.4807421875	0.48271484375	0.4749609375	0.4859375	0.47759765625	0.484619140625	0.476943359375	0.471572265625
0.000439453125	0.03935546875	0.1508203125	0.240625	0.289189453125	0.319697265625	0.34806640625	0.369013671875	0.38720703125	0.402001953125	0.417275390625	0.425	0.43228515625	0.441572265625	0.4316796875	0.449169921875	0.444736328125	0.4453515625	0.454375	0.44740234375	0.4519921875	0.455791015625	0.45828125	0.462412109375	0.45255859375	0.467568359375	0.459482421875	0.4599609375	0.4599609375	0.460166015625	0.469453125	0.46865234375	0.454609375	0.45998046875	0.459443359375	0.459326171875	0.45755859375	0.451748046875	0.456533203125	0.45638671875	0.45455078125
0.000458984375	0.040595703125	0.161005859375	0.248662109375	0.291728515625	0.324814453125	0.34880859375	0.3718359375	0.392900390625	0.40958984375	0.422119140625	0.434482421875	0.43439453125	0.45111328125	0.45203125	0.45158203125	0.446728515625	0.4526953125	0.45623046875	0.454013671875	0.460595703125	0.458046875	0.4639453125	0.46224609375	0.4662109375	0.4624609375	0.46978515625	0.4697265625	0.472548828125	0.4678515625	0.4689453125	0.468193359375	0.472890625	0.456005859375	0.459345703125	0.456484375	0.45912109375	0.465625	0.45859375	0.462724609375	0.450546875
0.000400390625	0.056240234375	0.175654296875	0.23701171875	0.288671875	0.323154296875	0.34830078125	0.3715234375	0.3919140625	0.407392578125	0.42123046875	0.429833984375	0.43818359375	0.441591796875	0.44173828125	0.4423828125	0.450859375	0.454384765625	0.450927734375	0.4598828125	0.455458984375	0.453798828125	0.46193359375	0.462783203125	0.461474609375	0.47146484375	0.472783203125	0.464892578125	0.467666015625	0.466865234375	0.463359375	0.467744140625	0.46640625	0.45626953125	0.468974609375	0.47193359375	0.466396484375	0.46021484375	0.465068359375	0.46703125	0.442978515625
0.000380859375	0.067373046875	0.18306640625	0.244580078125	0.276669921875	0.318916015625	0.34052734375	0.362734375	0.3844921875	0.397841796875	0.413359375	0.427470703125	0.42529296875	0.43521484375	0.443935546875	0.44359375	0.450302734375	0.4390234375	0.44912109375	0.445078125	0.445625	0.45900390625	0.462705078125	0.461337890625	0.45884765625	0.458818359375	0.46037109375	0.460751953125	0.459072265625	0.466591796875	0.46162109375	0.4585546875	0.46078125	0.46515625	0.46265625	0.465712890625	0.459892578125	0.463310546875	0.446865234375	0.4503515625	0.45224609375
0.00041015625	0.06087890625	0.16998046875	0.248515625	0.28630859375	0.3137890625	0.340888671875	0.362255859375	0.379111328125	0.396640625	0.41333984375	0.422470703125	0.429150390625	0.441748046875	0.43646484375	0.454736328125	0.439091796875	0.447705078125	0.4500390625	0.457431640625	0.4474609375	0.455654296875	0.45318359375	0.45736328125	0.46193359375	0.457333984375	0.465146484375	0.460419921875	0.463017578125	0.466328125	0.4584375	0.464921875	0.459736328125	0.465546875	0.458720703125	0.464541015625	0.459228515625	0.46703125	0.45408203125	0.468603515625	0.453681640625
0.00046875	0.060537109375	0.166298828125	0.243935546875	0.27185546875	0.312177734375	0.33791015625	0.359267578125	0.375771484375	0.395185546875	0.4073046875	0.419638671875	0.427138671875	0.432861328125	0.43423828125	0.438271484375	0.446845703125	0.44919921875	0.45224609375	0.443955078125	0.4527734375	0.44537109375	0.457734375	0.4601171875	0.46125	0.45796875	0.456025390625	0.457001953125	0.456904296875	0.469921875	0.460166015625	0.466533203125	0.460537109375	0.455244140625	0.460302734375	0.462880859375	0.44908203125	0.4505859375	0.446318359375	0.44572265625	0.452880859375
0.00044921875	0.063837890625	0.16029296875	0.233798828125	0.280791015625	0.310947265625	0.33578125	0.354462890625	0.373330078125	0.389775390625	0.4044140625	0.41294921875	0.4283984375	0.43671875	0.43560546875	0.442041015625	0.444033203125	0.440185546875	0.43830078125	0.44751953125	0.45912109375	0.44580078125	0.454970703125	0.448369140625	0.454208984375	0.45830078125	0.455419921875	0.46099609375	0.4615625	0.460595703125	0.458916015625	0.463388671875	0.45921875	0.452998046875	0.457626953125	0.449169921875	0.455966796875	0.457578125	0.460869140625	0.45740234375	0.46875
0.0003515625	0.051884765625	0.174443359375	0.223232421875	0.273046875	0.298154296875	0.323583984375	0.3448046875	0.359794921875	0.375810546875	0.39029296875	0.40501953125	0.4108203125	0.421748046875	0.422763671875	0.42361328125	0.432939453125	0.43072265625	0.444853515625	0.438740234375	0.4472265625	0.445302734375	0.45005859375	0.44701171875	0.448203125	0.45681640625	0.45927734375	0.4584375	0.46400390625	0.46572265625	0.4564453125	0.465625	0.453310546875	0.455361328125	0.4603515625	0.46169921875	0.4666796875	0.46271484375	0.462890625	0.455380859375	0.458681640625
0.000478515625	0.046279296875	0.13337890625	0.221533203125	0.257822265625	0.3005859375	0.322119140625	0.339345703125	0.35619140625	0.370595703125	0.38947265625	0.397470703125	0.41068359375	0.418623046875	0.422978515625	0.42615234375	0.43150390625	0.43755859375	0.4364453125	0.44603515625	0.44498046875	0.447109375	0.446904296875	0.462626953125	0.454326171875	0.452763671875	0.454599609375	0.4578515625	0.459453125	0.46072265625	0.45890625	0.461728515625	0.4564453125	0.465390625	0.453359375	0.45921875	0.466572265625	0.46966796875	0.47271484375	0.471103515625	0.4475
0.000361328125	0.049443359375	0.162412109375	0.219404296875	0.269375	0.29599609375	0.3205859375	0.33998046875	0.356328125	0.374833984375	0.387451171875	0.400244140625	0.4048046875	0.418701171875	0.41810546875	0.429462890625	0.428017578125	0.445439453125	0.442890625	0.442099609375	0.44353515625	0.452841796875	0.453935546875	0.448603515625	0.450556640625	0.456650390625	0.45796875	0.451640625	0.4581640625	0.4630078125	0.45515625	0.464248046875	0.456787109375	0.4605078125	0.464384765625	0.4559375	0.45357421875	0.461865234375	0.4666796875	0.45560546875	0.447333984375
0.00041015625	0.053876953125	0.157490234375	0.2223046875	0.256611328125	0.28755859375	0.31009765625	0.32365234375	0.343427734375	0.357861328125	0.372421875	0.382236328125	0.39361328125	0.40556640625	0.40513671875	0.407587890625	0.415400390625	0.426376953125	0.428369140625	0.425576171875	0.43720703125	0.428662109375	0.44330078125	0.44046875	0.4396875	0.450888671875	0.4386328125	0.44732421875	0.443349609375	0.45392578125	0.450546875	0.44392578125	0.442333984375	0.45400390625	0.445478515625	0.447841796875	0.45271484375	0.447802734375	0.453671875	0.44548828125	0.439208984375
0.00041015625	0.071201171875	0.158115234375	0.21169921875	0.25845703125	0.2853125	0.307919921875	0.32912109375	0.341611328125	0.35771484375	0.375322265625	0.384287109375	0.395869140625	0.404443359375	0.41076171875	0.42453125	0.423291015625	0.43244140625	0.4413671875	0.45060546875	0.447197265625	0.45275390625	0.456923828125	0.459619140625	0.467421875	0.4642578125	0.47224609375	0.47138671875	0.48173828125	0.47513671875	0.475927734375	0.48365234375	0.48451171875	0.4827734375	0.4913671875	0.483564453125	0.483056640625	0.4870703125	0.4880859375	0.49041015625	0.48333984375
0.000419921875	0.041904296875	0.1530859375	0.212919921875	0.2594921875	0.286103515625	0.308056640625	0.326044921875	0.345146484375	0.354306640625	0.372080078125	0.38201171875	0.39525390625	0.399296875	0.41443359375	0.41701171875	0.432158203125	0.438583984375	0.439599609375	0.442353515625	0.445068359375	0.452080078125	0.456005859375	0.456396484375	0.462763671875	0.46578125	0.470703125	0.472470703125	0.470068359375	0.47650390625	0.478203125	0.476435546875	0.478984375	0.477783203125	0.483564453125	0.477744140625	0.48630859375	0.48755859375	0.4909375	0.48884765625	0.4864453125
0.00041015625	0.040283203125	0.14724609375	0.222060546875	0.25818359375	0.2888671875	0.30509765625	0.325166015625	0.346357421875	0.354169921875	0.376201171875	0.38294921875	0.3953125	0.406962890625	0.41412109375	0.422216796875	0.4285546875	0.43974609375	0.441904296875	0.44810546875	0.45259765625	0.4529296875	0.454423828125	0.454091796875	0.463544921875	0.467021484375	0.468046875	0.472822265625	0.474970703125	0.47625	0.485439453125	0.47888671875	0.48208984375	0.48330078125	0.4873828125	0.485654296875	0.484951171875	0.49232421875	0.4873828125	0.48376953125	0.487724609375
0.00041015625	0.057412109375	0.158662109375	0.22333984375	0.25716796875	0.28470703125	0.310126953125	0.327333984375	0.340810546875	0.35806640625	0.366640625	0.383056640625	0.39501953125	0.408076171875	0.41662109375	0.419833984375	0.4287890625	0.43453125	0.43853515625	0.44251953125	0.449619140625	0.456474609375	0.460146484375	0.457041015625	0.47044921875	0.46798828125	0.46822265625	0.472607421875	0.477529296875	0.4784375	0.477958984375	0.479130859375	0.474951171875	0.4878515625	0.486416015625	0.493369140625	0.4844140625	0.482353515625	0.493759765625	0.488505859375	0.48990234375
0.00048828125	0.0419140625	0.161357421875	0.208173828125	0.257275390625	0.281943359375	0.30564453125	0.322900390625	0.342666015625	0.35720703125	0.36767578125	0.38072265625	0.3910546875	0.40201171875	0.41205078125	0.418935546875	0.421513671875	0.430859375	0.43466796875	0.44123046875	0.450517578125	0.45248046875	0.461826171875	0.45904296875	0.467783203125	0.47115234375	0.472412109375	0.475947265625	0.47982421875	0.476318359375	0.471064453125	0.482431640625	0.490693359375	0.486181640625	0.48880859375	0.487607421875	0.483984375	0.4848828125	0.49259765625	0.488916015625	0.488388671875
0.00048828125	0.052216796875	0.16068359375	0.2180859375	0.25845703125	0.285244140625	0.309169921875	0.32591796875	0.34271484375	0.3549609375	0.369970703125	0.3830078125	0.39068359375	0.406181640625	0.4153125	0.421591796875	0.423681640625	0.434619140625	0.44580078125	0.443779296875	0.4522265625	0.4541796875	0.454921875	0.464345703125	0.474638671875	0.470205078125	0.473251953125	0.47220703125	0.472919921875	0.4759375	0.477919921875	0.482490234375	0.484541015625	0.48294921875	0.493359375	0.486796875	0.495439453125	0.484228515625	0.4863671875	0.487587890625	0.496630859375
0.000419921875	0.051337890625	0.158349609375	0.220439453125	0.2594921875	0.284658203125	0.306171875	0.32630859375	0.3430078125	0.354833984375	0.369052734375	0.380927734375	0.394365234375	0.40720703125	0.4141015625	0.42298828125	0.42798828125	0.43625	0.441396484375	0.44673828125	0.45400390625	0.454853515625	0.459150390625	0.465419921875	0.46603515625	0.4693359375	0.47083984375	0.472490234375	0.47453125	0.47802734375	0.48005859375	0.481904296875	0.487451171875	0.490419921875	0.48482421875	0.492978515625	0.490244140625	0.489453125	0.493603515625	0.490947265625	0.49234375
0.000419921875	0.032607421875	0.136025390625	0.210263671875	0.25669921875	0.28546875	0.30634765625	0.32845703125	0.347734375	0.353935546875	0.36853515625	0.381044921875	0.3974609375	0.402919921875	0.41431640625	0.421875	0.428427734375	0.43328125	0.439296875	0.4453515625	0.457841796875	0.450791015625	0.45775390625	0.4641015625	0.474130859375	0.471748046875	0.474267578125	0.47267578125	0.480615234375	0.479677734375	0.481962890625	0.479658203125	0.484580078125	0.48978515625	0.489384765625	0.490634765625	0.490791015625	0.48583984375	0.488056640625	0.4923046875	0.49720703125
0.00044921875	0.056689453125	0.149970703125	0.218701171875	0.257333984375	0.285927734375	0.308232421875	0.322373046875	0.34287109375	0.3590234375	0.3711328125	0.3835546875	0.39271484375	0.403759765625	0.414853515625	0.414677734375	0.432490234375	0.43451171875	0.446787109375	0.44572265625	0.453037109375	0.45705078125	0.456796875	0.465078125	0.468515625	0.468759765625	0.4728125	0.476806640625	0.480576171875	0.4771875	0.484912109375	0.483662109375	0.48611328125	0.487197265625	0.49404296875	0.485771484375	0.486904296875	0.49498046875	0.484873046875	0.493701171875	0.486142578125
0.0004296875	0.06119140625	0.13728515625	0.196259765625	0.2365234375	0.261708984375	0.285908203125	0.302119140625	0.3186328125	0.331298828125	0.34095703125	0.352333984375	0.3591015625	0.370654296875	0.3821875	0.38744140625	0.396396484375	0.404619140625	0.40837890625	0.417041015625	0.420849609375	0.418583984375	0.436328125	0.434814453125	0.43927734375	0.444638671875	0.44341796875	0.444677734375	0.451591796875	0.45619140625	0.460478515625	0.458212890625	0.458798828125	0.458125	0.46673828125	0.464677734375	0.46474609375	0.464052734375	0.469873046875	0.469296875	0.476787109375
