0.0009765625	0.112236328125	0.381982421875	0.429658203125	0.4536328125	0.474765625	0.493115234375	0.512666015625	0.525	0.538759765625	0.552724609375	0.563115234375	0.573017578125	0.584609375	0.592685546875	0.60123046875	0.6091015625	0.617333984375	0.6234765625	0.631748046875	0.637763671875	0.646552734375	0.65103515625	0.65798828125	0.66240234375	0.667734375	0.67435546875	0.6825	0.6863671875	0.688271484375	0.69935546875	0.7040625	0.701416015625	0.70244140625	0.703427734375	0.710341796875	0.70974609375	0.706123046875	0.696923828125	0.709755859375	0.71529296875
0.0009765625	0.127470703125	0.496318359375	0.580751953125	0.574169921875	0.571337890625	0.571484375	0.58146484375	0.589111328125	0.5956640625	0.6053515625	0.613974609375	0.61896484375	0.629052734375	0.63392578125	0.64345703125	0.6490625	0.655185546875	0.6621484375	0.667724609375	0.674541015625	0.67869140625	0.687939453125	0.690732421875	0.699072265625	0.7033203125	0.7101171875	0.711298828125	0.71806640625	0.72318359375	0.722080078125	0.728779296875	0.73296875	0.7362890625	0.730615234375	0.731728515625	0.744697265625	0.73810546875	0.741005859375	0.733232421875	0.734765625
0.0009765625	0.151953125	0.500869140625	0.57392578125	0.589541015625	0.58291015625	0.587578125	0.59404296875	0.600537109375	0.606298828125	0.6169921875	0.623759765625	0.630859375	0.639853515625	0.645439453125	0.65125	0.661015625	0.664375	0.672119140625	0.677734375	0.6811328125	0.688974609375	0.69630859375	0.700205078125	0.70662109375	0.70951171875	0.715888671875	0.720498046875	0.725458984375	0.7266796875	0.7349609375	0.739521484375	0.739501953125	0.744326171875	0.75322265625	0.750380859375	0.7496484375	0.74685546875	0.75125	0.742099609375	0.7521484375
0.0009765625	0.151142578125	0.499775390625	0.56408203125	0.572177734375	0.569453125	0.57109375	0.579716796875	0.588701171875	0.595029296875	0.60380859375	0.61189453125	0.618701171875	0.627919921875	0.634208984375	0.641494140625	0.6498046875	0.655244140625	0.659462890625	0.665927734375	0.6726171875	0.6816796875	0.684873046875	0.690986328125	0.69595703125	0.706005859375	0.70859375	0.71490234375	0.716318359375	0.726123046875	0.724599609375	0.729736328125	0.736640625	0.733125	0.748271484375	0.743154296875	0.7408203125	0.732880859375	0.738154296875	0.740302734375	0.74271484375
0.0009765625	0.1162890625	0.47794921875	0.5853125	0.573935546875	0.571015625	0.573974609375	0.579423828125	0.590859375	0.596318359375	0.605419921875	0.61447265625	0.620927734375	0.62755859375	0.636875	0.642763671875	0.65056640625	0.65408203125	0.6612109375	0.668154296875	0.67453125	0.6798828125	0.683974609375	0.692578125	0.6956640625	0.702021484375	0.702998046875	0.7121484375	0.715380859375	0.722880859375	0.727109375	0.72994140625	0.738408203125	0.734169921875	0.732392578125	0.736669921875	0.73677734375	0.74587890625	0.727216796875	0.7383203125	0.737568359375
0.0009765625	0.17666015625	0.408818359375	0.58232421875	0.572265625	0.56984375	0.57271484375	0.57791015625	0.5869921875	0.593759765625	0.60275390625	0.6105859375	0.61978515625	0.62591796875	0.634951171875	0.640283203125	0.646025390625	0.6544921875	0.660830078125	0.66724609375	0.6713671875	0.677919921875	0.684755859375	0.688310546875	0.6923828125	0.701064453125	0.704404296875	0.71236328125	0.72060546875	0.71689453125	0.726435546875	0.73193359375	0.725615234375	0.736513671875	0.732158203125	0.75298828125	0.729326171875	0.73783203125	0.73736328125	0.7361328125	0.74916015625
0.0009765625	0.129404296875	0.484111328125	0.5777734375	0.5834765625	0.57505859375	0.576044921875	0.582626953125	0.588369140625	0.59478515625	0.602841796875	0.612978515625	0.61939453125	0.625693359375	0.6359765625	0.64099609375	0.64830078125	0.656396484375	0.66044921875	0.667138671875	0.6697265625	0.67806640625	0.682265625	0.69388671875	0.696103515625	0.69947265625	0.703271484375	0.715234375	0.71591796875	0.727392578125	0.723798828125	0.729443359375	0.725048828125	0.740361328125	0.727275390625	0.73392578125	0.73634765625	0.739658203125	0.738876953125	0.741484375	0.73791015625
0.0009765625	0.15087890625	0.501669921875	0.6076171875	0.610283203125	0.596474609375	0.593955078125	0.597021484375	0.601982421875	0.60841796875	0.61505859375	0.622646484375	0.630625	0.6371484375	0.643046875	0.650576171875	0.6576953125	0.6618359375	0.666923828125	0.672177734375	0.681015625	0.684794921875	0.6912890625	0.695341796875	0.69798828125	0.707001953125	0.712548828125	0.71654296875	0.71955078125	0.724716796875	0.729599609375	0.74138671875	0.740869140625	0.748037109375	0.741591796875	0.759111328125	0.743505859375	0.74859375	0.742548828125	0.746943359375	0.75337890625
0.0009765625	0.182578125	0.462314453125	0.631513671875	0.57765625	0.58326171875	0.58017578125	0.58384765625	0.58943359375	0.594677734375	0.603642578125	0.61259765625	0.616650390625	0.62609375	0.632841796875	0.63833984375	0.64529296875	0.65419921875	0.657177734375	0.663056640625	0.67138671875	0.6762109375	0.681650390625	0.68162109375	0.6898828125	0.69904296875	0.704150390625	0.708125	0.717236328125	0.722763671875	0.718681640625	0.722958984375	0.734140625	0.730283203125	0.7379296875	0.7305859375	0.732392578125	0.737763671875	0.72962890625	0.7483203125	0.74099609375
0.0009765625	0.116826171875	0.490537109375	0.63544921875	0.6091015625	0.5866015625	0.583818359375	0.5856640625	0.588486328125	0.59564453125	0.603046875	0.61201171875	0.61771484375	0.623388671875	0.6287890625	0.638134765625	0.6451953125	0.650263671875	0.654931640625	0.663623046875	0.6709375	0.676708984375	0.678681640625	0.680546875	0.69037109375	0.697373046875	0.6984765625	0.70658203125	0.71455078125	0.716337890625	0.727119140625	0.72490234375	0.733759765625	0.732421875	0.744365234375	0.7362890625	0.727041015625	0.726748046875	0.738388671875	0.739287109375	0.739765625
0.0009765625	0.118271484375	0.5101953125	0.6094921875	0.60302734375	0.58021484375	0.576796875	0.55408203125	0.5854296875	0.589169921875	0.595908203125	0.60404296875	0.61244140625	0.6184765625	0.623974609375	0.632412109375	0.6375390625	0.643720703125	0.649677734375	0.655048828125	0.663515625	0.667548828125	0.673251953125	0.676484375	0.683115234375	0.688642578125	0.698388671875	0.69423828125	0.70912109375	0.714150390625	0.7166796875	0.71828125	0.7309375	0.728544921875	0.729365234375	0.7223828125	0.74970703125	0.73310546875	0.723681640625	0.72787109375	0.737119140625
0.0009765625	0.108427734375	0.488994140625	0.6696875	0.664365234375	0.62685546875	0.597001953125	0.592666015625	0.5927734375	0.593876953125	0.60197265625	0.6054296875	0.613037109375	0.62248046875	0.62724609375	0.633623046875	0.642080078125	0.646748046875	0.65318359375	0.65931640625	0.661103515625	0.6666796875	0.674833984375	0.680048828125	0.686796875	0.68953125	0.698291015625	0.70521484375	0.7127734375	0.714677734375	0.72240234375	0.71875	0.723046875	0.72859375	0.73189453125	0.7326953125	0.728603515625	0.72669921875	0.73771484375	0.72822265625	0.74037109375
0.0009765625	0.04126953125	0.50958984375	0.690751953125	0.69328125	0.665419921875	0.631455078125	0.61380859375	0.611103515625	0.611708984375	0.6155078125	0.62052734375	0.626298828125	0.631474609375	0.639072265625	0.645068359375	0.649775390625	0.655556640625	0.662099609375	0.66685546875	0.67310546875	0.675673828125	0.68638671875	0.68923828125	0.69208984375	0.705595703125	0.705087890625	0.70791015625	0.717607421875	0.724736328125	0.72103515625	0.73271484375	0.73669921875	0.73302734375	0.72861328125	0.73201171875	0.744794921875	0.73056640625	0.748828125	0.73892578125	0.73599609375
0.0009765625	0.10453125	0.4933203125	0.657978515625	0.6985546875	0.663935546875	0.63595703125	0.61484375	0.59974609375	0.603125	0.601611328125	0.605859375	0.610400390625	0.618720703125	0.624423828125	0.6289453125	0.63693359375	0.641982421875	0.648017578125	0.65373046875	0.66177734375	0.6634765625	0.669921875	0.674892578125	0.6826953125	0.68822265625	0.69689453125	0.70208984375	0.706103515625	0.713759765625	0.717099609375	0.719541015625	0.717763671875	0.728486328125	0.7191796875	0.72962890625	0.725	0.71580078125	0.73712890625	0.731123046875	0.7344140625
0.0009765625	0.14166015625	0.518095703125	0.63466796875	0.69904296875	0.67853515625	0.6417578125	0.62361328125	0.607294921875	0.6021484375	0.604365234375	0.608369140625	0.611865234375	0.618173828125	0.626181640625	0.629833984375	0.634169921875	0.642099609375	0.647666015625	0.65384765625	0.6601171875	0.665478515625	0.67150390625	0.673193359375	0.68232421875	0.69111328125	0.693798828125	0.7022265625	0.70126953125	0.71654296875	0.709462890625	0.721650390625	0.719638671875	0.724140625	0.718095703125	0.73505859375	0.725263671875	0.72994140625	0.72107421875	0.738095703125	0.738349609375
0.0009765625	0.16005859375	0.5629296875	0.682548828125	0.704150390625	0.674892578125	0.63974609375	0.627119140625	0.60783203125	0.60255859375	0.59576171875	0.59865234375	0.600146484375	0.609814453125	0.612578125	0.623154296875	0.627548828125	0.6310546875	0.63669921875	0.645107421875	0.653076171875	0.6586328125	0.663212890625	0.669404296875	0.67482421875	0.67791015625	0.688173828125	0.693037109375	0.699677734375	0.70326171875	0.69818359375	0.705498046875	0.711005859375	0.7020703125	0.7170703125	0.711767578125	0.714697265625	0.72544921875	0.7124609375	0.72791015625	0.709189453125
0.0009765625	0.1633203125	0.49498046875	0.69591796875	0.689375	0.70115234375	0.684423828125	0.66203125	0.64587890625	0.62623046875	0.6285546875	0.6248828125	0.619150390625	0.62134765625	0.622607421875	0.626162109375	0.6264453125	0.6316015625	0.6371484375	0.643876953125	0.648037109375	0.653720703125	0.658349609375	0.666630859375	0.672236328125	0.674248046875	0.6825	0.6876171875	0.69060546875	0.704921875	0.70146484375	0.703056640625	0.714814453125	0.70478515625	0.722236328125	0.71796875	0.71951171875	0.708896484375	0.723095703125	0.718994140625	0.722841796875
0.0009765625	0.146728515625	0.537744140625	0.702490234375	0.75158203125	0.7655078125	0.769033203125	0.778056640625	0.777587890625	0.78279296875	0.78767578125	0.789111328125	0.786123046875	0.79359375	0.794599609375	0.79013671875	0.79748046875	0.79923828125	0.7991796875	0.799326171875	0.790859375	0.79515625	0.801611328125	0.794150390625	0.798134765625	0.80189453125	0.802734375	0.799404296875	0.798779296875	0.811455078125	0.80142578125	0.795263671875	0.804423828125	0.80048828125	0.801826171875	0.79404296875	0.78390625	0.78984375	0.792998046875	0.797470703125	0.792822265625
0.0009765625	0.159130859375	0.46744140625	0.706650390625	0.756259765625	0.76890625	0.773515625	0.779833984375	0.784296875	0.789677734375	0.78990234375	0.795849609375	0.7980078125	0.8021484375	0.801455078125	0.803994140625	0.8048828125	0.802490234375	0.809208984375	0.806484375	0.812529296875	0.812021484375	0.8135546875	0.815341796875	0.810419921875	0.817216796875	0.804296875	0.804541015625	0.812001953125	0.804501953125	0.809580078125	0.800732421875	0.816640625	0.810068359375	0.80400390625	0.809990234375	0.800322265625	0.805771484375	0.8083984375	0.803076171875	0.807060546875
0.0009765625	0.13119140625	0.5634765625	0.698369140625	0.755693359375	0.7759765625	0.7734765625	0.7828125	0.7887890625	0.791396484375	0.79759765625	0.80345703125	0.804736328125	0.807763671875	0.810888671875	0.8084375	0.805439453125	0.809775390625	0.81271484375	0.813076171875	0.815693359375	0.8094140625	0.820498046875	0.815439453125	0.813818359375	0.813828125	0.81541015625	0.81306640625	0.813779296875	0.82283203125	0.816611328125	0.81818359375	0.807216796875	0.815107421875	0.80890625	0.81283203125	0.81521484375	0.811767578125	0.802822265625	0.8065234375	0.812373046875
0.0009765625	0.13087890625	0.535302734375	0.668076171875	0.743974609375	0.7622265625	0.767705078125	0.77537109375	0.782275390625	0.789208984375	0.791025390625	0.79337890625	0.800634765625	0.80005859375	0.801337890625	0.80314453125	0.80939453125	0.80681640625	0.8094921875	0.810888671875	0.810869140625	0.812001953125	0.813583984375	0.807138671875	0.81109375	0.81150390625	0.810908203125	0.80625	0.804521484375	0.810380859375	0.80611328125	0.80130859375	0.807275390625	0.795244140625	0.80662109375	0.8001171875	0.80294921875	0.80361328125	0.81072265625	0.79720703125	0.8093359375
0.0009765625	0.16564453125	0.470859375	0.7025390625	0.76560546875	0.79318359375	0.81478515625	0.82955078125	0.84052734375	0.851611328125	0.858525390625	0.868837890625	0.87552734375	0.8821875	0.88580078125	0.88943359375	0.89390625	0.8972265625	0.902109375	0.904990234375	0.90611328125	0.9086328125	0.910634765625	0.911494140625	0.9144140625	0.914306640625	0.91763671875	0.91892578125	0.92029296875	0.920029296875	0.920703125	0.9238671875	0.923447265625	0.924052734375	0.924580078125	0.924912109375	0.9277734375	0.92771484375	0.929541015625	0.929912109375	0.930390625
0.0009765625	0.128671875	0.439345703125	0.67564453125	0.765478515625	0.798193359375	0.818740234375	0.835078125	0.845078125	0.8567578125	0.864921875	0.87421875	0.878349609375	0.88556640625	0.88763671875	0.895166015625	0.89578125	0.899189453125	0.902421875	0.908251953125	0.90908203125	0.910791015625	0.913173828125	0.917412109375	0.918798828125	0.918955078125	0.920654296875	0.92326171875	0.924521484375	0.925029296875	0.925458984375	0.92751953125	0.928115234375	0.93021484375	0.929169921875	0.93146484375	0.932275390625	0.93349609375	0.932529296875	0.93435546875	0.935908203125
0.0009765625	0.158818359375	0.532060546875	0.6996484375	0.765888671875	0.80265625	0.824814453125	0.838466796875	0.851748046875	0.86181640625	0.87255859375	0.87880859375	0.886484375	0.89119140625	0.897548828125	0.898701171875	0.90328125	0.9069921875	0.9102734375	0.913974609375	0.91453125	0.917431640625	0.91875	0.923251953125	0.924873046875	0.92552734375	0.927861328125	0.92884765625	0.92818359375	0.93044921875	0.930048828125	0.9325	0.934736328125	0.93466796875	0.93685546875	0.9370703125	0.93705078125	0.93822265625	0.939580078125	0.94087890625	0.9409765625
0.0009765625	0.13921875	0.49037109375	0.67470703125	0.7333984375	0.80427734375	0.82474609375	0.840869140625	0.852314453125	0.86583984375	0.8738671875	0.877734375	0.8870703125	0.893095703125	0.89716796875	0.90083984375	0.90451171875	0.90943359375	0.9105859375	0.9138671875	0.91603515625	0.9190625	0.9230078125	0.922275390625	0.926376953125	0.92724609375	0.928349609375	0.931162109375	0.929990234375	0.9300390625	0.932470703125	0.935732421875	0.934345703125	0.937705078125	0.9371875	0.937685546875	0.9392578125	0.938359375	0.9405859375	0.94064453125	0.944228515625
0.0009765625	0.143876953125	0.531396484375	0.698837890625	0.732900390625	0.801416015625	0.825107421875	0.842587890625	0.85392578125	0.8678125	0.87341796875	0.881669921875	0.888408203125	0.894267578125	0.899072265625	0.905	0.906396484375	0.91095703125	0.913740234375	0.91623046875	0.91966796875	0.92005859375	0.924541015625	0.92548828125	0.927294921875	0.930517578125	0.9313671875	0.933779296875	0.93373046875	0.936982421875	0.935224609375	0.935859375	0.937001953125	0.93794921875	0.94068359375	0.941171875	0.942783203125	0.94171875	0.942275390625	0.943720703125	0.9440234375
0.0009765625	0.1173046875	0.4454296875	0.6687890625	0.764853515625	0.803740234375	0.79529296875	0.84650390625	0.861708984375	0.870400390625	0.878984375	0.888896484375	0.8937109375	0.900634765625	0.905732421875	0.9091796875	0.91298828125	0.916533203125	0.919619140625	0.921728515625	0.926533203125	0.928291015625	0.928955078125	0.93185546875	0.931884765625	0.935537109375	0.935576171875	0.93818359375	0.9385546875	0.940400390625	0.941748046875	0.942587890625	0.94427734375	0.9437890625	0.947158203125	0.946689453125	0.94806640625	0.949580078125	0.9485546875	0.951171875	0.95146484375
0.0009765625	0.13326171875	0.522021484375	0.658681640625	0.75677734375	0.79970703125	0.83025390625	0.85013671875	0.8659375	0.880693359375	0.889013671875	0.898681640625	0.9078125	0.9126171875	0.918603515625	0.921005859375	0.927109375	0.929228515625	0.93279296875	0.937685546875	0.93966796875	0.94271484375	0.943232421875	0.945361328125	0.9471484375	0.948759765625	0.950771484375	0.952607421875	0.95177734375	0.955390625	0.9558984375	0.9572265625	0.958662109375	0.95955078125	0.960908203125	0.960146484375	0.96224609375	0.96392578125	0.9653515625	0.965693359375	0.965498046875
0.0009765625	0.13689453125	0.459833984375	0.6843359375	0.752939453125	0.798291015625	0.830634765625	0.85095703125	0.867705078125	0.8794140625	0.89169921875	0.901591796875	0.909111328125	0.91677734375	0.91912109375	0.926650390625	0.931416015625	0.932919921875	0.936123046875	0.940732421875	0.942392578125	0.944306640625	0.946640625	0.950048828125	0.9496484375	0.951298828125	0.95427734375	0.95634765625	0.95671875	0.95869140625	0.9590625	0.960810546875	0.9627734375	0.961171875	0.9641796875	0.963662109375	0.966240234375	0.966005859375	0.966103515625	0.96720703125	0.967275390625
0.0009765625	0.12001953125	0.5001953125	0.6808984375	0.752568359375	0.798447265625	0.82865234375	0.850791015625	0.86771484375	0.882744140625	0.893798828125	0.90220703125	0.909599609375	0.9148046875	0.921787109375	0.924658203125	0.93048828125	0.934228515625	0.936884765625	0.940419921875	0.942265625	0.946650390625	0.949375	0.9496484375	0.95087890625	0.952294921875	0.953046875	0.95671875	0.95751953125	0.958701171875	0.95990234375	0.960615234375	0.963115234375	0.96267578125	0.963896484375	0.9655078125	0.967216796875	0.96693359375	0.967978515625	0.968671875	0.96904296875
0.0009765625	0.173701171875	0.50875	0.672119140625	0.739619140625	0.789951171875	0.82123046875	0.84248046875	0.859208984375	0.8734375	0.88740234375	0.897177734375	0.90359375	0.910234375	0.91744140625	0.92068359375	0.926328125	0.931162109375	0.93212890625	0.93568359375	0.939462890625	0.939873046875	0.943330078125	0.9448828125	0.947470703125	0.9494921875	0.950966796875	0.953203125	0.954677734375	0.955498046875	0.956943359375	0.957724609375	0.95880859375	0.959658203125	0.96130859375	0.963271484375	0.96421875	0.964326171875	0.96541015625	0.966669921875	0.96673828125
0.0009765625	0.102607421875	0.444619140625	0.66435546875	0.711318359375	0.791162109375	0.822177734375	0.84638671875	0.865888671875	0.882724609375	0.8965234375	0.904765625	0.913603515625	0.920537109375	0.927783203125	0.934130859375	0.9394140625	0.943408203125	0.946708984375	0.95025390625	0.9536328125	0.957353515625	0.96029296875	0.96181640625	0.964833984375	0.966162109375	0.968359375	0.970654296875	0.97251953125	0.97388671875	0.975341796875	0.975283203125	0.977548828125	0.97974609375	0.98025390625	0.981865234375	0.98244140625	0.98359375	0.9839453125	0.985673828125	0.986171875
0.0009765625	0.176787109375	0.44220703125	0.66248046875	0.709658203125	0.789130859375	0.8218359375	0.845966796875	0.86603515625	0.882314453125	0.89224609375	0.906240234375	0.91326171875	0.922216796875	0.92693359375	0.934140625	0.94025390625	0.944404296875	0.947841796875	0.9511328125	0.954365234375	0.956044921875	0.959521484375	0.96177734375	0.965048828125	0.966357421875	0.968447265625	0.97	0.971533203125	0.973671875	0.974931640625	0.976328125	0.97814453125	0.978056640625	0.98021484375	0.98146484375	0.982734375	0.98291015625	0.9841015625	0.984853515625	0.98537109375
0.0009765625	0.1367578125	0.463779296875	0.669443359375	0.70724609375	0.791376953125	0.823427734375	0.84556640625	0.86505859375	0.879619140625	0.895048828125	0.9032421875	0.91427734375	0.92	0.927021484375	0.9344921875	0.939169921875	0.94359375	0.94572265625	0.95078125	0.954794921875	0.95615234375	0.960859375	0.9625	0.9640625	0.9669921875	0.96822265625	0.97064453125	0.972138671875	0.9737109375	0.975166015625	0.97689453125	0.978310546875	0.979326171875	0.980595703125	0.981474609375	0.9821875	0.9838671875	0.984208984375	0.98521484375	0.986552734375
0.0009765625	0.146533203125	0.489228515625	0.666552734375	0.73931640625	0.787802734375	0.8210546875	0.84591796875	0.866123046875	0.882294921875	0.89734375	0.905126953125	0.91380859375	0.9210546875	0.928603515625	0.933193359375	0.9381640625	0.942705078125	0.94736328125	0.9506640625	0.95388671875	0.95810546875	0.959404296875	0.961708984375	0.965087890625	0.966171875	0.969853515625	0.971005859375	0.971474609375	0.973759765625	0.975234375	0.977177734375	0.977822265625	0.978837890625	0.98052734375	0.98125	0.982744140625	0.9832421875	0.984892578125	0.984501953125	0.986279296875
0.0009765625	0.147265625	0.5039453125	0.664306640625	0.74248046875	0.78763671875	0.82333984375	0.84890625	0.866728515625	0.88173828125	0.896103515625	0.903681640625	0.912236328125	0.92185546875	0.9277734375	0.93533203125	0.93966796875	0.944228515625	0.94697265625	0.950791015625	0.9535546875	0.957822265625	0.95951171875	0.962509765625	0.965234375	0.967919921875	0.96783203125	0.970517578125	0.97265625	0.97451171875	0.975107421875	0.97724609375	0.978544921875	0.979404296875	0.981240234375	0.981513671875	0.98169921875	0.98298828125	0.984111328125	0.985068359375	0.98623046875
0.0009765625	0.137841796875	0.438369140625	0.6394140625	0.741484375	0.787958984375	0.8241796875	0.8480859375	0.8673828125	0.877001953125	0.8950390625	0.9043359375	0.91294921875	0.9208203125	0.929755859375	0.9342578125	0.938466796875	0.942216796875	0.9477734375	0.9514453125	0.95453125	0.957880859375	0.960205078125	0.962900390625	0.965107421875	0.966044921875	0.969140625	0.971572265625	0.971826171875	0.973359375	0.974990234375	0.97634765625	0.97802734375	0.97833984375	0.980634765625	0.981552734375	0.98298828125	0.98359375	0.9836328125	0.98525390625	0.985673828125
0.0009765625	0.1154296875	0.421552734375	0.666357421875	0.708486328125	0.791318359375	0.82072265625	0.846669921875	0.86611328125	0.88341796875	0.8939453125	0.906337890625	0.91451171875	0.919423828125	0.92697265625	0.933779296875	0.938935546875	0.9437890625	0.948154296875	0.952529296875	0.95357421875	0.957451171875	0.960185546875	0.96390625	0.9649609375	0.967333984375	0.96880859375	0.97138671875	0.97123046875	0.97470703125	0.97556640625	0.976142578125	0.97814453125	0.9796875	0.980009765625	0.98037109375	0.982236328125	0.983310546875	0.984521484375	0.985068359375	0.98626953125
0.0009765625	0.11869140625	0.481484375	0.66380859375	0.746435546875	0.78908203125	0.822197265625	0.8471484375	0.8655859375	0.881201171875	0.895029296875	0.90412109375	0.91224609375	0.92068359375	0.929248046875	0.9333984375	0.9407421875	0.94216796875	0.947392578125	0.9516796875	0.955126953125	0.95783203125	0.96109375	0.962197265625	0.9647265625	0.96677734375	0.9699609375	0.969990234375	0.97263671875	0.9736328125	0.975537109375	0.977021484375	0.978017578125	0.9794140625	0.979560546875	0.981591796875	0.9825390625	0.98345703125	0.98380859375	0.985263671875	0.9859375
0.0009765625	0.16796875	0.49572265625	0.640732421875	0.7406640625	0.787646484375	0.8228125	0.844296875	0.86578125	0.880927734375	0.895	0.904599609375	0.91404296875	0.921513671875	0.930595703125	0.934267578125	0.93919921875	0.94294921875	0.9464453125	0.951494140625	0.95287109375	0.957421875	0.96041015625	0.96345703125	0.964228515625	0.96716796875	0.96962890625	0.971611328125	0.971181640625	0.9737109375	0.974697265625	0.977001953125	0.97830078125	0.979833984375	0.98009765625	0.9812109375	0.98271484375	0.98361328125	0.9844140625	0.985078125	0.985341796875
0.0009765625	0.135458984375	0.47271484375	0.60291015625	0.7130859375	0.761298828125	0.797939453125	0.8253125	0.846201171875	0.86517578125	0.879375	0.890869140625	0.902431640625	0.908427734375	0.9189453125	0.925	0.92962890625	0.935556640625	0.941279296875	0.94341796875	0.94701171875	0.950791015625	0.95390625	0.95630859375	0.959560546875	0.961357421875	0.963349609375	0.965234375	0.96755859375	0.969912109375	0.97080078125	0.973056640625	0.972919921875	0.974814453125	0.97673828125	0.97763671875	0.97951171875	0.979833984375	0.9804296875	0.98216796875	0.983154296875
