1.0	2.3333333333333335	2.75	3.1666666666666665	5.166666666666667	4.833333333333333	7.833333333333333	10.333333333333334	10.916666666666666	12.333333333333334	11.666666666666666	13.666666666666666	14.666666666666666	13.25	14.75	13.833333333333334	14.5	14.5	16.583333333333332	15.25	14.583333333333334	16.666666666666668	16.0	16.75	17.666666666666668	17.666666666666668	17.583333333333332	17.833333333333332	20.583333333333332	16.75	17.0	19.0	17.083333333333332	18.25	17.5	17.583333333333332	17.083333333333332	17.333333333333332	17.0	19.0	17.75
1.0833333333333333	2.1666666666666665	2.5	3.75	5.75	6.25	9.083333333333334	9.166666666666666	10.583333333333334	12.0	14.666666666666666	14.166666666666666	13.75	13.166666666666666	16.25	14.583333333333334	15.583333333333334	14.583333333333334	15.5	15.083333333333334	15.5	17.5	17.0	16.083333333333332	17.583333333333332	17.583333333333332	17.583333333333332	17.75	17.833333333333332	17.666666666666668	17.75	17.75	17.833333333333332	17.333333333333332	17.416666666666668	18.25	17.666666666666668	17.583333333333332	17.583333333333332	18.666666666666668	18.0
1.0	2.0	2.9166666666666665	3.9166666666666665	5.5	7.416666666666667	8.666666666666666	9.25	12.166666666666666	11.5	12.416666666666666	14.0	12.666666666666666	14.333333333333334	15.416666666666666	14.25	15.083333333333334	15.333333333333334	15.0	15.25	16.5	16.333333333333332	16.25	17.75	17.583333333333332	17.333333333333332	16.75	17.833333333333332	17.666666666666668	16.833333333333332	17.583333333333332	16.916666666666668	17.666666666666668	17.25	18.25	18.333333333333332	16.083333333333332	17.833333333333332	17.583333333333332	17.083333333333332	17.666666666666668
1.0	2.25	2.75	3.25	5.5	6.416666666666667	9.416666666666666	9.25	11.333333333333334	10.416666666666666	13.0	13.666666666666666	13.833333333333334	14.0	14.25	14.166666666666666	14.0	16.166666666666668	15.25	16.583333333333332	16.166666666666668	16.833333333333332	17.0	17.5	16.833333333333332	16.833333333333332	17.166666666666668	17.166666666666668	17.166666666666668	18.166666666666668	17.916666666666668	18.0	17.666666666666668	18.0	17.0	17.833333333333332	17.25	17.916666666666668	17.25	17.833333333333332	16.916666666666668
1.0	1.75	2.3333333333333335	3.5833333333333335	5.666666666666667	6.75	7.75	10.833333333333334	9.833333333333334	12.0	13.666666666666666	12.5	12.166666666666666	12.666666666666666	14.583333333333334	15.333333333333334	14.5	15.25	15.5	16.5	15.5	16.666666666666668	15.333333333333334	16.5	18.083333333333332	16.75	17.833333333333332	18.333333333333332	17.333333333333332	18.25	17.333333333333332	17.166666666666668	18.75	18.416666666666668	17.5	17.916666666666668	15.833333333333334	17.666666666666668	18.833333333333332	16.416666666666668	17.75
1.0	1.6666666666666667	2.4166666666666665	4.25	5.833333333333333	6.166666666666667	9.083333333333334	11.583333333333334	9.833333333333334	13.333333333333334	12.916666666666666	15.083333333333334	13.916666666666666	14.583333333333334	13.083333333333334	15.583333333333334	15.666666666666666	15.333333333333334	15.916666666666666	14.75	16.0	17.916666666666668	16.5	16.416666666666668	17.166666666666668	16.666666666666668	17.083333333333332	19.5	17.833333333333332	18.5	17.75	18.5	18.083333333333332	17.916666666666668	18.5	18.0	15.75	16.666666666666668	16.916666666666668	17.333333333333332	17.916666666666668
1.0	1.4166666666666667	2.9166666666666665	3.5	5.25	7.166666666666667	10.166666666666666	10.666666666666666	12.25	14.583333333333334	15.083333333333334	14.75	14.166666666666666	15.5	14.75	15.666666666666666	15.916666666666666	16.25	14.75	15.5	17.166666666666668	16.75	17.5	18.166666666666668	18.083333333333332	17.75	17.333333333333332	16.0	16.916666666666668	18.166666666666668	17.416666666666668	17.333333333333332	18.25	17.583333333333332	18.333333333333332	17.75	17.583333333333332	18.083333333333332	17.333333333333332	17.333333333333332	19.0
1.0	1.5833333333333333	2.25	3.4166666666666665	4.333333333333333	5.916666666666667	9.833333333333334	12.0	12.833333333333334	11.583333333333334	14.833333333333334	13.666666666666666	14.333333333333334	13.5	14.916666666666666	15.416666666666666	16.5	15.333333333333334	15.75	15.5	16.916666666666668	16.583333333333332	16.0	16.833333333333332	17.666666666666668	17.333333333333332	17.333333333333332	17.916666666666668	17.666666666666668	17.583333333333332	16.916666666666668	19.25	17.5	17.75	16.666666666666668	17.333333333333332	17.166666666666668	17.75	17.5	18.083333333333332	16.75
1.0	1.4166666666666667	2.0	3.1666666666666665	4.5	8.25	8.25	10.25	11.666666666666666	12.166666666666666	15.5	14.083333333333334	14.166666666666666	14.916666666666666	13.0	17.5	14.75	15.166666666666666	14.833333333333334	15.166666666666666	17.833333333333332	17.0	16.916666666666668	17.416666666666668	18.5	18.083333333333332	18.333333333333332	17.416666666666668	17.416666666666668	16.916666666666668	16.5	17.666666666666668	17.083333333333332	18.5	18.25	18.0	17.916666666666668	17.916666666666668	16.083333333333332	17.75	18.083333333333332
1.0	1.25	1.9166666666666667	3.25	4.916666666666667	8.666666666666666	8.916666666666666	10.25	11.75	13.333333333333334	14.333333333333334	13.083333333333334	14.833333333333334	14.75	15.333333333333334	15.666666666666666	16.416666666666668	15.583333333333334	16.916666666666668	16.333333333333332	17.25	16.416666666666668	17.333333333333332	16.416666666666668	17.083333333333332	18.083333333333332	17.333333333333332	18.666666666666668	17.583333333333332	17.75	16.166666666666668	18.0	17.583333333333332	19.5	17.083333333333332	17.083333333333332	16.916666666666668	17.666666666666668	17.666666666666668	17.166666666666668	17.833333333333332
1.0	1.4166666666666667	1.9166666666666667	2.75	4.083333333333333	7.833333333333333	9.5	10.833333333333334	12.666666666666666	13.083333333333334	13.166666666666666	14.0	14.5	14.833333333333334	15.0	14.5	15.416666666666666	17.0	15.583333333333334	16.333333333333332	16.666666666666668	16.583333333333332	16.583333333333332	18.0	16.25	18.0	17.166666666666668	18.0	17.166666666666668	17.75	18.416666666666668	18.5	16.916666666666668	18.166666666666668	18.25	17.5	18.083333333333332	18.25	16.916666666666668	18.916666666666668	18.666666666666668
1.0	1.5	2.0833333333333335	4.25	5.333333333333333	7.583333333333333	10.416666666666666	10.75	10.333333333333334	14.166666666666666	14.166666666666666	14.25	15.833333333333334	14.833333333333334	15.833333333333334	16.0	15.416666666666666	15.916666666666666	16.0	16.5	16.583333333333332	17.25	16.833333333333332	18.5	17.0	17.25	18.0	18.75	17.083333333333332	17.5	17.833333333333332	17.083333333333332	17.75	17.166666666666668	16.916666666666668	17.833333333333332	17.416666666666668	16.0	16.916666666666668	17.25	17.75
1.0	1.3333333333333333	1.8333333333333333	3.4166666666666665	5.583333333333333	6.833333333333333	10.833333333333334	10.25	13.083333333333334	12.25	14.75	14.0	16.083333333333332	15.75	16.416666666666668	16.0	16.0	16.583333333333332	16.25	16.666666666666668	16.083333333333332	17.0	18.75	18.0	17.75	17.166666666666668	18.0	17.25	17.166666666666668	16.5	18.25	18.416666666666668	17.916666666666668	18.0	17.75	15.916666666666666	17.25	17.5	18.0	18.083333333333332	18.25
1.0	1.4166666666666667	1.8333333333333333	3.0833333333333335	5.333333333333333	8.083333333333334	9.25	12.166666666666666	13.083333333333334	11.166666666666666	12.833333333333334	14.833333333333334	14.5	14.333333333333334	15.25	14.333333333333334	15.333333333333334	15.666666666666666	16.833333333333332	16.666666666666668	16.833333333333332	16.583333333333332	16.416666666666668	16.583333333333332	17.416666666666668	17.75	17.583333333333332	17.0	17.083333333333332	17.75	18.333333333333332	16.583333333333332	17.333333333333332	18.5	17.666666666666668	17.666666666666668	15.416666666666666	19.5	17.5	18.166666666666668	16.916666666666668
1.0	1.3333333333333333	1.8333333333333333	3.1666666666666665	3.6666666666666665	8.166666666666666	7.833333333333333	11.333333333333334	11.916666666666666	13.416666666666666	12.583333333333334	15.166666666666666	14.25	14.5	15.416666666666666	14.583333333333334	16.333333333333332	17.5	15.416666666666666	17.25	16.416666666666668	17.25	17.916666666666668	18.166666666666668	18.5	15.5	18.25	18.333333333333332	16.916666666666668	17.916666666666668	17.416666666666668	17.666666666666668	18.25	17.083333333333332	17.833333333333332	18.583333333333332	17.583333333333332	18.0	18.333333333333332	18.166666666666668	19.416666666666668
1.0	1.1666666666666667	1.5833333333333333	2.4166666666666665	5.333333333333333	5.25	10.416666666666666	11.916666666666666	13.333333333333334	14.25	14.916666666666666	15.583333333333334	14.416666666666666	15.166666666666666	15.916666666666666	14.833333333333334	16.0	16.25	15.75	17.333333333333332	14.166666666666666	17.0	16.75	18.333333333333332	17.25	18.416666666666668	17.416666666666668	18.416666666666668	17.666666666666668	17.916666666666668	18.25	17.333333333333332	17.583333333333332	17.666666666666668	17.583333333333332	17.666666666666668	19.583333333333332	16.833333333333332	17.583333333333332	18.166666666666668	17.583333333333332
1.0	1.0833333333333333	1.8333333333333333	3.3333333333333335	4.833333333333333	9.916666666666666	9.5	13.333333333333334	12.166666666666666	14.583333333333334	14.416666666666666	14.75	13.583333333333334	16.583333333333332	15.083333333333334	15.0	16.666666666666668	17.666666666666668	16.583333333333332	13.666666666666666	16.75	16.5	17.583333333333332	18.25	17.333333333333332	17.333333333333332	18.166666666666668	16.083333333333332	17.416666666666668	17.5	17.666666666666668	16.916666666666668	18.0	17.916666666666668	17.916666666666668	17.166666666666668	17.0	17.75	17.833333333333332	17.25	17.25
1.0	1.25	1.9166666666666667	2.4166666666666665	3.9166666666666665	8.666666666666666	9.333333333333334	12.083333333333334	14.5	14.166666666666666	14.0	13.833333333333334	16.666666666666668	16.25	14.833333333333334	15.333333333333334	16.333333333333332	15.666666666666666	17.083333333333332	15.333333333333334	18.0	16.75	16.75	16.25	18.333333333333332	17.083333333333332	17.833333333333332	18.583333333333332	18.666666666666668	16.083333333333332	18.166666666666668	17.583333333333332	16.916666666666668	18.833333333333332	19.333333333333332	17.666666666666668	17.333333333333332	17.5	17.833333333333332	17.166666666666668	18.0
1.0	1.0	1.5	2.8333333333333335	6.416666666666667	9.0	13.5	12.583333333333334	14.25	14.333333333333334	14.583333333333334	16.166666666666668	16.583333333333332	15.666666666666666	15.166666666666666	14.5	16.083333333333332	17.333333333333332	17.166666666666668	16.083333333333332	17.083333333333332	17.0	17.666666666666668	17.583333333333332	17.666666666666668	18.083333333333332	17.333333333333332	18.0	17.833333333333332	17.166666666666668	17.166666666666668	17.916666666666668	17.083333333333332	16.833333333333332	19.083333333333332	19.0	17.916666666666668	18.5	17.833333333333332	18.083333333333332	17.25
1.0	1.0833333333333333	1.1666666666666667	3.5	4.833333333333333	10.416666666666666	9.916666666666666	12.583333333333334	14.416666666666666	13.916666666666666	15.166666666666666	16.083333333333332	16.0	17.25	16.416666666666668	16.083333333333332	15.75	16.25	16.416666666666668	18.333333333333332	15.75	17.0	16.833333333333332	17.333333333333332	17.333333333333332	18.0	17.333333333333332	18.583333333333332	16.583333333333332	18.166666666666668	17.75	17.416666666666668	17.416666666666668	18.75	17.5	17.333333333333332	17.916666666666668	18.166666666666668	17.75	17.5	17.583333333333332
1.0	1.1666666666666667	1.9166666666666667	2.4166666666666665	7.0	10.083333333333334	14.75	15.833333333333334	11.416666666666666	14.666666666666666	15.833333333333334	15.083333333333334	14.5	18.166666666666668	15.0	15.583333333333334	16.083333333333332	16.25	16.5	17.25	17.666666666666668	17.666666666666668	18.5	17.166666666666668	17.5	19.333333333333332	18.083333333333332	17.5	17.666666666666668	16.75	18.416666666666668	17.416666666666668	17.083333333333332	17.0	17.5	18.083333333333332	17.833333333333332	18.333333333333332	18.583333333333332	17.5	17.333333333333332
1.0	1.3333333333333333	2.25	3.6666666666666665	6.916666666666667	12.166666666666666	10.416666666666666	15.5	14.916666666666666	16.5	14.916666666666666	17.166666666666668	16.0	15.75	16.25	18.166666666666668	16.416666666666668	17.083333333333332	16.0	16.166666666666668	16.916666666666668	17.583333333333332	18.75	16.583333333333332	18.25	17.25	17.666666666666668	17.0	17.666666666666668	17.333333333333332	19.0	18.25	17.75	17.666666666666668	17.75	18.333333333333332	17.666666666666668	17.75	17.75	17.333333333333332	17.5
1.1666666666666667	1.25	1.5	3.0	4.75	11.0	11.916666666666666	16.083333333333332	15.75	14.416666666666666	14.0	15.0	16.083333333333332	16.416666666666668	17.833333333333332	15.583333333333334	16.666666666666668	15.75	17.416666666666668	16.166666666666668	16.916666666666668	18.083333333333332	17.166666666666668	18.333333333333332	17.416666666666668	17.416666666666668	17.666666666666668	17.75	18.083333333333332	18.416666666666668	18.75	18.333333333333332	17.666666666666668	17.416666666666668	18.083333333333332	17.416666666666668	18.166666666666668	16.083333333333332	18.5	18.0	17.833333333333332
1.0	1.6666666666666667	1.6666666666666667	4.083333333333333	4.25	10.666666666666666	14.333333333333334	14.75	14.333333333333334	15.083333333333334	14.583333333333334	16.416666666666668	17.5	16.583333333333332	16.75	16.583333333333332	17.583333333333332	17.583333333333332	17.666666666666668	17.333333333333332	17.25	17.0	18.416666666666668	17.333333333333332	17.666666666666668	17.583333333333332	17.583333333333332	17.916666666666668	18.333333333333332	18.0	17.083333333333332	18.083333333333332	17.666666666666668	17.5	19.333333333333332	18.083333333333332	17.666666666666668	17.166666666666668	17.75	19.25	18.166666666666668
1.0	1.0833333333333333	1.25	2.4166666666666665	7.583333333333333	10.833333333333334	16.416666666666668	15.666666666666666	17.833333333333332	16.916666666666668	15.166666666666666	16.666666666666668	15.833333333333334	17.0	16.333333333333332	17.75	16.416666666666668	17.166666666666668	17.666666666666668	17.25	17.583333333333332	17.75	17.5	20.166666666666668	16.25	17.333333333333332	17.25	17.416666666666668	17.833333333333332	17.833333333333332	18.333333333333332	18.166666666666668	17.833333333333332	17.166666666666668	19.75	18.083333333333332	17.75	17.75	17.583333333333332	17.25	18.916666666666668
1.0	1.25	1.6666666666666667	3.75	5.333333333333333	13.416666666666666	13.416666666666666	18.333333333333332	18.166666666666668	17.833333333333332	17.25	16.666666666666668	16.583333333333332	16.0	16.0	15.083333333333334	16.833333333333332	17.5	15.833333333333334	16.833333333333332	18.5	17.583333333333332	18.0	18.416666666666668	17.583333333333332	19.583333333333332	17.0	17.916666666666668	18.0	18.666666666666668	17.416666666666668	17.25	17.083333333333332	18.666666666666668	17.666666666666668	18.166666666666668	16.75	19.083333333333332	17.083333333333332	18.25	18.833333333333332
1.0	1.1666666666666667	1.4166666666666667	5.083333333333333	9.583333333333334	16.583333333333332	15.5	17.0	14.916666666666666	16.916666666666668	16.916666666666668	17.25	18.0	18.416666666666668	17.166666666666668	16.75	15.5	17.083333333333332	17.5	16.666666666666668	17.916666666666668	18.25	19.416666666666668	17.583333333333332	18.333333333333332	18.25	17.916666666666668	16.75	17.166666666666668	17.25	17.666666666666668	17.25	18.833333333333332	17.833333333333332	19.0	16.833333333333332	18.083333333333332	17.5	18.833333333333332	17.25	18.083333333333332
1.0	1.0	1.8333333333333333	4.166666666666667	11.0	16.5	17.916666666666668	16.0	16.0	18.833333333333332	17.333333333333332	14.833333333333334	19.666666666666668	16.25	15.5	17.166666666666668	16.916666666666668	16.333333333333332	17.166666666666668	18.833333333333332	17.5	17.083333333333332	17.25	17.75	18.666666666666668	17.833333333333332	18.583333333333332	19.583333333333332	17.75	16.916666666666668	17.5	17.75	18.0	17.583333333333332	17.833333333333332	16.916666666666668	16.166666666666668	17.25	18.0	17.0	18.0
1.0	1.0	1.3333333333333333	5.0	13.333333333333334	13.75	17.166666666666668	22.0	15.833333333333334	17.25	17.166666666666668	18.25	19.416666666666668	17.666666666666668	18.333333333333332	16.0	16.416666666666668	17.0	16.5	17.833333333333332	17.166666666666668	18.083333333333332	17.166666666666668	17.583333333333332	17.083333333333332	18.0	18.333333333333332	17.583333333333332	18.166666666666668	18.5	18.0	18.166666666666668	16.583333333333332	17.083333333333332	16.416666666666668	18.083333333333332	18.583333333333332	18.916666666666668	18.916666666666668	16.833333333333332	17.75
1.0	1.0	1.4166666666666667	5.833333333333333	15.583333333333334	15.5	21.083333333333332	17.25	16.166666666666668	18.0	17.916666666666668	16.5	17.25	18.333333333333332	16.0	17.0	15.5	16.75	18.0	17.083333333333332	17.0	18.416666666666668	17.666666666666668	18.0	17.833333333333332	18.0	17.583333333333332	17.833333333333332	18.25	18.0	18.416666666666668	17.166666666666668	17.5	17.166666666666668	17.833333333333332	17.083333333333332	18.0	17.333333333333332	19.5	17.833333333333332	18.916666666666668
1.0	1.0833333333333333	1.4166666666666667	2.6666666666666665	15.416666666666666	12.75	21.083333333333332	18.333333333333332	15.0	20.0	18.416666666666668	17.333333333333332	17.666666666666668	16.916666666666668	17.916666666666668	18.166666666666668	18.166666666666668	18.25	17.5	17.5	17.583333333333332	17.083333333333332	18.416666666666668	17.583333333333332	16.916666666666668	18.25	17.416666666666668	17.333333333333332	17.0	17.75	19.0	16.416666666666668	17.333333333333332	16.833333333333332	17.0	18.833333333333332	17.333333333333332	17.25	17.5	17.25	17.5
1.0	1.0	1.5833333333333333	4.5	14.416666666666666	23.833333333333332	17.083333333333332	22.666666666666668	20.166666666666668	19.333333333333332	19.083333333333332	17.583333333333332	16.583333333333332	16.416666666666668	18.166666666666668	17.75	17.916666666666668	17.083333333333332	18.083333333333332	17.166666666666668	17.25	17.916666666666668	18.25	18.333333333333332	18.333333333333332	18.333333333333332	17.0	17.5	18.666666666666668	19.25	17.416666666666668	16.833333333333332	18.75	16.5	17.25	17.083333333333332	17.583333333333332	17.75	17.583333333333332	18.083333333333332	18.75
1.0	1.0	2.75	5.25	17.833333333333332	19.833333333333332	21.666666666666668	19.25	19.583333333333332	16.666666666666668	17.166666666666668	18.166666666666668	18.083333333333332	17.583333333333332	18.083333333333332	18.583333333333332	18.583333333333332	18.083333333333332	19.166666666666668	18.333333333333332	17.416666666666668	16.916666666666668	18.333333333333332	18.5	18.25	18.916666666666668	18.166666666666668	18.25	17.75	17.833333333333332	17.5	18.666666666666668	17.166666666666668	17.75	16.833333333333332	17.583333333333332	17.416666666666668	16.75	17.583333333333332	18.416666666666668	18.166666666666668
1.0	1.0833333333333333	1.9166666666666667	6.166666666666667	19.416666666666668	20.916666666666668	14.083333333333334	20.666666666666668	21.0	15.416666666666666	20.5	18.333333333333332	17.666666666666668	18.416666666666668	17.416666666666668	17.75	16.75	17.25	17.583333333333332	17.0	16.166666666666668	17.75	17.5	16.75	18.25	17.416666666666668	17.5	18.0	17.5	17.25	17.5	17.0	19.0	18.083333333333332	17.666666666666668	17.166666666666668	17.916666666666668	17.333333333333332	17.916666666666668	17.416666666666668	18.083333333333332
1.0	1.0	1.5	5.166666666666667	19.583333333333332	24.916666666666668	23.0	17.166666666666668	19.083333333333332	18.75	16.833333333333332	16.333333333333332	19.25	19.333333333333332	17.666666666666668	19.333333333333332	17.0	18.833333333333332	17.083333333333332	20.416666666666668	16.25	17.333333333333332	17.5	17.083333333333332	19.833333333333332	17.916666666666668	18.0	17.916666666666668	18.166666666666668	19.083333333333332	17.583333333333332	18.5	18.583333333333332	17.083333333333332	16.916666666666668	19.0	17.416666666666668	17.916666666666668	16.916666666666668	17.25	18.416666666666668
1.0	1.0	1.8333333333333333	8.166666666666666	21.416666666666668	22.416666666666668	25.333333333333332	20.416666666666668	19.25	19.416666666666668	18.416666666666668	17.333333333333332	20.083333333333332	18.583333333333332	17.0	18.083333333333332	17.5	17.083333333333332	17.416666666666668	17.333333333333332	15.25	19.166666666666668	17.916666666666668	17.833333333333332	17.583333333333332	17.333333333333332	17.75	17.166666666666668	18.583333333333332	18.0	16.0	17.916666666666668	17.583333333333332	15.916666666666666	17.583333333333332	18.083333333333332	17.583333333333332	17.416666666666668	18.083333333333332	18.083333333333332	17.5
1.0	1.0	2.1666666666666665	6.916666666666667	20.916666666666668	18.833333333333332	22.25	21.166666666666668	21.333333333333332	17.5	15.75	20.416666666666668	18.25	18.666666666666668	17.166666666666668	18.916666666666668	17.25	18.916666666666668	18.916666666666668	17.916666666666668	17.25	18.166666666666668	16.416666666666668	18.5	17.583333333333332	17.666666666666668	17.0	17.5	17.166666666666668	17.333333333333332	18.0	17.416666666666668	18.583333333333332	17.333333333333332	18.583333333333332	17.583333333333332	17.166666666666668	17.333333333333332	18.916666666666668	18.333333333333332	17.333333333333332
1.0	1.1666666666666667	1.8333333333333333	9.416666666666666	17.666666666666668	18.25	22.5	20.583333333333332	22.0	20.666666666666668	18.583333333333332	18.333333333333332	17.416666666666668	18.5	18.5	17.416666666666668	18.166666666666668	18.416666666666668	19.416666666666668	18.25	17.5	18.583333333333332	19.333333333333332	17.166666666666668	17.916666666666668	17.583333333333332	17.25	18.75	18.166666666666668	17.5	17.666666666666668	17.25	17.916666666666668	18.0	17.75	17.666666666666668	17.416666666666668	17.833333333333332	17.166666666666668	18.333333333333332	18.0
1.0	1.0	1.3333333333333333	5.416666666666667	27.333333333333332	16.166666666666668	22.75	15.416666666666666	20.25	17.25	18.75	18.916666666666668	21.833333333333332	17.833333333333332	15.916666666666666	17.083333333333332	17.5	18.0	18.5	17.083333333333332	17.166666666666668	18.666666666666668	18.083333333333332	17.583333333333332	17.75	18.083333333333332	17.916666666666668	17.916666666666668	17.25	17.0	16.833333333333332	17.583333333333332	17.083333333333332	17.166666666666668	17.416666666666668	18.416666666666668	18.416666666666668	18.0	17.916666666666668	17.166666666666668	18.416666666666668
1.1666666666666667	1.0	1.3333333333333333	8.25	18.083333333333332	19.5	21.416666666666668	20.916666666666668	17.833333333333332	20.333333333333332	20.916666666666668	18.416666666666668	20.25	19.166666666666668	20.416666666666668	17.416666666666668	19.0	18.166666666666668	17.75	17.0	17.5	18.166666666666668	18.166666666666668	18.666666666666668	17.583333333333332	17.416666666666668	17.833333333333332	18.583333333333332	19.083333333333332	18.25	17.333333333333332	17.583333333333332	18.333333333333332	17.5	18.083333333333332	18.333333333333332	17.5	16.583333333333332	17.416666666666668	17.0	16.333333333333332
1.0	1.1666666666666667	1.5	5.916666666666667	9.833333333333334	31.833333333333332	19.583333333333332	19.083333333333332	19.583333333333332	20.416666666666668	20.833333333333332	18.833333333333332	19.416666666666668	17.25	16.333333333333332	19.416666666666668	18.416666666666668	17.5	17.416666666666668	16.583333333333332	18.5	18.666666666666668	17.833333333333332	18.083333333333332	17.166666666666668	18.166666666666668	18.083333333333332	18.833333333333332	18.25	17.416666666666668	16.75	17.75	18.916666666666668	17.583333333333332	17.166666666666668	18.25	18.583333333333332	17.666666666666668	18.0	18.25	17.5
