14.166666666666666	21.666666666666668	24.333333333333332	23.5	31.666666666666668	27.0	37.666666666666664	40.666666666666664	82.0	81.33333333333333	80.66666666666667	198.33333333333334	123.5	165.83333333333334	131.33333333333334	316.8333333333333	130.83333333333334	243.33333333333334	280.5	244.16666666666666	206.83333333333334	500.0	500.0	500.0	428.5	360.8333333333333	464.3333333333333	252.0	214.83333333333334	288.1666666666667	148.66666666666666	251.33333333333334	147.83333333333334	254.5	217.0	173.66666666666666	251.0	253.66666666666666	183.33333333333334	359.3333333333333	254.83333333333334
17.5	19.666666666666668	20.333333333333332	20.333333333333332	26.333333333333332	31.333333333333332	75.0	37.333333333333336	120.33333333333333	79.33333333333333	82.5	124.33333333333333	203.83333333333334	205.33333333333334	276.0	282.1666666666667	131.0	241.5	206.5	244.5	500.0	500.0	500.0	500.0	322.1666666666667	325.0	289.5	81.16666666666667	287.3333333333333	289.5	251.33333333333334	178.83333333333334	149.33333333333334	181.0	176.33333333333334	287.1666666666667	181.83333333333334	178.5	180.5	289.6666666666667	78.0
13.5	65.0	60.0	22.333333333333332	28.333333333333332	27.5	35.666666666666664	36.666666666666664	121.16666666666667	120.5	52.5	123.83333333333333	163.66666666666666	124.33333333333333	210.0	167.83333333333334	100.0	173.83333333333334	279.6666666666667	282.3333333333333	500.0	500.0	500.0	428.3333333333333	358.3333333333333	220.16666666666666	284.3333333333333	152.0	286.6666666666667	184.33333333333334	182.66666666666666	216.0	252.5	186.83333333333334	253.16666666666666	183.83333333333334	252.83333333333334	283.3333333333333	286.3333333333333	76.5	77.83333333333333
16.666666666666668	20.0	25.166666666666668	24.666666666666668	26.666666666666668	29.333333333333332	76.5	77.33333333333333	43.833333333333336	82.83333333333333	43.166666666666664	124.33333333333333	124.0	132.5	206.16666666666666	245.33333333333334	208.16666666666666	241.33333333333334	246.83333333333334	500.0	500.0	500.0	500.0	464.3333333333333	360.3333333333333	220.33333333333334	218.83333333333334	117.33333333333333	183.0	216.83333333333334	254.16666666666666	216.5	112.5	252.5	146.33333333333334	180.66666666666666	181.83333333333334	286.0	73.16666666666667	72.5	73.66666666666667
15.833333333333334	20.0	22.833333333333332	24.666666666666668	23.5	30.166666666666668	37.833333333333336	40.833333333333336	82.5	80.33333333333333	46.333333333333336	127.5	163.0	237.83333333333334	130.0	246.5	170.5	169.5	131.0	500.0	500.0	500.0	500.0	357.8333333333333	290.8333333333333	221.33333333333334	249.5	251.5	108.0	143.66666666666666	183.33333333333334	186.0	182.0	216.66666666666666	321.5	253.83333333333334	113.66666666666667	76.0	77.66666666666667	78.83333333333333	75.5
15.833333333333334	18.5	20.333333333333332	24.5	27.333333333333332	31.833333333333332	74.16666666666667	36.166666666666664	84.33333333333333	85.83333333333333	122.5	163.16666666666666	201.5	239.66666666666666	206.33333333333334	204.83333333333334	169.66666666666666	279.8333333333333	500.0	500.0	500.0	500.0	463.6666666666667	289.1666666666667	325.8333333333333	326.1666666666667	324.3333333333333	210.16666666666666	216.33333333333334	108.5	289.6666666666667	106.83333333333333	182.16666666666666	250.33333333333334	182.5	253.33333333333334	76.33333333333333	80.83333333333333	81.5	77.16666666666667	74.83333333333333
15.833333333333334	19.333333333333332	18.5	27.5	30.166666666666668	28.666666666666668	34.833333333333336	119.33333333333333	195.0	118.16666666666667	157.0	48.833333333333336	238.83333333333334	130.0	204.0	171.5	171.33333333333334	169.5	500.0	500.0	500.0	500.0	360.3333333333333	287.0	220.66666666666666	148.33333333333334	322.3333333333333	145.66666666666666	145.33333333333334	176.83333333333334	220.16666666666666	289.0	254.16666666666666	182.5	215.83333333333334	76.0	76.83333333333333	80.5	75.16666666666667	76.83333333333333	78.16666666666667
14.333333333333334	18.5	20.166666666666668	21.5	24.666666666666668	32.166666666666664	37.666666666666664	81.5	84.66666666666667	86.0	161.83333333333334	127.16666666666667	89.16666666666667	166.0	241.5	204.66666666666666	242.83333333333334	500.0	500.0	500.0	500.0	429.1666666666667	75.16666666666667	254.5	226.66666666666666	282.1666666666667	217.33333333333334	144.66666666666666	147.83333333333334	253.83333333333334	216.83333333333334	289.1666666666667	253.33333333333334	288.8333333333333	77.0	77.16666666666667	77.33333333333333	73.83333333333333	74.0	77.5	80.5
13.333333333333334	17.5	20.0	19.5	30.0	34.5	72.5	167.5	116.5	85.16666666666667	123.16666666666667	276.5	126.66666666666667	92.5	166.16666666666666	243.33333333333334	207.16666666666666	500.0	500.0	500.0	459.0	500.0	218.83333333333334	218.66666666666666	182.16666666666666	217.83333333333334	253.66666666666666	221.83333333333334	253.66666666666666	180.33333333333334	286.6666666666667	179.66666666666666	253.16666666666666	75.83333333333333	74.83333333333333	74.5	78.33333333333333	76.33333333333333	81.83333333333333	74.33333333333333	76.5
14.5	17.0	20.666666666666668	17.666666666666668	28.333333333333332	27.166666666666668	34.833333333333336	79.66666666666667	124.66666666666667	48.833333333333336	128.83333333333334	164.83333333333334	240.5	132.0	133.66666666666666	204.0	500.0	500.0	500.0	500.0	500.0	116.33333333333333	153.5	189.5	147.0	288.3333333333333	217.0	220.0	217.83333333333334	253.16666666666666	252.83333333333334	112.83333333333333	77.0	73.0	83.33333333333333	70.5	76.66666666666667	74.0	80.5	73.16666666666667	73.33333333333333
15.333333333333334	18.166666666666668	17.666666666666668	21.666666666666668	25.333333333333332	36.166666666666664	31.666666666666668	41.5	117.83333333333333	125.5	88.83333333333333	164.0	167.66666666666666	133.16666666666666	166.83333333333334	203.5	500.0	500.0	500.0	500.0	392.1666666666667	152.33333333333334	180.0	218.5	147.0	253.5	253.16666666666666	216.83333333333334	217.5	145.5	290.8333333333333	77.5	78.33333333333333	78.66666666666667	77.83333333333333	76.5	75.66666666666667	77.16666666666667	78.66666666666667	81.5	75.5
19.833333333333332	19.666666666666668	24.666666666666668	22.0	65.0	31.666666666666668	40.5	198.83333333333334	48.0	49.0	51.166666666666664	128.83333333333334	126.83333333333333	166.5	202.83333333333334	500.0	500.0	500.0	500.0	500.0	184.33333333333334	257.5	147.33333333333334	119.83333333333333	251.66666666666666	324.6666666666667	148.83333333333334	183.33333333333334	253.66666666666666	148.0	80.16666666666667	71.33333333333333	81.0	79.0	75.16666666666667	74.66666666666667	75.16666666666667	71.16666666666667	80.5	76.5	78.0
17.5	18.5	19.5	21.666666666666668	62.833333333333336	109.0	77.83333333333333	40.5	121.33333333333333	49.0	164.0	239.33333333333334	200.83333333333334	276.3333333333333	241.66666666666666	500.0	500.0	500.0	500.0	186.5	218.16666666666666	217.16666666666666	222.5	218.66666666666666	288.0	253.5	288.5	216.33333333333334	255.66666666666666	77.66666666666667	72.16666666666667	77.5	69.83333333333333	74.5	76.16666666666667	78.0	73.83333333333333	75.66666666666667	77.33333333333333	77.0	78.66666666666667
15.5	17.666666666666668	17.166666666666668	20.666666666666668	24.5	30.666666666666668	114.5	82.16666666666667	40.833333333333336	160.16666666666666	163.16666666666666	168.83333333333334	169.0	168.83333333333334	461.0	500.0	459.8333333333333	500.0	500.0	185.5	112.83333333333333	186.0	323.8333333333333	180.33333333333334	253.83333333333334	217.83333333333334	253.66666666666666	146.83333333333334	83.16666666666667	80.5	77.33333333333333	78.16666666666667	73.0	80.83333333333333	76.5	75.0	76.5	78.33333333333333	72.5	80.16666666666667	79.83333333333333
14.333333333333334	17.5	18.333333333333332	20.5	30.5	35.5	34.166666666666664	43.166666666666664	47.666666666666664	127.66666666666667	126.83333333333333	164.16666666666666	166.16666666666666	205.0	500.0	500.0	460.1666666666667	500.0	225.5	145.0	217.5	253.0	255.16666666666666	185.16666666666666	289.3333333333333	185.0	111.5	73.83333333333333	68.66666666666667	76.0	76.5	76.5	75.33333333333333	82.16666666666667	74.0	76.83333333333333	80.83333333333333	76.83333333333333	74.0	79.66666666666667	75.66666666666667
15.5	17.666666666666668	65.5	20.666666666666668	24.5	29.333333333333332	77.66666666666667	80.0	87.16666666666667	128.16666666666666	238.0	127.5	314.5	500.0	500.0	500.0	500.0	195.5	148.66666666666666	182.16666666666666	255.16666666666666	188.66666666666666	187.0	322.8333333333333	184.16666666666666	224.33333333333334	73.83333333333333	75.0	74.16666666666667	80.5	78.33333333333333	72.0	72.0	78.0	81.66666666666667	76.83333333333333	74.83333333333333	79.16666666666667	79.16666666666667	76.5	75.0
15.5	59.166666666666664	21.666666666666668	24.166666666666668	28.5	75.33333333333333	76.16666666666667	196.0	160.5	198.83333333333334	123.66666666666667	237.83333333333334	205.33333333333334	500.0	500.0	500.0	259.5	257.3333333333333	148.33333333333334	181.66666666666666	251.66666666666666	187.33333333333334	292.5	183.33333333333334	216.83333333333334	74.83333333333333	72.33333333333333	73.83333333333333	73.16666666666667	75.0	79.0	82.5	77.33333333333333	75.66666666666667	77.5	74.66666666666667	80.16666666666667	77.16666666666667	77.83333333333333	80.0	75.16666666666667
14.0	16.333333333333332	22.666666666666668	23.833333333333332	67.33333333333333	72.33333333333333	44.0	44.166666666666664	87.5	167.66666666666666	235.16666666666666	133.66666666666666	460.3333333333333	500.0	500.0	460.1666666666667	151.16666666666666	325.5	256.1666666666667	358.0	321.8333333333333	217.66666666666666	177.16666666666666	287.1666666666667	75.0	78.83333333333333	76.83333333333333	79.33333333333333	74.16666666666667	75.0	75.0	78.33333333333333	78.5	80.83333333333333	79.66666666666667	81.16666666666667	79.0	79.5	72.0	78.0	76.5
11.5	17.333333333333332	19.5	21.5	30.166666666666668	190.83333333333334	41.166666666666664	85.33333333333333	158.66666666666666	198.5	242.5	165.33333333333334	500.0	500.0	500.0	226.33333333333334	191.33333333333334	289.6666666666667	216.5	251.5	220.5	252.66666666666666	187.16666666666666	80.16666666666667	78.5	81.5	74.33333333333333	77.0	81.0	76.0	73.83333333333333	72.16666666666667	77.0	77.16666666666667	75.16666666666667	77.33333333333333	77.83333333333333	78.16666666666667	73.33333333333333	76.16666666666667	81.5
15.0	17.0	19.166666666666668	21.5	28.833333333333332	75.66666666666667	118.5	122.33333333333333	237.5	200.16666666666666	86.16666666666667	500.0	500.0	460.0	460.3333333333333	152.33333333333334	324.5	221.0	214.16666666666666	213.0	181.83333333333334	219.33333333333334	79.16666666666667	78.5	77.33333333333333	77.5	80.16666666666667	73.66666666666667	79.83333333333333	80.66666666666667	77.66666666666667	75.66666666666667	74.0	75.16666666666667	76.33333333333333	80.83333333333333	76.83333333333333	77.33333333333333	75.16666666666667	78.33333333333333	76.66666666666667
17.166666666666668	17.666666666666668	61.0	25.666666666666668	65.83333333333333	34.5	80.66666666666667	125.66666666666667	199.33333333333334	202.33333333333334	88.33333333333333	500.0	500.0	424.3333333333333	157.16666666666666	156.5	184.66666666666666	218.0	213.5	138.5	182.33333333333334	78.16666666666667	77.0	78.5	79.33333333333333	78.0	80.0	77.16666666666667	74.83333333333333	73.5	80.5	77.66666666666667	78.66666666666667	75.33333333333333	79.16666666666667	75.16666666666667	78.16666666666667	75.16666666666667	75.83333333333333	82.0	72.33333333333333
15.333333333333334	17.833333333333332	19.0	22.333333333333332	108.66666666666667	190.16666666666666	84.0	163.0	88.66666666666667	90.66666666666667	500.0	500.0	464.6666666666667	221.66666666666666	179.66666666666666	222.66666666666666	286.5	147.16666666666666	79.83333333333333	219.0	73.5	77.83333333333333	77.33333333333333	76.83333333333333	77.33333333333333	79.16666666666667	81.0	73.5	73.5	77.83333333333333	81.16666666666667	79.0	75.66666666666667	74.16666666666667	75.66666666666667	74.5	73.33333333333333	73.0	78.83333333333333	75.33333333333333	73.16666666666667
16.0	62.0	18.166666666666668	22.833333333333332	113.0	152.83333333333334	83.33333333333333	82.83333333333333	314.8333333333333	500.0	500.0	500.0	232.83333333333334	254.66666666666666	177.5	219.33333333333334	186.33333333333334	179.33333333333334	79.5	79.83333333333333	70.33333333333333	82.33333333333333	83.5	79.5	75.33333333333333	74.66666666666667	77.5	76.83333333333333	75.0	76.16666666666667	76.5	76.0	73.83333333333333	77.0	78.33333333333333	75.66666666666667	74.66666666666667	75.83333333333333	74.5	78.83333333333333	75.33333333333333
17.333333333333332	17.666666666666668	17.833333333333332	24.166666666666668	35.833333333333336	151.66666666666666	115.0	276.1666666666667	197.66666666666666	420.0	500.0	298.5	150.5	208.66666666666666	154.16666666666666	216.0	179.83333333333334	206.33333333333334	78.66666666666667	73.0	78.16666666666667	78.0	84.0	78.83333333333333	80.0	79.66666666666667	79.33333333333333	78.0	69.33333333333333	77.5	72.16666666666667	76.16666666666667	79.5	76.0	75.83333333333333	76.0	75.16666666666667	72.0	77.83333333333333	75.66666666666667	79.16666666666667
15.0	17.0	18.833333333333332	25.0	108.33333333333333	194.16666666666666	44.333333333333336	159.33333333333334	239.83333333333334	500.0	334.6666666666667	218.16666666666666	257.5	216.0	109.33333333333333	247.66666666666666	218.83333333333334	75.33333333333333	81.16666666666667	79.5	77.0	78.5	76.33333333333333	76.66666666666667	81.5	74.66666666666667	78.16666666666667	78.16666666666667	75.0	76.66666666666667	84.5	68.16666666666667	80.66666666666667	77.83333333333333	77.0	80.16666666666667	73.16666666666667	72.33333333333333	76.33333333333333	77.16666666666667	78.83333333333333
17.0	16.166666666666668	19.333333333333332	26.666666666666668	183.33333333333334	76.66666666666667	116.33333333333333	124.83333333333333	394.5	267.8333333333333	224.5	176.33333333333334	218.66666666666666	183.16666666666666	218.33333333333334	287.6666666666667	75.66666666666667	70.0	79.33333333333333	75.33333333333333	76.66666666666667	81.66666666666667	78.33333333333333	78.66666666666667	78.33333333333333	75.16666666666667	79.83333333333333	76.66666666666667	75.83333333333333	82.16666666666667	75.66666666666667	78.16666666666667	75.33333333333333	82.5	78.66666666666667	74.83333333333333	74.83333333333333	75.33333333333333	77.66666666666667	75.83333333333333	74.16666666666667
14.0	18.5	20.833333333333332	109.33333333333333	155.5	117.5	154.33333333333334	125.66666666666667	283.5	293.5	281.6666666666667	277.5	249.66666666666666	279.6666666666667	181.0	74.0	76.0	76.0	73.5	78.83333333333333	76.5	79.5	77.83333333333333	79.33333333333333	74.33333333333333	74.33333333333333	79.16666666666667	77.0	79.0	74.83333333333333	75.83333333333333	75.33333333333333	78.33333333333333	79.5	76.5	78.16666666666667	76.5	75.66666666666667	75.16666666666667	81.33333333333333	74.66666666666667
14.166666666666666	16.833333333333332	20.5	68.5	152.16666666666666	120.33333333333333	120.83333333333333	251.83333333333334	225.83333333333334	323.6666666666667	289.8333333333333	184.5	211.83333333333334	72.5	78.66666666666667	70.33333333333333	75.0	69.83333333333333	79.16666666666667	76.0	78.66666666666667	78.5	80.16666666666667	79.16666666666667	74.0	80.5	77.66666666666667	78.66666666666667	74.5	76.66666666666667	74.33333333333333	73.66666666666667	76.33333333333333	75.5	75.83333333333333	78.0	78.33333333333333	78.5	77.83333333333333	71.83333333333333	75.0
12.0	17.0	22.666666666666668	73.66666666666667	152.33333333333334	229.83333333333334	127.5	262.0	175.33333333333334	255.83333333333334	183.0	429.6666666666667	179.66666666666666	77.16666666666667	76.66666666666667	76.66666666666667	80.33333333333333	79.66666666666667	77.33333333333333	74.66666666666667	75.83333333333333	75.66666666666667	79.66666666666667	81.16666666666667	75.33333333333333	79.16666666666667	76.5	79.83333333333333	74.83333333333333	75.66666666666667	77.83333333333333	75.5	74.5	77.33333333333333	74.16666666666667	74.16666666666667	80.0	77.5	80.16666666666667	75.16666666666667	77.66666666666667
16.666666666666668	21.5	24.166666666666668	192.83333333333334	237.5	312.3333333333333	150.33333333333334	251.83333333333334	291.5	254.5	219.16666666666666	221.5	74.0	81.66666666666667	75.0	75.16666666666667	76.16666666666667	75.5	79.16666666666667	76.0	77.5	78.83333333333333	77.0	80.16666666666667	78.66666666666667	79.16666666666667	77.83333333333333	80.5	78.5	78.0	75.16666666666667	79.66666666666667	77.66666666666667	78.33333333333333	79.83333333333333	78.0	77.33333333333333	73.5	75.83333333333333	75.5	77.66666666666667
14.0	18.5	24.5	142.5	193.16666666666666	462.1666666666667	258.6666666666667	187.33333333333334	256.5	212.83333333333334	214.66666666666666	67.16666666666667	76.66666666666667	72.66666666666667	70.5	73.66666666666667	73.5	74.33333333333333	73.16666666666667	80.5	74.5	79.16666666666667	80.0	82.33333333333333	80.33333333333333	77.66666666666667	85.5	73.16666666666667	79.33333333333333	73.5	75.5	74.16666666666667	78.66666666666667	78.0	78.83333333333333	80.33333333333333	76.16666666666667	74.33333333333333	77.0	78.33333333333333	75.16666666666667
14.333333333333334	18.166666666666668	148.0	225.66666666666666	460.5	203.0	235.33333333333334	112.5	213.83333333333334	73.0	70.16666666666667	75.83333333333333	68.66666666666667	76.16666666666667	73.66666666666667	73.66666666666667	75.83333333333333	69.33333333333333	79.0	77.5	72.33333333333333	80.16666666666667	78.33333333333333	86.66666666666667	77.66666666666667	77.0	76.33333333333333	77.33333333333333	79.66666666666667	80.16666666666667	74.16666666666667	77.83333333333333	78.83333333333333	78.16666666666667	78.5	75.0	77.16666666666667	74.83333333333333	74.33333333333333	75.5	73.83333333333333
16.166666666666668	19.333333333333332	142.16666666666666	298.1666666666667	96.0	207.16666666666666	187.0	180.5	72.16666666666667	75.0	68.66666666666667	75.66666666666667	64.33333333333333	77.16666666666667	69.16666666666667	77.5	75.83333333333333	76.83333333333333	73.5	71.5	78.5	75.66666666666667	78.0	78.33333333333333	79.0	75.66666666666667	80.5	75.5	76.0	77.66666666666667	76.33333333333333	76.16666666666667	78.83333333333333	76.0	79.83333333333333	74.5	75.83333333333333	72.0	76.5	80.5	73.5
14.666666666666666	18.833333333333332	183.83333333333334	339.6666666666667	164.16666666666666	206.5	216.33333333333334	222.16666666666666	68.66666666666667	75.66666666666667	75.5	73.66666666666667	81.16666666666667	74.66666666666667	76.83333333333333	75.83333333333333	69.33333333333333	75.5	71.5	78.33333333333333	78.66666666666667	78.0	80.16666666666667	74.16666666666667	69.83333333333333	75.83333333333333	77.33333333333333	80.0	81.16666666666667	77.0	80.5	71.83333333333333	77.5	77.83333333333333	80.0	77.5	80.0	81.83333333333333	74.83333333333333	77.83333333333333	78.0
11.833333333333334	21.333333333333332	382.6666666666667	344.5	94.33333333333333	198.66666666666666	188.83333333333334	89.0	84.66666666666667	73.5	72.66666666666667	71.16666666666667	77.5	72.16666666666667	74.5	77.83333333333333	77.5	75.83333333333333	75.33333333333333	77.16666666666667	71.0	81.33333333333333	77.33333333333333	79.66666666666667	80.66666666666667	79.5	77.66666666666667	72.66666666666667	72.33333333333333	73.33333333333333	67.66666666666667	76.0	84.0	75.5	79.83333333333333	76.83333333333333	76.83333333333333	80.5	84.83333333333333	82.16666666666667	82.83333333333333
17.833333333333332	25.166666666666668	300.3333333333333	159.0	128.66666666666666	138.66666666666666	80.16666666666667	77.33333333333333	60.833333333333336	75.66666666666667	67.16666666666667	67.5	72.5	65.66666666666667	76.33333333333333	76.0	80.83333333333333	79.33333333333333	78.5	73.5	79.83333333333333	81.0	78.0	73.83333333333333	75.83333333333333	79.83333333333333	84.5	76.66666666666667	79.5	71.83333333333333	77.83333333333333	76.66666666666667	78.16666666666667	76.0	71.0	79.5	76.83333333333333	79.5	78.83333333333333	81.5	78.33333333333333
14.166666666666666	258.6666666666667	21.666666666666668	34.166666666666664	56.5	62.0	77.0	81.0	78.5	78.16666666666667	69.33333333333333	70.16666666666667	69.0	74.16666666666667	72.5	72.0	77.16666666666667	79.0	76.0	72.16666666666667	74.33333333333333	79.16666666666667	79.33333333333333	80.0	77.33333333333333	79.66666666666667	74.0	78.33333333333333	79.16666666666667	76.66666666666667	76.33333333333333	74.83333333333333	80.16666666666667	80.16666666666667	78.16666666666667	74.66666666666667	77.66666666666667	77.66666666666667	79.5	76.83333333333333	79.0
19.5	258.5	23.166666666666668	48.333333333333336	52.166666666666664	64.0	64.66666666666667	71.5	68.33333333333333	70.83333333333333	62.666666666666664	60.666666666666664	68.83333333333333	71.33333333333333	75.5	75.0	71.83333333333333	71.5	74.83333333333333	76.66666666666667	75.83333333333333	78.83333333333333	74.66666666666667	78.66666666666667	77.5	76.16666666666667	75.16666666666667	79.16666666666667	76.16666666666667	82.0	77.16666666666667	79.5	80.5	74.33333333333333	74.66666666666667	76.83333333333333	81.0	77.66666666666667	78.5	82.5	77.16666666666667
10.833333333333334	98.16666666666667	18.333333333333332	36.166666666666664	57.166666666666664	70.33333333333333	76.16666666666667	72.5	76.33333333333333	61.333333333333336	73.33333333333333	74.5	59.833333333333336	72.5	74.16666666666667	64.83333333333333	77.0	75.66666666666667	72.5	75.66666666666667	74.66666666666667	81.0	76.33333333333333	79.83333333333333	79.0	78.33333333333333	76.5	72.83333333333333	77.0	79.66666666666667	76.33333333333333	77.5	76.83333333333333	79.5	80.33333333333333	72.66666666666667	75.33333333333333	77.33333333333333	77.5	77.16666666666667	79.16666666666667
15.0	16.0	21.666666666666668	30.333333333333332	48.666666666666664	77.33333333333333	77.16666666666667	61.166666666666664	66.0	72.83333333333333	68.0	72.16666666666667	59.333333333333336	66.5	73.33333333333333	72.66666666666667	76.16666666666667	75.16666666666667	72.83333333333333	75.5	74.5	78.5	79.66666666666667	75.5	82.0	80.33333333333333	78.33333333333333	74.16666666666667	75.66666666666667	75.16666666666667	77.16666666666667	74.0	76.5	77.33333333333333	78.16666666666667	76.66666666666667	74.66666666666667	79.16666666666667	75.66666666666667	77.33333333333333	79.16666666666667
14.833333333333334	16.666666666666668	20.333333333333332	49.166666666666664	49.833333333333336	56.333333333333336	67.66666666666667	79.33333333333333	81.66666666666667	61.166666666666664	72.83333333333333	76.16666666666667	70.33333333333333	73.83333333333333	76.5	71.16666666666667	76.66666666666667	74.16666666666667	73.83333333333333	75.33333333333333	77.16666666666667	74.66666666666667	77.0	76.33333333333333	80.83333333333333	74.83333333333333	78.66666666666667	77.16666666666667	79.0	75.5	79.0	73.83333333333333	75.16666666666667	76.16666666666667	80.33333333333333	75.83333333333333	72.83333333333333	72.0	79.66666666666667	74.33333333333333	72.83333333333333
