19.666666666666668	58.5	22.166666666666668	26.166666666666668	25.5	30.0	34.5	117.83333333333333	78.16666666666667	48.166666666666664	123.5	51.166666666666664	49.833333333333336	167.66666666666666	167.16666666666666	212.5	244.66666666666666	243.83333333333334	204.83333333333334	243.33333333333334	173.83333333333334	500.0	500.0	500.0	395.0	394.1666666666667	289.3333333333333	321.6666666666667	221.0	359.0	216.16666666666666	393.3333333333333	212.66666666666666	288.1666666666667	360.3333333333333	150.16666666666666	211.33333333333334	146.0	219.0	219.16666666666666	252.33333333333334
18.166666666666668	21.0	23.0	20.166666666666668	28.666666666666668	27.166666666666668	75.16666666666667	36.0	113.83333333333333	43.0	124.33333333333333	47.166666666666664	126.5	53.166666666666664	169.66666666666666	241.16666666666666	243.0	136.16666666666666	135.16666666666666	316.6666666666667	500.0	500.0	500.0	500.0	324.5	362.0	325.6666666666667	215.16666666666666	250.5	324.5	252.66666666666666	183.66666666666666	212.66666666666666	322.5	326.6666666666667	219.66666666666666	323.1666666666667	145.83333333333334	183.16666666666666	180.16666666666666	73.83333333333333
16.333333333333332	20.333333333333332	22.833333333333332	25.666666666666668	24.333333333333332	31.666666666666668	70.33333333333333	77.5	45.5	48.833333333333336	159.66666666666666	90.66666666666667	238.66666666666666	202.83333333333334	95.16666666666667	245.0	210.33333333333334	100.83333333333333	243.5	173.66666666666666	500.0	500.0	500.0	465.5	358.0	219.83333333333334	254.66666666666666	290.5	117.66666666666667	217.5	360.6666666666667	180.33333333333334	255.5	144.0	322.8333333333333	142.16666666666666	253.0	257.0	290.6666666666667	83.5	75.83333333333333
11.833333333333334	19.166666666666668	61.833333333333336	105.5	24.333333333333332	30.833333333333332	71.16666666666667	41.833333333333336	44.833333333333336	90.83333333333333	44.666666666666664	87.5	124.33333333333333	165.5	241.16666666666666	281.0	243.0	168.83333333333334	319.1666666666667	500.0	459.3333333333333	500.0	500.0	464.5	395.1666666666667	254.0	252.66666666666666	216.66666666666666	252.83333333333334	254.5	185.83333333333334	216.66666666666666	252.66666666666666	286.3333333333333	289.1666666666667	183.5	290.8333333333333	183.16666666666666	75.66666666666667	78.0	76.66666666666667
11.166666666666666	15.833333333333334	17.833333333333332	20.333333333333332	24.833333333333332	27.5	74.16666666666667	36.166666666666664	115.5	126.16666666666667	198.16666666666666	123.5	58.166666666666664	168.0	169.0	208.5	277.3333333333333	208.0	208.5	500.0	500.0	500.0	500.0	325.6666666666667	322.3333333333333	252.5	219.33333333333334	147.66666666666666	286.6666666666667	325.3333333333333	288.5	216.5	252.33333333333334	181.66666666666666	253.5	250.16666666666666	148.5	72.66666666666667	76.16666666666667	75.83333333333333	77.33333333333333
14.833333333333334	60.5	17.5	23.5	30.166666666666668	66.5	32.5	114.16666666666667	116.83333333333333	85.5	88.66666666666667	86.83333333333333	203.5	237.33333333333334	242.5	243.16666666666666	206.5	132.0	500.0	500.0	500.0	500.0	465.1666666666667	223.5	289.5	219.16666666666666	219.16666666666666	179.5	360.8333333333333	287.1666666666667	247.33333333333334	287.8333333333333	288.0	149.0	290.1666666666667	255.16666666666666	73.5	72.83333333333333	78.5	75.5	78.83333333333333
15.333333333333334	20.666666666666668	17.166666666666668	61.833333333333336	23.833333333333332	68.33333333333333	33.5	39.666666666666664	81.83333333333333	46.5	159.83333333333334	89.0	164.16666666666666	244.33333333333334	168.66666666666666	132.0	316.6666666666667	169.0	500.0	500.0	500.0	500.0	397.5	291.1666666666667	111.33333333333333	289.5	214.66666666666666	325.0	325.6666666666667	217.83333333333334	287.1666666666667	286.3333333333333	217.5	255.16666666666666	286.5	78.83333333333333	74.83333333333333	75.5	76.16666666666667	79.33333333333333	76.0
14.833333333333334	18.333333333333332	19.166666666666668	24.0	27.333333333333332	68.66666666666667	68.33333333333333	40.0	120.16666666666667	120.83333333333333	164.16666666666666	85.16666666666667	92.33333333333333	207.66666666666666	206.5	274.8333333333333	241.83333333333334	500.0	500.0	500.0	500.0	465.8333333333333	293.6666666666667	218.5	287.6666666666667	360.6666666666667	256.5	220.33333333333334	220.66666666666666	288.0	323.0	251.16666666666666	254.5	324.0	75.0	75.83333333333333	76.83333333333333	79.83333333333333	77.66666666666667	76.83333333333333	78.0
15.666666666666666	16.666666666666668	17.166666666666668	19.333333333333332	22.833333333333332	27.833333333333332	77.83333333333333	158.83333333333334	117.16666666666667	84.33333333333333	161.66666666666666	202.0	200.5	128.0	280.1666666666667	204.33333333333334	173.16666666666666	500.0	500.0	500.0	500.0	500.0	217.83333333333334	184.5	255.5	254.33333333333334	186.66666666666666	253.0	146.16666666666666	393.3333333333333	287.6666666666667	288.1666666666667	285.5	76.5	70.16666666666667	74.83333333333333	76.83333333333333	79.83333333333333	76.33333333333333	77.16666666666667	80.66666666666667
18.0	19.0	16.333333333333332	20.166666666666668	28.333333333333332	33.5	76.5	44.333333333333336	46.833333333333336	51.166666666666664	128.33333333333334	166.66666666666666	53.5	173.16666666666666	166.0	207.66666666666666	500.0	500.0	500.0	500.0	459.3333333333333	288.8333333333333	217.5	220.83333333333334	252.0	215.83333333333334	318.3333333333333	215.16666666666666	215.66666666666666	289.0	214.16666666666666	361.1666666666667	75.5	77.16666666666667	76.0	73.0	75.0	79.83333333333333	75.5	78.5	77.83333333333333
14.5	16.666666666666668	18.333333333333332	17.5	25.833333333333332	26.5	38.0	83.16666666666667	82.5	87.83333333333333	125.0	94.0	128.5	206.5	355.1666666666667	97.33333333333333	500.0	500.0	500.0	500.0	464.6666666666667	325.0	254.83333333333334	145.5	287.6666666666667	183.66666666666666	252.0	287.3333333333333	244.83333333333334	320.1666666666667	287.3333333333333	74.33333333333333	80.66666666666667	80.16666666666667	75.33333333333333	75.5	78.16666666666667	73.16666666666667	74.0	80.5	75.5
11.5	18.5	21.666666666666668	22.5	104.5	32.833333333333336	39.5	40.833333333333336	121.0	161.66666666666666	55.666666666666664	165.5	275.0	170.0	204.16666666666666	500.0	500.0	500.0	500.0	500.0	292.5	103.0	326.6666666666667	288.8333333333333	147.0	218.33333333333334	290.5	254.0	358.0	182.16666666666666	76.16666666666667	76.5	82.5	80.16666666666667	80.0	76.0	77.66666666666667	78.5	74.5	77.5	73.33333333333333
17.0	56.166666666666664	19.833333333333332	23.333333333333332	28.333333333333332	33.666666666666664	74.33333333333333	78.33333333333333	123.16666666666667	51.666666666666664	164.16666666666666	159.16666666666666	203.16666666666666	165.33333333333334	242.16666666666666	500.0	500.0	500.0	500.0	147.66666666666666	184.33333333333334	146.33333333333334	288.0	290.5	253.16666666666666	222.33333333333334	290.3333333333333	150.16666666666666	220.33333333333334	74.0	77.83333333333333	80.83333333333333	78.16666666666667	79.33333333333333	77.83333333333333	76.5	74.83333333333333	76.66666666666667	75.66666666666667	76.0	73.5
15.0	15.5	18.666666666666668	21.5	25.0	70.33333333333333	80.16666666666667	83.33333333333333	46.666666666666664	123.83333333333333	201.83333333333334	163.83333333333334	202.16666666666666	238.66666666666666	500.0	500.0	500.0	500.0	500.0	149.66666666666666	216.16666666666666	141.83333333333334	289.6666666666667	287.6666666666667	290.0	325.0	358.3333333333333	254.0	75.83333333333333	79.0	76.83333333333333	78.5	77.33333333333333	74.33333333333333	73.5	78.16666666666667	74.66666666666667	73.83333333333333	73.33333333333333	81.33333333333333	76.83333333333333
14.0	17.5	18.333333333333332	60.833333333333336	25.833333333333332	31.0	75.83333333333333	80.16666666666667	123.0	236.33333333333334	200.66666666666666	134.33333333333334	132.5	169.0	500.0	500.0	500.0	466.0	220.33333333333334	218.66666666666666	181.16666666666666	155.83333333333334	186.83333333333334	395.1666666666667	321.8333333333333	360.0	326.8333333333333	77.33333333333333	74.83333333333333	78.5	76.66666666666667	78.33333333333333	78.5	75.0	78.0	78.33333333333333	72.83333333333333	72.83333333333333	79.0	76.33333333333333	74.83333333333333
13.333333333333334	19.333333333333332	16.833333333333332	21.5	25.333333333333332	111.83333333333333	38.833333333333336	120.16666666666667	158.0	273.1666666666667	93.16666666666667	91.0	169.0	500.0	500.0	500.0	500.0	224.5	222.66666666666666	287.1666666666667	286.8333333333333	218.5	254.83333333333334	253.66666666666666	287.5	213.66666666666666	78.66666666666667	76.5	75.66666666666667	76.5	73.66666666666667	79.5	76.16666666666667	75.16666666666667	73.16666666666667	74.66666666666667	76.83333333333333	83.5	80.0	75.66666666666667	77.83333333333333
11.666666666666666	61.166666666666664	18.166666666666668	18.0	28.666666666666668	74.5	77.83333333333333	158.5	163.5	202.33333333333334	160.83333333333334	166.33333333333334	129.66666666666666	500.0	500.0	500.0	156.0	257.0	182.83333333333334	289.0	212.33333333333334	182.5	184.83333333333334	221.83333333333334	323.6666666666667	77.83333333333333	76.83333333333333	74.66666666666667	77.33333333333333	77.5	78.83333333333333	75.66666666666667	77.83333333333333	76.5	81.83333333333333	76.0	80.0	81.66666666666667	76.0	76.83333333333333	75.33333333333333
17.166666666666668	15.0	20.0	21.5	26.333333333333332	70.5	35.0	85.5	162.0	205.0	123.0	197.0	500.0	460.1666666666667	500.0	500.0	147.66666666666666	184.83333333333334	183.5	290.8333333333333	221.0	256.6666666666667	364.1666666666667	218.83333333333334	77.66666666666667	77.16666666666667	76.5	76.33333333333333	72.16666666666667	79.66666666666667	76.66666666666667	74.33333333333333	77.33333333333333	72.33333333333333	77.5	74.66666666666667	79.5	79.5	74.5	77.5	75.5
16.166666666666668	16.5	20.166666666666668	63.333333333333336	27.5	151.83333333333334	38.5	156.5	198.33333333333334	128.16666666666666	159.33333333333334	128.16666666666666	500.0	500.0	500.0	91.0	185.33333333333334	222.66666666666666	256.8333333333333	286.8333333333333	328.1666666666667	223.0	250.0	81.5	74.83333333333333	75.33333333333333	79.16666666666667	74.33333333333333	80.33333333333333	78.0	79.33333333333333	82.5	77.83333333333333	76.0	77.33333333333333	75.33333333333333	76.66666666666667	73.16666666666667	80.83333333333333	76.16666666666667	74.33333333333333
13.833333333333334	19.833333333333332	16.833333333333332	19.833333333333332	27.666666666666668	70.66666666666667	117.66666666666667	115.5	85.83333333333333	125.5	166.66666666666666	459.8333333333333	500.0	464.5	500.0	117.33333333333333	290.3333333333333	218.66666666666666	176.16666666666666	357.3333333333333	254.5	257.3333333333333	74.5	77.83333333333333	81.83333333333333	74.16666666666667	75.66666666666667	79.33333333333333	77.33333333333333	77.83333333333333	78.0	79.66666666666667	73.33333333333333	76.66666666666667	78.0	77.5	68.33333333333333	74.16666666666667	74.66666666666667	77.0	73.0
15.833333333333334	17.0	16.833333333333332	22.333333333333332	68.0	153.0	153.16666666666666	198.5	231.33333333333334	50.0	165.16666666666666	500.0	500.0	500.0	292.5	155.16666666666666	181.33333333333334	222.83333333333334	287.8333333333333	216.0	321.1666666666667	72.33333333333333	76.33333333333333	75.5	77.66666666666667	77.5	72.0	78.83333333333333	75.83333333333333	73.66666666666667	81.33333333333333	78.5	74.0	83.33333333333333	78.0	75.66666666666667	74.16666666666667	77.66666666666667	77.66666666666667	76.0	77.0
11.833333333333334	14.666666666666666	18.666666666666668	21.166666666666668	29.166666666666668	112.16666666666667	112.16666666666667	122.5	164.5	163.83333333333334	500.0	500.0	430.5	117.66666666666667	151.5	255.66666666666666	254.66666666666666	254.0	254.83333333333334	246.0	74.5	82.66666666666667	76.66666666666667	82.33333333333333	79.0	77.0	75.83333333333333	77.83333333333333	77.66666666666667	79.66666666666667	78.5	75.5	76.66666666666667	74.33333333333333	75.16666666666667	76.5	79.66666666666667	74.66666666666667	82.5	75.0	73.0
14.0	16.0	20.666666666666668	22.333333333333332	69.16666666666667	111.0	78.83333333333333	126.33333333333333	127.16666666666667	419.1666666666667	500.0	400.6666666666667	360.5	147.0	148.5	286.6666666666667	218.83333333333334	215.33333333333334	70.33333333333333	76.5	77.5	79.5	76.16666666666667	74.5	77.5	76.16666666666667	77.16666666666667	74.66666666666667	77.33333333333333	79.16666666666667	79.16666666666667	75.83333333333333	78.33333333333333	76.66666666666667	77.83333333333333	78.0	76.5	75.0	77.5	79.5	78.33333333333333
12.166666666666666	16.0	18.666666666666668	24.666666666666668	108.16666666666667	77.66666666666667	119.0	160.5	87.5	500.0	459.3333333333333	228.0	149.83333333333334	109.0	252.5	289.1666666666667	183.33333333333334	179.83333333333334	79.0	81.16666666666667	73.16666666666667	83.33333333333333	79.16666666666667	78.5	78.0	80.0	75.33333333333333	73.33333333333333	74.5	79.0	76.83333333333333	81.16666666666667	80.16666666666667	77.5	80.83333333333333	78.5	73.83333333333333	79.66666666666667	73.83333333333333	78.66666666666667	72.16666666666667
17.0	21.5	20.666666666666668	24.5	71.33333333333333	77.0	164.5	163.5	120.66666666666667	438.3333333333333	161.33333333333334	225.33333333333334	158.0	218.0	220.0	215.16666666666666	142.83333333333334	79.16666666666667	73.0	74.83333333333333	79.0	81.0	75.0	77.5	78.5	75.0	78.5	80.16666666666667	82.5	73.0	80.33333333333333	74.16666666666667	71.66666666666667	63.833333333333336	69.16666666666667	74.83333333333333	80.66666666666667	79.83333333333333	75.33333333333333	78.16666666666667	77.33333333333333
15.333333333333334	15.5	21.166666666666668	30.0	73.33333333333333	154.33333333333334	83.16666666666667	48.5	223.16666666666666	333.1666666666667	148.0	144.33333333333334	113.33333333333333	147.0	108.66666666666667	218.16666666666666	73.0	73.33333333333333	71.0	76.83333333333333	78.33333333333333	77.33333333333333	83.16666666666667	70.66666666666667	77.5	75.66666666666667	78.0	79.5	72.66666666666667	71.83333333333333	78.83333333333333	78.66666666666667	77.0	79.83333333333333	78.33333333333333	74.16666666666667	79.83333333333333	76.83333333333333	76.33333333333333	73.33333333333333	81.33333333333333
16.833333333333332	17.0	19.166666666666668	144.5	76.83333333333333	126.5	163.5	121.83333333333333	156.33333333333334	120.66666666666667	68.5	114.66666666666667	221.66666666666666	70.83333333333333	216.66666666666666	78.16666666666667	79.16666666666667	76.5	76.83333333333333	73.0	78.33333333333333	76.33333333333333	75.0	74.83333333333333	78.16666666666667	77.5	80.33333333333333	78.33333333333333	77.83333333333333	81.0	79.16666666666667	76.83333333333333	78.66666666666667	77.0	76.5	75.66666666666667	78.33333333333333	79.5	76.5	72.16666666666667	79.5
14.5	20.166666666666668	20.666666666666668	188.5	228.5	197.5	231.66666666666666	192.33333333333334	100.83333333333333	150.16666666666666	147.33333333333334	256.0	143.16666666666666	77.0	84.33333333333333	76.16666666666667	78.5	71.66666666666667	76.33333333333333	78.5	73.0	77.83333333333333	80.33333333333333	78.33333333333333	76.66666666666667	78.66666666666667	76.66666666666667	79.0	77.66666666666667	79.33333333333333	78.66666666666667	81.5	78.66666666666667	78.5	77.0	81.33333333333333	79.5	71.33333333333333	78.16666666666667	75.5	82.0
14.833333333333334	15.833333333333334	26.5	29.666666666666668	149.16666666666666	386.3333333333333	164.5	118.5	183.33333333333334	122.66666666666667	170.66666666666666	113.16666666666667	220.83333333333334	72.66666666666667	76.66666666666667	79.16666666666667	71.5	81.5	76.16666666666667	79.16666666666667	75.5	75.16666666666667	76.83333333333333	76.16666666666667	77.33333333333333	76.33333333333333	76.66666666666667	75.66666666666667	79.5	71.66666666666667	74.16666666666667	75.5	75.83333333333333	73.0	81.16666666666667	79.16666666666667	75.66666666666667	77.83333333333333	76.16666666666667	77.16666666666667	77.16666666666667
13.333333333333334	19.333333333333332	23.666666666666668	146.83333333333334	339.6666666666667	385.6666666666667	127.83333333333333	121.33333333333333	184.0	149.33333333333334	183.0	178.0	78.83333333333333	63.5	77.66666666666667	76.33333333333333	74.83333333333333	72.16666666666667	76.66666666666667	77.16666666666667	78.16666666666667	74.66666666666667	80.16666666666667	75.66666666666667	74.66666666666667	79.33333333333333	78.16666666666667	78.16666666666667	80.0	75.33333333333333	76.83333333333333	76.0	75.5	80.33333333333333	79.16666666666667	74.33333333333333	79.5	75.83333333333333	73.83333333333333	74.66666666666667	67.5
17.833333333333332	17.833333333333332	24.166666666666668	153.66666666666666	422.0	421.1666666666667	118.66666666666667	69.33333333333333	146.66666666666666	141.16666666666666	113.66666666666667	72.83333333333333	77.5	71.66666666666667	79.0	78.16666666666667	76.83333333333333	68.16666666666667	75.16666666666667	75.0	69.5	79.66666666666667	80.5	77.66666666666667	75.16666666666667	75.33333333333333	79.16666666666667	78.16666666666667	75.66666666666667	82.5	75.66666666666667	77.83333333333333	78.0	74.66666666666667	73.66666666666667	80.33333333333333	77.33333333333333	73.0	77.5	79.33333333333333	78.66666666666667
15.0	17.333333333333332	185.5	308.1666666666667	419.5	140.33333333333334	153.66666666666666	79.16666666666667	77.0	71.0	64.16666666666667	75.16666666666667	71.66666666666667	67.33333333333333	70.5	73.33333333333333	71.83333333333333	73.33333333333333	81.33333333333333	79.33333333333333	73.33333333333333	76.33333333333333	74.66666666666667	81.83333333333333	78.83333333333333	78.5	78.66666666666667	76.5	73.5	84.83333333333333	75.16666666666667	76.83333333333333	80.83333333333333	76.83333333333333	73.33333333333333	76.16666666666667	76.66666666666667	76.5	74.16666666666667	81.0	73.83333333333333
15.333333333333334	17.5	379.6666666666667	500.0	76.0	143.5	92.83333333333333	112.66666666666667	68.66666666666667	64.5	71.83333333333333	61.5	69.0	73.33333333333333	71.83333333333333	72.83333333333333	75.5	75.5	76.0	75.33333333333333	75.5	81.0	82.0	72.5	86.5	82.33333333333333	79.0	78.0	76.0	76.66666666666667	77.5	75.33333333333333	75.33333333333333	78.0	79.66666666666667	76.33333333333333	75.83333333333333	76.0	75.83333333333333	73.33333333333333	76.5
12.666666666666666	20.166666666666668	338.5	300.5	119.5	101.66666666666667	148.66666666666666	78.16666666666667	76.33333333333333	80.83333333333333	72.5	69.66666666666667	74.83333333333333	74.5	76.16666666666667	73.0	73.33333333333333	77.33333333333333	77.33333333333333	78.83333333333333	80.83333333333333	77.83333333333333	82.83333333333333	77.5	81.33333333333333	78.83333333333333	76.33333333333333	74.0	80.66666666666667	73.66666666666667	72.66666666666667	75.0	75.33333333333333	71.83333333333333	75.5	77.83333333333333	78.66666666666667	79.33333333333333	78.0	82.5	73.16666666666667
16.0	19.166666666666668	219.33333333333334	420.5	92.5	83.5	141.5	86.16666666666667	71.66666666666667	72.16666666666667	61.833333333333336	71.83333333333333	73.16666666666667	71.0	75.33333333333333	68.33333333333333	73.66666666666667	70.0	70.16666666666667	77.33333333333333	76.0	79.33333333333333	77.16666666666667	76.16666666666667	75.66666666666667	78.83333333333333	77.33333333333333	78.83333333333333	72.16666666666667	77.5	73.66666666666667	75.66666666666667	77.83333333333333	76.66666666666667	73.0	74.33333333333333	78.0	77.0	75.0	71.0	76.16666666666667
15.333333333333334	26.166666666666668	258.5	30.166666666666668	47.5	121.5	88.66666666666667	77.5	75.83333333333333	66.33333333333333	69.33333333333333	73.0	72.16666666666667	73.5	75.83333333333333	74.33333333333333	80.0	74.66666666666667	70.33333333333333	74.66666666666667	77.66666666666667	80.33333333333333	79.5	77.33333333333333	81.0	72.83333333333333	80.33333333333333	76.5	76.0	75.0	73.66666666666667	65.66666666666667	77.66666666666667	73.33333333333333	82.66666666666667	73.0	78.16666666666667	75.16666666666667	75.83333333333333	73.5	80.5
12.833333333333334	300.5	16.5	75.5	69.33333333333333	72.33333333333333	79.33333333333333	57.166666666666664	75.16666666666667	68.33333333333333	72.5	70.5	64.0	74.0	77.5	75.66666666666667	73.66666666666667	78.83333333333333	70.33333333333333	75.33333333333333	70.66666666666667	80.5	84.83333333333333	73.5	83.0	82.16666666666667	79.5	78.33333333333333	82.66666666666667	69.83333333333333	79.0	77.16666666666667	76.0	77.5	76.16666666666667	80.83333333333333	78.66666666666667	78.66666666666667	74.5	80.66666666666667	75.0
14.0	140.83333333333334	23.166666666666668	32.333333333333336	53.333333333333336	64.66666666666667	79.16666666666667	78.83333333333333	71.0	59.833333333333336	65.66666666666667	75.83333333333333	65.5	66.16666666666667	78.16666666666667	76.66666666666667	75.66666666666667	70.83333333333333	73.16666666666667	69.0	75.0	78.66666666666667	82.0	80.5	79.83333333333333	77.33333333333333	77.33333333333333	81.16666666666667	74.16666666666667	80.5	73.33333333333333	73.0	77.33333333333333	73.0	74.83333333333333	82.16666666666667	81.33333333333333	76.83333333333333	76.83333333333333	81.0	76.16666666666667
16.0	56.333333333333336	17.833333333333332	45.166666666666664	57.666666666666664	79.66666666666667	44.166666666666664	64.33333333333333	71.66666666666667	63.5	75.16666666666667	69.5	72.66666666666667	69.83333333333333	75.0	78.16666666666667	70.0	72.16666666666667	73.83333333333333	75.66666666666667	75.66666666666667	79.0	72.16666666666667	75.16666666666667	79.0	76.33333333333333	80.83333333333333	77.0	76.5	77.5	76.16666666666667	79.83333333333333	73.5	76.16666666666667	77.33333333333333	75.66666666666667	77.33333333333333	82.66666666666667	73.16666666666667	75.5	75.5
17.666666666666668	18.5	19.333333333333332	27.0	41.166666666666664	53.0	72.66666666666667	74.33333333333333	69.0	70.16666666666667	78.0	73.5	72.16666666666667	72.0	71.0	75.0	78.5	72.66666666666667	78.0	70.16666666666667	75.33333333333333	75.66666666666667	82.83333333333333	78.16666666666667	75.66666666666667	79.33333333333333	81.83333333333333	78.5	76.5	80.33333333333333	75.33333333333333	79.33333333333333	81.66666666666667	70.66666666666667	73.66666666666667	74.16666666666667	82.33333333333333	76.16666666666667	75.0	79.33333333333333	75.5
14.5	14.5	18.333333333333332	37.5	56.833333333333336	65.66666666666667	68.16666666666667	68.16666666666667	64.16666666666667	75.0	67.83333333333333	74.16666666666667	74.0	68.66666666666667	75.83333333333333	75.33333333333333	74.5	71.83333333333333	72.83333333333333	79.66666666666667	77.66666666666667	80.66666666666667	81.83333333333333	84.16666666666667	78.16666666666667	85.16666666666667	75.5	76.5	75.33333333333333	74.0	69.83333333333333	74.5	79.16666666666667	81.83333333333333	83.83333333333333	77.5	77.33333333333333	75.66666666666667	80.5	73.83333333333333	82.66666666666667
