15.666666666666666	19.666666666666668	23.333333333333332	19.333333333333332	25.666666666666668	25.666666666666668	36.666666666666664	37.166666666666664	116.66666666666667	124.33333333333333	86.33333333333333	52.833333333333336	54.666666666666664	88.33333333333333	56.5	205.0	93.33333333333333	172.33333333333334	132.83333333333334	242.0	208.16666666666666	500.0	500.0	500.0	395.3333333333333	359.8333333333333	360.5	215.16666666666666	255.83333333333334	209.33333333333334	287.3333333333333	218.0	288.8333333333333	256.6666666666667	217.83333333333334	323.1666666666667	285.6666666666667	255.83333333333334	322.8333333333333	148.0	181.66666666666666
14.833333333333334	17.5	18.0	22.166666666666668	26.666666666666668	29.333333333333332	34.5	73.5	79.0	83.66666666666667	126.16666666666667	126.66666666666667	201.33333333333334	163.16666666666666	206.83333333333334	243.0	354.3333333333333	318.3333333333333	426.0	169.66666666666666	500.0	500.0	500.0	464.8333333333333	394.3333333333333	360.1666666666667	430.0	256.5	322.5	221.66666666666666	110.16666666666667	254.0	251.33333333333334	143.66666666666666	322.3333333333333	253.33333333333334	215.83333333333334	249.33333333333334	288.0	220.0	78.66666666666667
12.666666666666666	19.333333333333332	24.5	22.333333333333332	28.5	72.66666666666667	35.833333333333336	38.0	84.0	118.16666666666667	50.666666666666664	239.5	91.83333333333333	157.0	317.0	204.5	168.33333333333334	243.16666666666666	244.5	248.16666666666666	500.0	500.0	465.1666666666667	466.3333333333333	363.0	289.8333333333333	253.0	181.66666666666666	183.16666666666666	255.33333333333334	288.0	180.83333333333334	218.33333333333334	145.33333333333334	287.8333333333333	185.5	285.0	287.1666666666667	182.83333333333334	73.5	79.16666666666667
12.5	18.333333333333332	21.166666666666668	18.166666666666668	27.666666666666668	25.333333333333332	34.666666666666664	77.16666666666667	41.666666666666664	42.666666666666664	88.83333333333333	87.83333333333333	90.0	241.33333333333334	94.33333333333333	352.6666666666667	202.5	245.5	208.83333333333334	500.0	500.0	500.0	500.0	395.3333333333333	392.6666666666667	289.1666666666667	220.0	255.0	218.83333333333334	324.0	218.16666666666666	182.16666666666666	184.83333333333334	147.66666666666666	216.16666666666666	324.3333333333333	286.6666666666667	254.16666666666666	75.83333333333333	75.5	71.5
14.666666666666666	17.166666666666668	24.333333333333332	20.166666666666668	24.833333333333332	28.166666666666668	71.33333333333333	37.333333333333336	157.83333333333334	46.5	123.66666666666667	53.166666666666664	86.33333333333333	123.66666666666667	242.16666666666666	279.5	170.16666666666666	283.6666666666667	169.16666666666666	500.0	500.0	500.0	500.0	290.1666666666667	323.5	218.5	217.16666666666666	322.3333333333333	116.0	253.16666666666666	146.83333333333334	181.16666666666666	286.1666666666667	180.0	215.66666666666666	287.8333333333333	283.5	76.83333333333333	77.5	76.66666666666667	72.83333333333333
17.333333333333332	16.833333333333332	20.166666666666668	24.833333333333332	27.166666666666668	27.5	34.833333333333336	40.166666666666664	42.166666666666664	51.0	46.666666666666664	84.5	202.33333333333334	162.0	236.66666666666666	130.16666666666666	281.1666666666667	171.0	500.0	459.6666666666667	500.0	500.0	464.8333333333333	323.8333333333333	215.0	184.0	253.16666666666666	155.83333333333334	254.5	285.6666666666667	216.0	183.16666666666666	251.0	323.5	184.5	217.5	69.5	73.83333333333333	79.16666666666667	76.16666666666667	72.5
18.5	14.166666666666666	16.666666666666668	22.0	65.83333333333333	31.0	37.0	118.33333333333333	122.16666666666667	87.5	124.0	163.66666666666666	202.16666666666666	277.8333333333333	95.33333333333333	244.16666666666666	173.83333333333334	243.5	500.0	500.0	500.0	500.0	429.8333333333333	114.33333333333333	182.0	290.1666666666667	216.83333333333334	323.3333333333333	322.1666666666667	293.1666666666667	254.5	288.5	287.5	254.33333333333334	218.83333333333334	77.33333333333333	73.0	81.66666666666667	74.0	78.33333333333333	80.0
21.5	20.333333333333332	17.5	19.166666666666668	29.0	28.5	73.66666666666667	80.66666666666667	40.0	119.83333333333333	85.83333333333333	163.0	202.16666666666666	279.5	169.66666666666666	166.0	352.8333333333333	500.0	500.0	500.0	500.0	500.0	254.66666666666666	186.5	184.16666666666666	147.33333333333334	186.5	147.0	216.5	326.8333333333333	219.0	361.5	252.66666666666666	109.33333333333333	72.83333333333333	72.66666666666667	78.33333333333333	72.83333333333333	74.5	74.66666666666667	75.83333333333333
15.166666666666666	15.333333333333334	23.0	61.0	64.66666666666667	68.83333333333333	39.833333333333336	44.166666666666664	41.333333333333336	84.33333333333333	88.16666666666667	52.833333333333336	240.5	127.83333333333333	130.0	211.33333333333334	315.6666666666667	459.5	500.0	500.0	500.0	464.8333333333333	253.33333333333334	148.16666666666666	253.0	189.66666666666666	257.0	251.66666666666666	182.0	248.5	143.16666666666666	183.66666666666666	254.0	82.66666666666667	78.83333333333333	82.66666666666667	77.66666666666667	76.33333333333333	72.16666666666667	77.5	81.5
11.833333333333334	18.0	18.166666666666668	61.5	26.666666666666668	30.5	37.333333333333336	76.83333333333333	121.16666666666667	126.16666666666667	164.83333333333334	163.66666666666666	239.66666666666666	242.5	204.66666666666666	167.0	500.0	500.0	500.0	500.0	465.1666666666667	255.0	287.8333333333333	149.33333333333334	254.33333333333334	221.66666666666666	289.6666666666667	254.33333333333334	145.83333333333334	290.8333333333333	138.83333333333334	253.5	77.5	77.66666666666667	76.5	74.83333333333333	77.0	76.5	75.66666666666667	78.16666666666667	77.16666666666667
14.833333333333334	20.5	19.666666666666668	23.0	21.0	31.833333333333332	39.166666666666664	82.16666666666667	82.33333333333333	48.5	125.83333333333333	202.0	238.0	241.83333333333334	280.6666666666667	205.66666666666666	500.0	500.0	500.0	500.0	500.0	290.8333333333333	358.5	328.3333333333333	290.0	216.83333333333334	149.16666666666666	251.83333333333334	182.33333333333334	184.83333333333334	252.16666666666666	81.5	72.16666666666667	77.5	78.33333333333333	74.5	79.16666666666667	75.33333333333333	70.5	78.16666666666667	80.0
13.0	17.333333333333332	18.5	29.166666666666668	26.833333333333332	30.833333333333332	73.5	113.16666666666667	120.5	162.16666666666666	202.66666666666666	94.66666666666667	199.16666666666666	206.0	242.0	500.0	500.0	500.0	500.0	500.0	184.0	290.1666666666667	257.8333333333333	218.66666666666666	287.1666666666667	322.6666666666667	218.0	325.5	182.0	184.66666666666666	79.33333333333333	74.5	74.0	77.83333333333333	73.66666666666667	75.33333333333333	74.33333333333333	71.16666666666667	76.33333333333333	74.83333333333333	80.5
11.333333333333334	17.5	17.833333333333332	20.833333333333332	23.5	32.666666666666664	149.83333333333334	118.83333333333333	40.666666666666664	120.16666666666667	160.0	128.0	57.0	206.33333333333334	244.16666666666666	459.8333333333333	500.0	500.0	500.0	113.33333333333333	110.5	148.16666666666666	185.33333333333334	78.83333333333333	222.0	219.0	253.33333333333334	395.3333333333333	181.0	71.0	76.0	73.5	77.83333333333333	75.0	76.0	70.33333333333333	74.0	76.66666666666667	74.5	82.66666666666667	80.33333333333333
11.833333333333334	17.833333333333332	18.5	21.166666666666668	26.5	29.666666666666668	77.33333333333333	43.833333333333336	84.16666666666667	237.16666666666666	199.16666666666666	207.5	277.8333333333333	130.33333333333334	500.0	459.1666666666667	500.0	500.0	500.0	257.6666666666667	176.5	113.5	254.0	108.33333333333333	252.83333333333334	289.6666666666667	221.16666666666666	146.66666666666666	77.5	76.16666666666667	80.16666666666667	73.5	75.16666666666667	75.0	77.66666666666667	77.33333333333333	76.66666666666667	82.0	77.16666666666667	79.16666666666667	76.5
19.166666666666668	15.0	60.666666666666664	23.0	25.5	37.0	190.66666666666666	79.33333333333333	196.5	166.16666666666666	193.0	275.1666666666667	314.5	207.66666666666666	500.0	500.0	500.0	500.0	115.0	151.83333333333334	183.66666666666666	219.66666666666666	262.6666666666667	253.83333333333334	145.83333333333334	250.16666666666666	290.3333333333333	75.0	79.83333333333333	78.16666666666667	78.66666666666667	77.16666666666667	78.16666666666667	76.0	79.33333333333333	77.33333333333333	77.83333333333333	78.16666666666667	76.16666666666667	80.66666666666667	83.16666666666667
16.0	15.833333333333334	17.0	20.333333333333332	24.666666666666668	69.0	35.333333333333336	195.83333333333334	50.333333333333336	162.66666666666666	123.5	170.33333333333334	236.83333333333334	459.3333333333333	500.0	500.0	500.0	361.8333333333333	259.5	220.16666666666666	210.33333333333334	252.83333333333334	185.0	184.83333333333334	222.83333333333334	146.0	76.66666666666667	76.16666666666667	79.5	71.83333333333333	77.16666666666667	76.83333333333333	82.16666666666667	77.0	72.83333333333333	79.83333333333333	80.83333333333333	72.5	77.33333333333333	80.66666666666667	78.5
12.333333333333334	15.833333333333334	15.0	19.666666666666668	27.5	34.0	114.66666666666667	45.5	234.16666666666666	86.0	88.66666666666667	164.0	237.0	500.0	500.0	500.0	200.0	190.66666666666666	253.83333333333334	140.33333333333334	220.33333333333334	184.33333333333334	219.33333333333334	216.66666666666666	182.83333333333334	78.33333333333333	76.83333333333333	76.83333333333333	74.33333333333333	75.16666666666667	77.83333333333333	80.16666666666667	77.5	75.16666666666667	80.33333333333333	73.83333333333333	73.83333333333333	78.66666666666667	77.66666666666667	74.16666666666667	76.83333333333333
15.0	15.5	16.333333333333332	22.0	27.333333333333332	109.16666666666667	37.166666666666664	84.0	200.0	160.0	199.33333333333334	122.0	500.0	500.0	500.0	500.0	256.3333333333333	82.66666666666667	77.5	250.5	180.83333333333334	289.0	286.5	217.33333333333334	75.0	78.5	77.83333333333333	76.33333333333333	75.0	71.83333333333333	77.83333333333333	77.0	76.33333333333333	79.66666666666667	83.5	80.5	76.33333333333333	75.33333333333333	74.83333333333333	82.66666666666667	78.0
15.333333333333334	16.5	18.5	20.5	23.666666666666668	148.5	79.33333333333333	42.666666666666664	199.16666666666666	126.16666666666667	92.33333333333333	133.33333333333334	500.0	500.0	500.0	224.0	256.8333333333333	112.16666666666667	256.1666666666667	146.33333333333334	184.16666666666666	182.0	186.33333333333334	81.0	75.5	75.66666666666667	79.16666666666667	78.5	75.83333333333333	79.66666666666667	78.0	79.66666666666667	74.16666666666667	76.83333333333333	78.33333333333333	82.5	76.5	75.66666666666667	77.83333333333333	80.83333333333333	74.66666666666667
17.166666666666668	15.833333333333334	17.333333333333332	22.5	28.166666666666668	32.333333333333336	116.66666666666667	196.5	47.666666666666664	239.0	240.16666666666666	500.0	500.0	500.0	500.0	154.33333333333334	325.3333333333333	219.16666666666666	222.5	290.1666666666667	285.3333333333333	216.33333333333334	81.0	76.16666666666667	82.66666666666667	78.5	77.5	76.0	76.0	81.16666666666667	76.83333333333333	79.5	79.16666666666667	79.0	75.66666666666667	77.33333333333333	77.5	76.66666666666667	78.16666666666667	75.5	74.0
10.333333333333334	14.333333333333334	19.833333333333332	22.0	26.333333333333332	115.16666666666667	82.16666666666667	200.16666666666666	275.3333333333333	198.83333333333334	275.3333333333333	500.0	460.5	395.5	225.33333333333334	217.33333333333334	185.5	184.16666666666666	217.0	217.33333333333334	217.83333333333334	78.33333333333333	83.0	75.16666666666667	78.16666666666667	76.16666666666667	78.83333333333333	75.5	76.16666666666667	74.83333333333333	77.66666666666667	74.5	78.83333333333333	76.5	74.16666666666667	77.83333333333333	79.33333333333333	78.66666666666667	75.5	79.66666666666667	78.16666666666667
19.5	17.833333333333332	21.0	23.833333333333332	34.666666666666664	75.66666666666667	157.5	127.33333333333333	124.33333333333333	163.16666666666666	500.0	500.0	459.1666666666667	221.16666666666666	290.0	214.16666666666666	182.5	216.83333333333334	218.0	286.5	75.0	79.83333333333333	78.33333333333333	76.83333333333333	78.5	77.0	80.0	73.16666666666667	79.0	75.66666666666667	77.66666666666667	76.0	73.0	79.5	77.5	73.66666666666667	79.83333333333333	74.5	74.16666666666667	74.83333333333333	75.83333333333333
15.666666666666666	16.166666666666668	17.0	61.833333333333336	105.0	75.5	117.66666666666667	89.16666666666667	201.66666666666666	459.3333333333333	419.0	426.0	434.0	289.5	152.0	78.33333333333333	185.66666666666666	180.33333333333334	73.5	77.66666666666667	80.16666666666667	77.83333333333333	79.33333333333333	77.33333333333333	76.83333333333333	83.16666666666667	76.0	77.5	73.83333333333333	78.5	74.5	78.5	76.66666666666667	79.66666666666667	81.83333333333333	77.33333333333333	79.16666666666667	71.66666666666667	79.0	77.16666666666667	74.16666666666667
14.0	15.166666666666666	22.666666666666668	63.833333333333336	148.33333333333334	112.16666666666667	154.83333333333334	158.16666666666666	275.1666666666667	459.3333333333333	426.6666666666667	366.6666666666667	187.66666666666666	220.5	258.0	290.0	145.16666666666666	254.83333333333334	74.16666666666667	79.66666666666667	77.33333333333333	78.33333333333333	78.5	77.5	74.83333333333333	80.66666666666667	77.66666666666667	79.83333333333333	74.16666666666667	74.83333333333333	76.16666666666667	79.0	77.16666666666667	76.5	77.5	76.83333333333333	75.33333333333333	76.33333333333333	75.33333333333333	76.0	77.66666666666667
12.833333333333334	16.666666666666668	17.833333333333332	24.833333333333332	66.83333333333333	228.16666666666666	197.16666666666666	125.66666666666667	88.0	500.0	355.8333333333333	221.16666666666666	147.33333333333334	186.5	217.16666666666666	252.83333333333334	110.83333333333333	81.83333333333333	83.5	71.33333333333333	76.33333333333333	79.16666666666667	80.5	80.66666666666667	75.5	77.16666666666667	76.16666666666667	73.0	74.83333333333333	78.16666666666667	82.0	78.5	75.16666666666667	76.33333333333333	78.33333333333333	77.5	78.66666666666667	75.66666666666667	76.5	78.33333333333333	77.16666666666667
17.333333333333332	21.0	19.833333333333332	24.166666666666668	226.66666666666666	196.0	162.5	125.83333333333333	371.6666666666667	226.5	330.1666666666667	149.16666666666666	181.16666666666666	219.66666666666666	145.33333333333334	319.1666666666667	79.5	74.5	76.16666666666667	75.5	74.5	80.33333333333333	78.83333333333333	77.5	79.5	76.66666666666667	74.83333333333333	74.33333333333333	74.83333333333333	81.33333333333333	76.66666666666667	75.33333333333333	76.16666666666667	77.83333333333333	77.5	72.66666666666667	82.16666666666667	79.16666666666667	78.16666666666667	78.5	79.66666666666667
18.166666666666668	18.0	19.666666666666668	110.33333333333333	71.5	162.83333333333334	82.66666666666667	239.83333333333334	154.5	330.0	178.16666666666666	218.33333333333334	186.33333333333334	220.33333333333334	182.66666666666666	77.16666666666667	75.16666666666667	81.16666666666667	76.5	73.0	74.0	79.5	84.83333333333333	81.0	79.0	80.16666666666667	81.83333333333333	81.16666666666667	77.16666666666667	78.33333333333333	73.66666666666667	74.16666666666667	77.0	77.66666666666667	76.66666666666667	76.0	78.0	74.5	75.5	77.33333333333333	77.5
11.333333333333334	17.333333333333332	21.666666666666668	106.0	190.66666666666666	161.0	237.83333333333334	161.5	112.33333333333333	291.3333333333333	150.5	178.66666666666666	148.5	74.0	76.66666666666667	73.83333333333333	75.33333333333333	75.0	76.33333333333333	76.0	83.5	74.33333333333333	73.33333333333333	78.16666666666667	79.16666666666667	75.83333333333333	83.66666666666667	74.83333333333333	77.5	75.83333333333333	78.83333333333333	73.16666666666667	76.5	76.5	76.0	78.83333333333333	77.83333333333333	79.33333333333333	76.5	76.16666666666667	81.33333333333333
15.166666666666666	16.0	19.0	28.0	118.66666666666667	346.6666666666667	163.5	232.66666666666666	179.33333333333334	109.83333333333333	151.16666666666666	185.0	287.6666666666667	77.16666666666667	78.66666666666667	72.83333333333333	77.5	73.5	73.33333333333333	79.0	75.16666666666667	77.66666666666667	78.66666666666667	80.33333333333333	74.66666666666667	75.16666666666667	75.66666666666667	80.0	79.33333333333333	75.83333333333333	74.0	78.0	69.83333333333333	74.83333333333333	78.33333333333333	77.33333333333333	79.66666666666667	77.83333333333333	75.83333333333333	78.5	79.16666666666667
17.333333333333332	16.5	23.166666666666668	307.6666666666667	381.1666666666667	459.5	141.5	158.33333333333334	82.83333333333333	188.0	149.16666666666666	147.83333333333334	75.16666666666667	73.16666666666667	77.83333333333333	77.5	71.83333333333333	73.5	79.33333333333333	79.33333333333333	77.66666666666667	80.83333333333333	76.33333333333333	75.33333333333333	74.66666666666667	76.83333333333333	77.0	79.66666666666667	76.0	77.66666666666667	77.16666666666667	78.5	77.66666666666667	78.16666666666667	77.83333333333333	77.33333333333333	74.33333333333333	72.5	84.0	79.33333333333333	79.5
13.5	18.0	22.5	421.6666666666667	461.1666666666667	461.0	163.66666666666666	148.66666666666666	111.0	148.5	115.16666666666667	76.0	75.16666666666667	69.5	74.66666666666667	78.83333333333333	72.33333333333333	78.66666666666667	76.33333333333333	78.83333333333333	73.0	77.5	83.66666666666667	77.0	78.0	79.16666666666667	81.0	72.5	78.0	77.66666666666667	76.66666666666667	78.33333333333333	80.33333333333333	69.5	76.16666666666667	77.16666666666667	76.83333333333333	75.0	75.5	76.83333333333333	79.83333333333333
12.0	17.833333333333332	109.16666666666667	265.0	500.0	79.33333333333333	174.0	126.83333333333333	158.5	80.83333333333333	75.83333333333333	78.0	67.0	74.5	75.16666666666667	77.83333333333333	81.83333333333333	71.33333333333333	78.0	77.33333333333333	74.5	78.16666666666667	75.0	76.83333333333333	76.0	75.66666666666667	75.16666666666667	72.33333333333333	81.66666666666667	77.16666666666667	78.5	75.5	78.66666666666667	78.0	74.33333333333333	80.83333333333333	78.83333333333333	75.83333333333333	79.66666666666667	76.83333333333333	79.83333333333333
14.5	17.0	141.83333333333334	379.0	54.666666666666664	63.666666666666664	94.5	150.16666666666666	79.0	70.33333333333333	74.83333333333333	76.16666666666667	74.83333333333333	72.5	80.0	76.83333333333333	73.83333333333333	72.16666666666667	75.0	78.66666666666667	77.0	77.83333333333333	78.33333333333333	78.0	77.66666666666667	78.66666666666667	80.0	79.33333333333333	75.66666666666667	79.0	76.83333333333333	79.83333333333333	75.33333333333333	80.66666666666667	75.0	76.83333333333333	75.83333333333333	75.5	76.0	77.33333333333333	75.66666666666667
14.0	19.5	260.5	420.1666666666667	61.166666666666664	102.83333333333333	161.5	82.66666666666667	83.83333333333333	60.333333333333336	79.0	78.66666666666667	73.33333333333333	70.5	72.0	74.33333333333333	73.83333333333333	75.33333333333333	72.66666666666667	75.66666666666667	73.5	79.83333333333333	77.16666666666667	75.33333333333333	77.33333333333333	76.66666666666667	86.0	76.0	78.33333333333333	78.5	70.33333333333333	71.5	79.0	77.5	75.0	71.83333333333333	75.66666666666667	76.16666666666667	81.33333333333333	75.66666666666667	75.16666666666667
15.166666666666666	19.5	301.0	460.8333333333333	53.0	137.5	224.5	71.66666666666667	78.33333333333333	75.16666666666667	69.83333333333333	70.0	68.66666666666667	78.16666666666667	77.0	76.83333333333333	76.0	76.83333333333333	71.16666666666667	76.33333333333333	67.83333333333333	77.5	76.0	82.16666666666667	79.16666666666667	76.83333333333333	76.5	81.0	79.5	76.66666666666667	77.83333333333333	75.0	75.33333333333333	76.33333333333333	78.33333333333333	77.33333333333333	76.5	74.0	77.83333333333333	74.5	76.66666666666667
11.333333333333334	21.5	221.5	36.833333333333336	55.333333333333336	76.5	84.0	76.66666666666667	72.5	71.16666666666667	79.5	75.83333333333333	74.0	73.83333333333333	81.16666666666667	76.33333333333333	67.33333333333333	73.0	75.66666666666667	72.33333333333333	70.0	79.83333333333333	79.66666666666667	84.66666666666667	76.5	80.83333333333333	76.16666666666667	84.0	79.16666666666667	77.33333333333333	69.5	72.66666666666667	79.33333333333333	66.66666666666667	76.0	84.16666666666667	74.83333333333333	76.66666666666667	76.33333333333333	76.16666666666667	76.0
12.166666666666666	218.5	19.166666666666668	27.0	57.5	66.83333333333333	78.66666666666667	74.33333333333333	77.5	66.16666666666667	66.33333333333333	75.16666666666667	71.83333333333333	77.33333333333333	75.16666666666667	75.5	74.16666666666667	79.33333333333333	74.16666666666667	74.5	78.0	76.83333333333333	77.16666666666667	78.5	80.66666666666667	76.66666666666667	75.83333333333333	73.33333333333333	78.33333333333333	77.33333333333333	74.83333333333333	74.5	76.16666666666667	77.66666666666667	80.5	78.66666666666667	76.83333333333333	75.83333333333333	78.83333333333333	77.16666666666667	74.66666666666667
13.333333333333334	299.0	16.333333333333332	34.166666666666664	51.5	62.666666666666664	78.5	65.5	77.0	77.16666666666667	67.83333333333333	64.66666666666667	64.66666666666667	74.0	78.33333333333333	74.16666666666667	71.5	75.0	80.16666666666667	77.16666666666667	82.5	75.83333333333333	83.83333333333333	77.5	80.16666666666667	75.83333333333333	79.0	74.5	74.66666666666667	77.33333333333333	77.83333333333333	74.66666666666667	76.83333333333333	75.33333333333333	77.16666666666667	75.0	80.16666666666667	75.66666666666667	77.83333333333333	75.83333333333333	76.33333333333333
11.666666666666666	257.3333333333333	17.0	28.166666666666668	68.16666666666667	47.166666666666664	73.5	66.66666666666667	72.66666666666667	69.16666666666667	73.83333333333333	72.5	75.0	71.83333333333333	72.16666666666667	81.5	73.5	71.5	77.0	72.83333333333333	75.0	79.0	75.33333333333333	82.5	77.83333333333333	74.5	78.66666666666667	72.83333333333333	76.66666666666667	75.16666666666667	74.16666666666667	77.16666666666667	76.16666666666667	71.66666666666667	77.83333333333333	77.5	80.66666666666667	79.0	74.66666666666667	77.66666666666667	75.66666666666667
14.333333333333334	13.5	16.5	36.666666666666664	62.333333333333336	60.5	72.33333333333333	67.83333333333333	63.0	71.66666666666667	75.33333333333333	64.33333333333333	71.66666666666667	67.5	76.5	75.5	74.0	76.33333333333333	72.66666666666667	69.66666666666667	75.16666666666667	79.33333333333333	81.16666666666667	78.83333333333333	78.33333333333333	76.5	81.66666666666667	76.0	75.66666666666667	76.0	80.0	77.0	73.16666666666667	80.16666666666667	77.16666666666667	78.66666666666667	78.66666666666667	75.83333333333333	76.16666666666667	69.66666666666667	72.5
14.833333333333334	21.166666666666668	20.833333333333332	27.5	28.833333333333332	84.0	67.0	70.0	66.66666666666667	67.0	74.83333333333333	74.66666666666667	70.5	65.0	75.16666666666667	79.0	77.16666666666667	73.16666666666667	71.16666666666667	74.16666666666667	78.66666666666667	79.5	78.5	77.0	78.33333333333333	80.5	81.5	74.33333333333333	80.66666666666667	79.0	77.16666666666667	76.66666666666667	75.83333333333333	74.83333333333333	75.16666666666667	79.5	76.16666666666667	79.5	76.33333333333333	78.33333333333333	76.33333333333333
