1.0	0.0	0.0	0.0	0.0	0.0
2.0	0.0012720848056537101	0.0014134275618374562	0.0015547703180212014	0.0013869257950530037	0.0021731448763250877
3.0	0.0028445229681978807	0.002782685512367492	0.0037897526501766794	0.003215547703180212	0.003586572438162544
4.0	0.005097173144876326	0.005176678445229681	0.006298586572438163	0.0050706713780918735	0.005503533568904594
5.0	0.008763250883392228	0.00887809187279152	0.011263250883392228	0.008648409893992933	0.009319787985865725
6.0	0.014514134275618373	0.015653710247349822	0.02025618374558304	0.013683745583038873	0.016581272084805653
7.0	0.026298586572438158	0.025547703180212013	0.03439929328621908	0.022420494699646642	0.027835689045936394
8.0	0.043127208480565386	0.04046819787985865	0.056130742049469974	0.03774734982332156	0.046254416961130744
9.0	0.06979681978798587	0.06307420494699648	0.08751766784452297	0.061598939929328626	0.0710070671378092
10.0	0.10744699646643108	0.09431095406360424	0.12945229681978798	0.09290636042402828	0.10263250883392226
11.0	0.16323321554770318	0.13642226148409894	0.18452296819787986	0.13606890459363957	0.14313604240282685
12.0	0.2327296819787986	0.18836572438162552	0.24480565371024732	0.18763250883392224	0.19129858657243815
13.0	0.31957597173144875	0.2488162544169612	0.3016077738515901	0.24551236749116603	0.24507067137809188
14.0	0.4178003533568904	0.3125265017667845	0.35480565371024736	0.2989134275618374	0.2946643109540636
15.0	0.5265636042402827	0.3718904593639576	0.3959540636042403	0.3456272084805654	0.33366607773851586
16.0	0.6370318021201414	0.42998233215547704	0.42226148409893993	0.3808833922261485	0.36564487632508835
17.0	0.7412190812720848	0.47960247349823326	0.43318904593639584	0.4008392226148409	0.38378091872791514
18.0	0.8275441696113073	0.5266166077738516	0.42827738515901054	0.40290636042402833	0.38927561837455826
19.0	0.8885689045936396	0.5640459363957597	0.4137720848056538	0.39764134275618374	0.38410777385159006
20.0	0.9277915194346289	0.5989134275618375	0.3904328621908126	0.38186395759717323	0.37360424028268546
21.0	0.9529946996466431	0.626457597173145	0.3640812720848057	0.35772084805653714	0.35507067137809195
22.0	0.9686660777385159	0.6503886925795054	0.33530918727915193	0.33468197879858663	0.33242049469964663
23.0	0.978427561837456	0.6677296819787987	0.30812720848056535	0.3078886925795053	0.30893109540636043
24.0	0.9840194346289752	0.6821996466431094	0.28138692579505303	0.28007067137809194	0.2846643109540636
25.0	0.9871024734982332	0.6922879858657245	0.2570318021201413	0.25552120141342755	0.258851590106007
26.0	0.9883392226148411	0.6997261484098941	0.23401060070671373	0.23158127208480564	0.23587455830388693
27.0	0.9889664310954064	0.7031625441696113	0.21121908127208486	0.20793286219081275	0.2129770318021201
28.0	0.9891519434628975	0.706422261484099	0.18910777385159017	0.18750000000000003	0.19040636042402823
29.0	0.9892491166077739	0.7062544169611309	0.16825971731448763	0.16713780918727913	0.1687014134275618
30.0	0.9892491166077738	0.7069522968197879	0.15167844522968194	0.1500530035335689	0.15007950530035333
31.0	0.9892579505300353	0.7041519434628976	0.1358127208480565	0.134452296819788	0.1318374558303887
32.0	0.9892049469964665	0.7024204946996464	0.12085689045936396	0.11979681978798588	0.11654593639575973
33.0	0.9892049469964664	0.6973763250883392	0.10674028268551237	0.10569787985865721	0.102773851590106
34.0	0.9891607773851593	0.6937544169611308	0.09398409893992936	0.09277385159010601	0.08988515901060072
35.0	0.9891784452296819	0.6864929328621909	0.08274734982332156	0.08179328621908127	0.0792137809187279
36.0	0.9891519434628977	0.68202296819788	0.07307420494699646	0.07203180212014133	0.06971731448763252
37.0	0.989143109540636	0.6752473498233215	0.06335689045936398	0.06266784452296821	0.06088339222614841
38.0	0.9891077738515902	0.6702296819787986	0.05559187279151943	0.05465547703180212	0.05310070671378092
39.0	0.9891342756183745	0.6624734982332156	0.049081272084805665	0.04782685512367491	0.046775618374558306
40.0	0.9890901060070673	0.6587279151943463	0.043242049469964676	0.041731448763250883	0.0402208480565371
41.0	0.9891077738515901	0.6523409893992934	0.038056537102473496	0.036210247349823324	0.034637809187279156
42.0	0.9890812720848058	0.6490724381625442	0.03357773851590106	0.03189929328621908	0.02995583038869258
43.0	0.989090106007067	0.643118374558304	0.029514134275618373	0.027455830388692575	0.02586572438162544
44.0	0.9890636042402828	0.6408922261484098	0.02561837455830389	0.02392226148409893	0.022075971731448756
45.0	0.9890812720848057	0.6381183745583039	0.022667844522968196	0.020839222614840988	0.018984098939929327
46.0	0.9890547703180214	0.6386837455830388	0.019726148409893996	0.018259717314487636	0.016130742049469966
47.0	0.9890812720848057	0.6370229681978797	0.0171113074204947	0.015715547703180212	0.013922261484098943
48.0	0.9890459363957599	0.6380123674911661	0.015053003533568903	0.013524734982332153	0.012058303886925796
49.0	0.9890724381625442	0.6365106007067136	0.013012367491166079	0.011625441696113075	0.010574204946996466
50.0	0.9890459363957599	0.6375265017667844	0.011448763250883393	0.010026501766784452	0.008913427561837457
51.0	0.9890636042402826	0.6361925795053003	0.010008833922261484	0.008727915194346288	0.007676678445229683
52.0	0.9890371024734985	0.6372703180212014	0.008674911660777386	0.0074204946996466415	0.006740282685512367
53.0	0.989054770318021	0.6358657243816254	0.007570671378091875	0.006174911660777385	0.005547703180212014
54.0	0.9890282685512369	0.6369611307420495	0.006669611307420495	0.0053268551236749125	0.004779151943462898
55.0	0.989054770318021	0.6355918727915193	0.005742049469964665	0.004567137809187279	0.003992932862190813
56.0	0.9890282685512369	0.6365989399293287	0.004867491166077739	0.003984098939929329	0.0033038869257950533
57.0	0.9890459363957597	0.6353003533568905	0.004381625441696114	0.0034098939929328624	0.0029151943462897532
58.0	0.9890194346289753	0.6363780918727916	0.003966431095406359	0.0028886925795053005	0.002464664310954064
59.0	0.9890459363957597	0.635053003533569	0.003683745583038868	0.002438162544169611	0.0021908127208480565
60.0	0.9890194346289753	0.6361572438162545	0.0032773851590106014	0.002075971731448763	0.00200530035335689
61.0	0.9890459363957597	0.6348939929328622	0.002941696113074205	0.0017579505300353354	0.0016784452296819791
62.0	0.9890194346289753	0.6359717314487632	0.002712014134275619	0.0014664310954063604	0.0014045936395759718
63.0	0.9890459363957597	0.634708480565371	0.0025618374558303886	0.0012720848056537103	0.0012102473498233216
64.0	0.9890194346289753	0.635856890459364	0.0023674911660777386	0.0011307420494699647	0.0010159010600706714
65.0	0.9890459363957597	0.6346466431095406	0.002279151943462897	0.0010159010600706714	0.0009187279151943463
66.0	0.9890194346289753	0.6358038869257951	0.0022084805653710244	0.0009275618374558303	0.0008038869257950529
67.0	0.9890459363957597	0.6346113074204947	0.0021024734982332156	0.0007862190812720847	0.0007420494699646643
68.0	0.9890194346289753	0.6357773851590107	0.0020229681978798588	0.0006537102473498233	0.000636042402826855
69.0	0.9890459363957597	0.6345494699646642	0.001987632508833922	0.0005918727915194345	0.00053886925795053
70.0	0.9890194346289753	0.6356802120141344	0.0019081272084805654	0.0005565371024734981	0.0004593639575971732
71.0	0.9890459363957597	0.6344611307420496	0.0018462897526501764	0.0004328621908127209	0.00037985865724381624
72.0	0.9890194346289753	0.6356272084805654	0.0017932862190812714	0.00037102473498233207	0.00030918727915194347
73.0	0.9890459363957597	0.6344257950530036	0.0017314487632508829	0.00029151943462897524	0.00027385159010600706
74.0	0.9890194346289753	0.635600706713781	0.0016431095406360422	0.00021201413427561835	0.00024734982332155476
75.0	0.9890459363957597	0.634416961130742	0.0015901060070671374	0.000176678445229682	0.00021201413427561835
76.0	0.9890194346289753	0.6355918727915195	0.0015636042402826856	0.00012367491166077738	0.0001855123674911661
77.0	0.9890459363957597	0.634399293286219	0.0015282685512367491	0.00010600706713780919	0.000176678445229682
78.0	0.9890194346289753	0.6355653710247351	0.0015106007067137812	8.8339222614841e-5	0.0001501766784452297
79.0	0.9890459363957597	0.6343904593639575	0.001501766784452297	8.8339222614841e-5	0.00012367491166077738
80.0	0.9890194346289753	0.6355653710247351	0.001501766784452297	6.18374558303887e-5	0.0001148409893992933
81.0	0.9890459363957597	0.6343904593639575	0.0014929328621908129	5.3003533568904595e-5	9.717314487632509e-5
82.0	0.9890194346289753	0.6355653710247351	0.0014664310954063604	4.41696113074205e-5	6.183745583038869e-5
83.0	0.9890459363957597	0.6343904593639575	0.001448763250883392	4.41696113074205e-5	3.53356890459364e-5
84.0	0.9890194346289753	0.6355653710247351	0.0014399293286219078	3.53356890459364e-5	2.6501766784452298e-5
85.0	0.9890459363957597	0.6343904593639575	0.001431095406360424	3.53356890459364e-5	2.6501766784452298e-5
86.0	0.9890194346289753	0.6355653710247351	0.001431095406360424	3.53356890459364e-5	2.6501766784452298e-5
87.0	0.9890459363957597	0.6343904593639575	0.0014134275618374556	3.53356890459364e-5	2.6501766784452298e-5
88.0	0.9890194346289753	0.6355653710247351	0.0013957597173144876	2.6501766784452294e-5	1.76678445229682e-5
89.0	0.9890459363957597	0.6343904593639575	0.0013957597173144876	1.76678445229682e-5	0.0
90.0	0.9890194346289753	0.6355653710247351	0.0013869257950530035	1.76678445229682e-5	0.0
91.0	0.9890459363957597	0.6343904593639575	0.0013869257950530035	1.76678445229682e-5	0.0
92.0	0.9890194346289753	0.6355653710247351	0.0013869257950530035	1.76678445229682e-5	0.0
93.0	0.9890459363957597	0.6343904593639575	0.0013869257950530035	1.76678445229682e-5	0.0
94.0	0.9890194346289753	0.6355653710247351	0.0013869257950530035	1.76678445229682e-5	0.0
95.0	0.9890459363957597	0.6343904593639575	0.0013780918727915193	8.8339222614841e-6	0.0
96.0	0.9890194346289753	0.6355653710247351	0.001360424028268551	8.8339222614841e-6	0.0
97.0	0.9890459363957597	0.6343904593639575	0.0013427561837455826	8.8339222614841e-6	0.0
98.0	0.9890194346289753	0.6355653710247351	0.0013427561837455826	8.8339222614841e-6	0.0
99.0	0.9890459363957597	0.6343904593639575	0.0013427561837455826	8.8339222614841e-6	0.0
100.0	0.9890194346289753	0.6355653710247351	0.0013427561837455826	0.0	0.0
101.0	0.9890459363957597	0.6343904593639575	0.0013427561837455826	0.0	0.0
102.0	0.9890194346289753	0.6355653710247351	0.0013427561837455826	0.0	0.0
103.0	0.9890459363957597	0.6343904593639575	0.0013427561837455826	0.0	0.0
104.0	0.9890194346289753	0.6355653710247351	0.0013427561837455826	0.0	0.0
105.0	0.9890459363957597	0.6343904593639575	0.0013427561837455826	0.0	0.0
106.0	0.9890194346289753	0.6355653710247351	0.0013427561837455826	0.0	0.0
107.0	0.9890459363957597	0.6343904593639575	0.0013427561837455826	0.0	0.0
108.0	0.9890194346289753	0.6355653710247351	0.0013427561837455826	0.0	0.0
109.0	0.9890459363957597	0.6343904593639575	0.0013427561837455826	0.0	0.0
110.0	0.9890194346289753	0.6355653710247351	0.0013427561837455826	0.0	0.0
111.0	0.9890459363957597	0.6343904593639575	0.0013427561837455826	0.0	0.0
112.0	0.9890194346289753	0.6355653710247351	0.0013427561837455826	0.0	0.0
113.0	0.9890459363957597	0.6343904593639575	0.0013427561837455826	0.0	0.0
114.0	0.9890194346289753	0.6355653710247351	0.0013427561837455826	0.0	0.0
115.0	0.9890459363957597	0.6343904593639575	0.0013427561837455826	0.0	0.0
116.0	0.9890194346289753	0.6355653710247351	0.0013427561837455826	0.0	0.0
117.0	0.9890459363957597	0.6343904593639575	0.0013427561837455826	0.0	0.0
118.0	0.9890194346289753	0.6355653710247351	0.0013427561837455826	0.0	0.0
119.0	0.9890459363957597	0.6343904593639575	0.0013427561837455826	0.0	0.0
120.0	0.9890194346289753	0.6355653710247351	0.0013427561837455826	0.0	0.0
121.0	0.9890459363957597	0.6343904593639575	0.0013427561837455826	0.0	0.0
122.0	0.9890194346289753	0.6355653710247351	0.0013427561837455826	0.0	0.0
123.0	0.9890459363957597	0.6343904593639575	0.0013427561837455826	0.0	0.0
124.0	0.9890194346289753	0.6355653710247351	0.0013427561837455826	0.0	0.0
125.0	0.9890459363957597	0.6343904593639575	0.0013427561837455826	0.0	0.0
126.0	0.9890194346289753	0.6355653710247351	0.0013427561837455826	0.0	0.0
127.0	0.9890459363957597	0.6343904593639575	0.0013427561837455826	0.0	0.0
128.0	0.9890194346289753	0.6355653710247351	0.0013427561837455826	0.0	0.0
129.0	0.9890459363957597	0.6343904593639575	0.0013427561837455826	0.0	0.0
130.0	0.9890194346289753	0.6355653710247351	0.0013427561837455826	0.0	0.0
131.0	0.9890459363957597	0.6343904593639575	0.0013427561837455826	0.0	0.0
132.0	0.9890194346289753	0.6355653710247351	0.0013427561837455826	0.0	0.0
133.0	0.9890459363957597	0.6343904593639575	0.0013427561837455826	0.0	0.0
134.0	0.9890194346289753	0.6355653710247351	0.0013427561837455826	0.0	0.0
135.0	0.9890459363957597	0.6343904593639575	0.0013427561837455826	0.0	0.0
136.0	0.9890194346289753	0.6355653710247351	0.0013427561837455826	0.0	0.0
137.0	0.9890459363957597	0.6343904593639575	0.0013427561837455826	0.0	0.0
138.0	0.9890194346289753	0.6355653710247351	0.0013427561837455826	0.0	0.0
139.0	0.9890459363957597	0.6343904593639575	0.0013427561837455826	0.0	0.0
140.0	0.9890194346289753	0.6355653710247351	0.0013427561837455826	0.0	0.0
141.0	0.9890459363957597	0.6343904593639575	0.0013427561837455826	0.0	0.0
142.0	0.9890194346289753	0.6355653710247351	0.0013427561837455826	0.0	0.0
143.0	0.9890459363957597	0.6343904593639575	0.0013427561837455826	0.0	0.0
144.0	0.9890194346289753	0.6355653710247351	0.0013427561837455826	0.0	0.0
145.0	0.9890459363957597	0.6343904593639575	0.0013427561837455826	0.0	0.0
146.0	0.9890194346289753	0.6355653710247351	0.0013427561837455826	0.0	0.0
147.0	0.9890459363957597	0.6343904593639575	0.0013427561837455826	0.0	0.0
148.0	0.9890194346289753	0.6355653710247351	0.0013427561837455826	0.0	0.0
149.0	0.9890459363957597	0.6343904593639575	0.0013427561837455826	0.0	0.0
150.0	0.9890194346289753	0.6355653710247351	0.0013427561837455826	0.0	0.0
151.0	0.9890459363957597	0.6343904593639575	0.0013427561837455826	0.0	0.0
152.0	0.9890194346289753	0.6355653710247351	0.0013427561837455826	0.0	0.0
153.0	0.9890459363957597	0.6343904593639575	0.0013427561837455826	0.0	0.0
154.0	0.9890194346289753	0.6355653710247351	0.0013427561837455826	0.0	0.0
155.0	0.9890459363957597	0.6343904593639575	0.0013427561837455826	0.0	0.0
156.0	0.9890194346289753	0.6355653710247351	0.0013427561837455826	0.0	0.0
157.0	0.9890459363957597	0.6343904593639575	0.0013427561837455826	0.0	0.0
158.0	0.9890194346289753	0.6355653710247351	0.0013427561837455826	0.0	0.0
159.0	0.9890459363957597	0.6343904593639575	0.0013427561837455826	0.0	0.0
160.0	0.9890194346289753	0.6355653710247351	0.0013427561837455826	0.0	0.0
161.0	0.9890459363957597	0.6343904593639575	0.0013427561837455826	0.0	0.0
162.0	0.9890194346289753	0.6355653710247351	0.0013427561837455826	0.0	0.0
163.0	0.9890459363957597	0.6343904593639575	0.0013427561837455826	0.0	0.0
164.0	0.9890194346289753	0.6355653710247351	0.0013427561837455826	0.0	0.0
165.0	0.9890459363957597	0.6343904593639575	0.0013427561837455826	0.0	0.0
166.0	0.9890194346289753	0.6355653710247351	0.0013427561837455826	0.0	0.0
167.0	0.9890459363957597	0.6343904593639575	0.0013427561837455826	0.0	0.0
168.0	0.9890194346289753	0.6355653710247351	0.0013427561837455826	0.0	0.0
169.0	0.9890459363957597	0.6343904593639575	0.0013427561837455826	0.0	0.0
170.0	0.9890194346289753	0.6355653710247351	0.0013427561837455826	0.0	0.0
171.0	0.9890459363957597	0.6343904593639575	0.0013427561837455826	0.0	0.0
172.0	0.9890194346289753	0.6355653710247351	0.0013427561837455826	0.0	0.0
173.0	0.9890459363957597	0.6343904593639575	0.0013427561837455826	0.0	0.0
174.0	0.9890194346289753	0.6355653710247351	0.0013427561837455826	0.0	0.0
175.0	0.9890459363957597	0.6343904593639575	0.0013427561837455826	0.0	0.0
176.0	0.9890194346289753	0.6355653710247351	0.0013427561837455826	0.0	0.0
177.0	0.9890459363957597	0.6343904593639575	0.0013427561837455826	0.0	0.0
178.0	0.9890194346289753	0.6355653710247351	0.0013427561837455826	0.0	0.0
179.0	0.9890459363957597	0.6343904593639575	0.0013427561837455826	0.0	0.0
180.0	0.9890194346289753	0.6355653710247351	0.0013427561837455826	0.0	0.0
181.0	0.9890459363957597	0.6343904593639575	0.0013427561837455826	0.0	0.0
182.0	0.9890194346289753	0.6355653710247351	0.0013427561837455826	0.0	0.0
183.0	0.9890459363957597	0.6343904593639575	0.0013427561837455826	0.0	0.0
184.0	0.9890194346289753	0.6355653710247351	0.0013427561837455826	0.0	0.0
185.0	0.9890459363957597	0.6343904593639575	0.0013427561837455826	0.0	0.0
186.0	0.9890194346289753	0.6355653710247351	0.0013427561837455826	0.0	0.0
187.0	0.9890459363957597	0.6343904593639575	0.0013427561837455826	0.0	0.0
188.0	0.9890194346289753	0.6355653710247351	0.0013427561837455826	0.0	0.0
189.0	0.9890459363957597	0.6343904593639575	0.0013427561837455826	0.0	0.0
190.0	0.9890194346289753	0.6355653710247351	0.0013427561837455826	0.0	0.0
191.0	0.9890459363957597	0.6343904593639575	0.0013427561837455826	0.0	0.0
192.0	0.9890194346289753	0.6355653710247351	0.0013427561837455826	0.0	0.0
193.0	0.9890459363957597	0.6343904593639575	0.0013427561837455826	0.0	0.0
194.0	0.9890194346289753	0.6355653710247351	0.0013427561837455826	0.0	0.0
195.0	0.9890459363957597	0.6343904593639575	0.0013427561837455826	0.0	0.0
196.0	0.9890194346289753	0.6355653710247351	0.0013427561837455826	0.0	0.0
197.0	0.9890459363957597	0.6343904593639575	0.0013427561837455826	0.0	0.0
198.0	0.9890194346289753	0.6355653710247351	0.0013427561837455826	0.0	0.0
199.0	0.9890459363957597	0.6343904593639575	0.0013427561837455826	0.0	0.0
200.0	0.9890194346289753	0.6355653710247351	0.0013427561837455826	0.0	0.0
201.0	0.9890459363957597	0.6343904593639575	0.0013427561837455826	0.0	0.0
202.0	0.9890194346289753	0.6355653710247351	0.0013427561837455826	0.0	0.0
203.0	0.9890459363957597	0.6343904593639575	0.0013427561837455826	0.0	0.0
204.0	0.9890194346289753	0.6355653710247351	0.0013427561837455826	0.0	0.0
205.0	0.9890459363957597	0.6343904593639575	0.0013427561837455826	0.0	0.0
206.0	0.9890194346289753	0.6355653710247351	0.0013427561837455826	0.0	0.0
207.0	0.9890459363957597	0.6343904593639575	0.0013427561837455826	0.0	0.0
208.0	0.9890194346289753	0.6355653710247351	0.0013427561837455826	0.0	0.0
209.0	0.9890459363957597	0.6343904593639575	0.0013427561837455826	0.0	0.0
210.0	0.9890194346289753	0.6355653710247351	0.0013427561837455826	0.0	0.0
211.0	0.9890459363957597	0.6343904593639575	0.0013427561837455826	0.0	0.0
212.0	0.9890194346289753	0.6355653710247351	0.0013427561837455826	0.0	0.0
213.0	0.9890459363957597	0.6343904593639575	0.0013427561837455826	0.0	0.0
214.0	0.9890194346289753	0.6355653710247351	0.0013427561837455826	0.0	0.0
215.0	0.9890459363957597	0.6343904593639575	0.0013427561837455826	0.0	0.0
216.0	0.9890194346289753	0.6355653710247351	0.0013427561837455826	0.0	0.0
217.0	0.9890459363957597	0.6343904593639575	0.0013427561837455826	0.0	0.0
218.0	0.9890194346289753	0.6355653710247351	0.0013427561837455826	0.0	0.0
219.0	0.9890459363957597	0.6343904593639575	0.0013427561837455826	0.0	0.0
220.0	0.9890194346289753	0.6355653710247351	0.0013427561837455826	0.0	0.0
221.0	0.9890459363957597	0.6343904593639575	0.0013427561837455826	0.0	0.0
222.0	0.9890194346289753	0.6355653710247351	0.0013427561837455826	0.0	0.0
223.0	0.9890459363957597	0.6343904593639575	0.0013427561837455826	0.0	0.0
224.0	0.9890194346289753	0.6355653710247351	0.0013427561837455826	0.0	0.0
225.0	0.9890459363957597	0.6343904593639575	0.0013427561837455826	0.0	0.0
226.0	0.9890194346289753	0.6355653710247351	0.0013427561837455826	0.0	0.0
227.0	0.9890459363957597	0.6343904593639575	0.0013427561837455826	0.0	0.0
228.0	0.9890194346289753	0.6355653710247351	0.0013427561837455826	0.0	0.0
229.0	0.9890459363957597	0.6343904593639575	0.0013427561837455826	0.0	0.0
230.0	0.9890194346289753	0.6355653710247351	0.0013427561837455826	0.0	0.0
231.0	0.9890459363957597	0.6343904593639575	0.0013427561837455826	0.0	0.0
232.0	0.9890194346289753	0.6355653710247351	0.0013427561837455826	0.0	0.0
233.0	0.9890459363957597	0.6343904593639575	0.0013427561837455826	0.0	0.0
234.0	0.9890194346289753	0.6355653710247351	0.0013427561837455826	0.0	0.0
235.0	0.9890459363957597	0.6343904593639575	0.0013427561837455826	0.0	0.0
236.0	0.9890194346289753	0.6355653710247351	0.0013427561837455826	0.0	0.0
237.0	0.9890459363957597	0.6343904593639575	0.0013427561837455826	0.0	0.0
238.0	0.9890194346289753	0.6355653710247351	0.0013427561837455826	0.0	0.0
239.0	0.9890459363957597	0.6343904593639575	0.0013427561837455826	0.0	0.0
240.0	0.9890194346289753	0.6355653710247351	0.0013427561837455826	0.0	0.0
241.0	0.9890459363957597	0.6343904593639575	0.0013427561837455826	0.0	0.0
242.0	0.9890194346289753	0.6355653710247351	0.0013427561837455826	0.0	0.0
243.0	0.9890459363957597	0.6343904593639575	0.0013427561837455826	0.0	0.0
244.0	0.9890194346289753	0.6355653710247351	0.0013427561837455826	0.0	0.0
245.0	0.9890459363957597	0.6343904593639575	0.0013427561837455826	0.0	0.0
246.0	0.9890194346289753	0.6355653710247351	0.0013427561837455826	0.0	0.0
247.0	0.9890459363957597	0.6343904593639575	0.0013427561837455826	0.0	0.0
248.0	0.9890194346289753	0.6355653710247351	0.0013427561837455826	0.0	0.0
249.0	0.9890459363957597	0.6343904593639575	0.0013427561837455826	0.0	0.0
250.0	0.9890194346289753	0.6355653710247351	0.0013427561837455826	0.0	0.0
251.0	0.9890459363957597	0.6343904593639575	0.0013427561837455826	0.0	0.0
252.0	0.9890194346289753	0.6355653710247351	0.0013427561837455826	0.0	0.0
253.0	0.9890459363957597	0.6343904593639575	0.0013427561837455826	0.0	0.0
254.0	0.9890194346289753	0.6355653710247351	0.0013427561837455826	0.0	0.0
255.0	0.9890459363957597	0.6343904593639575	0.0013427561837455826	0.0	0.0
256.0	0.9890194346289753	0.6355653710247351	0.0013427561837455826	0.0	0.0
257.0	0.9890459363957597	0.6343904593639575	0.0013427561837455826	0.0	0.0
258.0	0.9890194346289753	0.6355653710247351	0.0013427561837455826	0.0	0.0
259.0	0.9890459363957597	0.6343904593639575	0.0013427561837455826	0.0	0.0
260.0	0.9890194346289753	0.6355653710247351	0.0013427561837455826	0.0	0.0
261.0	0.9890459363957597	0.6343904593639575	0.0013427561837455826	0.0	0.0
262.0	0.9890194346289753	0.6355653710247351	0.0013427561837455826	0.0	0.0
263.0	0.9890459363957597	0.6343904593639575	0.0013427561837455826	0.0	0.0
264.0	0.9890194346289753	0.6355653710247351	0.0013427561837455826	0.0	0.0
265.0	0.9890459363957597	0.6343904593639575	0.0013427561837455826	0.0	0.0
266.0	0.9890194346289753	0.6355653710247351	0.0013427561837455826	0.0	0.0
267.0	0.9890459363957597	0.6343904593639575	0.0013427561837455826	0.0	0.0
268.0	0.9890194346289753	0.6355653710247351	0.0013427561837455826	0.0	0.0
269.0	0.9890459363957597	0.6343904593639575	0.0013427561837455826	0.0	0.0
270.0	0.9890194346289753	0.6355653710247351	0.0013427561837455826	0.0	0.0
271.0	0.9890459363957597	0.6343904593639575	0.0013427561837455826	0.0	0.0
272.0	0.9890194346289753	0.6355653710247351	0.0013427561837455826	0.0	0.0
273.0	0.9890459363957597	0.6343904593639575	0.0013427561837455826	0.0	0.0
274.0	0.9890194346289753	0.6355653710247351	0.0013427561837455826	0.0	0.0
275.0	0.9890459363957597	0.6343904593639575	0.0013427561837455826	0.0	0.0
276.0	0.9890194346289753	0.6355653710247351	0.0013427561837455826	0.0	0.0
277.0	0.9890459363957597	0.6343904593639575	0.0013427561837455826	0.0	0.0
278.0	0.9890194346289753	0.6355653710247351	0.0013427561837455826	0.0	0.0
279.0	0.9890459363957597	0.6343904593639575	0.0013427561837455826	0.0	0.0
280.0	0.9890194346289753	0.6355653710247351	0.0013427561837455826	0.0	0.0
281.0	0.9890459363957597	0.6343904593639575	0.0013427561837455826	0.0	0.0
282.0	0.9890194346289753	0.6355653710247351	0.0013427561837455826	0.0	0.0
283.0	0.9890459363957597	0.6343904593639575	0.0013427561837455826	0.0	0.0
284.0	0.9890194346289753	0.6355653710247351	0.0013427561837455826	0.0	0.0
285.0	0.9890459363957597	0.6343904593639575	0.0013427561837455826	0.0	0.0
286.0	0.9890194346289753	0.6355653710247351	0.0013427561837455826	0.0	0.0
287.0	0.9890459363957597	0.6343904593639575	0.0013427561837455826	0.0	0.0
288.0	0.9890194346289753	0.6355653710247351	0.0013427561837455826	0.0	0.0
289.0	0.9890459363957597	0.6343904593639575	0.0013427561837455826	0.0	0.0
290.0	0.9890194346289753	0.6355653710247351	0.0013427561837455826	0.0	0.0
291.0	0.9890459363957597	0.6343904593639575	0.0013427561837455826	0.0	0.0
292.0	0.9890194346289753	0.6355653710247351	0.0013427561837455826	0.0	0.0
293.0	0.9890459363957597	0.6343904593639575	0.0013427561837455826	0.0	0.0
294.0	0.9890194346289753	0.6355653710247351	0.0013427561837455826	0.0	0.0
295.0	0.9890459363957597	0.6343904593639575	0.0013427561837455826	0.0	0.0
296.0	0.9890194346289753	0.6355653710247351	0.0013427561837455826	0.0	0.0
297.0	0.9890459363957597	0.6343904593639575	0.0013427561837455826	0.0	0.0
298.0	0.9890194346289753	0.6355653710247351	0.0013427561837455826	0.0	0.0
299.0	0.9890459363957597	0.6343904593639575	0.0013427561837455826	0.0	0.0
300.0	0.9890194346289753	0.6355653710247351	0.0013427561837455826	0.0	0.0
301.0	0.9890459363957597	0.6343904593639575	0.0013427561837455826	0.0	0.0
302.0	0.9890194346289753	0.6355653710247351	0.0013427561837455826	0.0	0.0
303.0	0.9890459363957597	0.6343904593639575	0.0013427561837455826	0.0	0.0
304.0	0.9890194346289753	0.6355653710247351	0.0013427561837455826	0.0	0.0
305.0	0.9890459363957597	0.6343904593639575	0.0013427561837455826	0.0	0.0
306.0	0.9890194346289753	0.6355653710247351	0.0013427561837455826	0.0	0.0
307.0	0.9890459363957597	0.6343904593639575	0.0013427561837455826	0.0	0.0
308.0	0.9890194346289753	0.6355653710247351	0.0013427561837455826	0.0	0.0
309.0	0.9890459363957597	0.6343904593639575	0.0013427561837455826	0.0	0.0
310.0	0.9890194346289753	0.6355653710247351	0.0013427561837455826	0.0	0.0
311.0	0.9890459363957597	0.6343904593639575	0.0013427561837455826	0.0	0.0
312.0	0.9890194346289753	0.6355653710247351	0.0013427561837455826	0.0	0.0
313.0	0.9890459363957597	0.6343904593639575	0.0013427561837455826	0.0	0.0
314.0	0.9890194346289753	0.6355653710247351	0.0013427561837455826	0.0	0.0
315.0	0.9890459363957597	0.6343904593639575	0.0013427561837455826	0.0	0.0
316.0	0.9890194346289753	0.6355653710247351	0.0013427561837455826	0.0	0.0
317.0	0.9890459363957597	0.6343904593639575	0.0013427561837455826	0.0	0.0
318.0	0.9890194346289753	0.6355653710247351	0.0013427561837455826	0.0	0.0
319.0	0.9890459363957597	0.6343904593639575	0.0013427561837455826	0.0	0.0
320.0	0.9890194346289753	0.6355653710247351	0.0013427561837455826	0.0	0.0
321.0	0.9890459363957597	0.6343904593639575	0.0013427561837455826	0.0	0.0
322.0	0.9890194346289753	0.6355653710247351	0.0013427561837455826	0.0	0.0
323.0	0.9890459363957597	0.6343904593639575	0.0013427561837455826	0.0	0.0
324.0	0.9890194346289753	0.6355653710247351	0.0013427561837455826	0.0	0.0
325.0	0.9890459363957597	0.6343904593639575	0.0013427561837455826	0.0	0.0
326.0	0.9890194346289753	0.6355653710247351	0.0013427561837455826	0.0	0.0
327.0	0.9890459363957597	0.6343904593639575	0.0013427561837455826	0.0	0.0
328.0	0.9890194346289753	0.6355653710247351	0.0013427561837455826	0.0	0.0
329.0	0.9890459363957597	0.6343904593639575	0.0013427561837455826	0.0	0.0
330.0	0.9890194346289753	0.6355653710247351	0.0013427561837455826	0.0	0.0
331.0	0.9890459363957597	0.6343904593639575	0.0013427561837455826	0.0	0.0
332.0	0.9890194346289753	0.6355653710247351	0.0013427561837455826	0.0	0.0
333.0	0.9890459363957597	0.6343904593639575	0.0013427561837455826	0.0	0.0
334.0	0.9890194346289753	0.6355653710247351	0.0013427561837455826	0.0	0.0
335.0	0.9890459363957597	0.6343904593639575	0.0013427561837455826	0.0	0.0
336.0	0.9890194346289753	0.6355653710247351	0.0013427561837455826	0.0	0.0
337.0	0.9890459363957597	0.6343904593639575	0.0013427561837455826	0.0	0.0
338.0	0.9890194346289753	0.6355653710247351	0.0013427561837455826	0.0	0.0
339.0	0.9890459363957597	0.6343904593639575	0.0013427561837455826	0.0	0.0
340.0	0.9890194346289753	0.6355653710247351	0.0013427561837455826	0.0	0.0
341.0	0.9890459363957597	0.6343904593639575	0.0013427561837455826	0.0	0.0
342.0	0.9890194346289753	0.6355653710247351	0.0013427561837455826	0.0	0.0
343.0	0.9890459363957597	0.6343904593639575	0.0013427561837455826	0.0	0.0
344.0	0.9890194346289753	0.6355653710247351	0.0013427561837455826	0.0	0.0
345.0	0.9890459363957597	0.6343904593639575	0.0013427561837455826	0.0	0.0
346.0	0.9890194346289753	0.6355653710247351	0.0013427561837455826	0.0	0.0
347.0	0.9890459363957597	0.6343904593639575	0.0013427561837455826	0.0	0.0
348.0	0.9890194346289753	0.6355653710247351	0.0013427561837455826	0.0	0.0
349.0	0.9890459363957597	0.6343904593639575	0.0013427561837455826	0.0	0.0
350.0	0.9890194346289753	0.6355653710247351	0.0013427561837455826	0.0	0.0
351.0	0.9890459363957597	0.6343904593639575	0.0013427561837455826	0.0	0.0
352.0	0.9890194346289753	0.6355653710247351	0.0013427561837455826	0.0	0.0
353.0	0.9890459363957597	0.6343904593639575	0.0013427561837455826	0.0	0.0
354.0	0.9890194346289753	0.6355653710247351	0.0013427561837455826	0.0	0.0
355.0	0.9890459363957597	0.6343904593639575	0.0013427561837455826	0.0	0.0
356.0	0.9890194346289753	0.6355653710247351	0.0013427561837455826	0.0	0.0
357.0	0.9890459363957597	0.6343904593639575	0.0013427561837455826	0.0	0.0
358.0	0.9890194346289753	0.6355653710247351	0.0013427561837455826	0.0	0.0
359.0	0.9890459363957597	0.6343904593639575	0.0013427561837455826	0.0	0.0
360.0	0.9890194346289753	0.6355653710247351	0.0013427561837455826	0.0	0.0
361.0	0.9890459363957597	0.6343904593639575	0.0013427561837455826	0.0	0.0
362.0	0.9890194346289753	0.6355653710247351	0.0013427561837455826	0.0	0.0
363.0	0.9890459363957597	0.6343904593639575	0.0013427561837455826	0.0	0.0
364.0	0.9890194346289753	0.6355653710247351	0.0013427561837455826	0.0	0.0
365.0	0.9890459363957597	0.6343904593639575	0.0013427561837455826	0.0	0.0
366.0	0.9890194346289753	0.6355653710247351	0.0013427561837455826	0.0	0.0
367.0	0.9890459363957597	0.6343904593639575	0.0013427561837455826	0.0	0.0
368.0	0.9890194346289753	0.6355653710247351	0.0013427561837455826	0.0	0.0
369.0	0.9890459363957597	0.6343904593639575	0.0013427561837455826	0.0	0.0
370.0	0.9890194346289753	0.6355653710247351	0.0013427561837455826	0.0	0.0
371.0	0.9890459363957597	0.6343904593639575	0.0013427561837455826	0.0	0.0
372.0	0.9890194346289753	0.6355653710247351	0.0013427561837455826	0.0	0.0
373.0	0.9890459363957597	0.6343904593639575	0.0013427561837455826	0.0	0.0
374.0	0.9890194346289753	0.6355653710247351	0.0013427561837455826	0.0	0.0
375.0	0.9890459363957597	0.6343904593639575	0.0013427561837455826	0.0	0.0
376.0	0.9890194346289753	0.6355653710247351	0.0013427561837455826	0.0	0.0
377.0	0.9890459363957597	0.6343904593639575	0.0013427561837455826	0.0	0.0
378.0	0.9890194346289753	0.6355653710247351	0.0013427561837455826	0.0	0.0
379.0	0.9890459363957597	0.6343904593639575	0.0013427561837455826	0.0	0.0
380.0	0.9890194346289753	0.6355653710247351	0.0013427561837455826	0.0	0.0
381.0	0.9890459363957597	0.6343904593639575	0.0013427561837455826	0.0	0.0
382.0	0.9890194346289753	0.6355653710247351	0.0013427561837455826	0.0	0.0
383.0	0.9890459363957597	0.6343904593639575	0.0013427561837455826	0.0	0.0
384.0	0.9890194346289753	0.6355653710247351	0.0013427561837455826	0.0	0.0
385.0	0.9890459363957597	0.6343904593639575	0.0013427561837455826	0.0	0.0
386.0	0.9890194346289753	0.6355653710247351	0.0013427561837455826	0.0	0.0
387.0	0.9890459363957597	0.6343904593639575	0.0013427561837455826	0.0	0.0
388.0	0.9890194346289753	0.6355653710247351	0.0013427561837455826	0.0	0.0
389.0	0.9890459363957597	0.6343904593639575	0.0013427561837455826	0.0	0.0
390.0	0.9890194346289753	0.6355653710247351	0.0013427561837455826	0.0	0.0
391.0	0.9890459363957597	0.6343904593639575	0.0013427561837455826	0.0	0.0
392.0	0.9890194346289753	0.6355653710247351	0.0013427561837455826	0.0	0.0
393.0	0.9890459363957597	0.6343904593639575	0.0013427561837455826	0.0	0.0
394.0	0.9890194346289753	0.6355653710247351	0.0013427561837455826	0.0	0.0
395.0	0.9890459363957597	0.6343904593639575	0.0013427561837455826	0.0	0.0
396.0	0.9890194346289753	0.6355653710247351	0.0013427561837455826	0.0	0.0
397.0	0.9890459363957597	0.6343904593639575	0.0013427561837455826	0.0	0.0
398.0	0.9890194346289753	0.6355653710247351	0.0013427561837455826	0.0	0.0
399.0	0.9890459363957597	0.6343904593639575	0.0013427561837455826	0.0	0.0
400.0	0.9890194346289753	0.6355653710247351	0.0013427561837455826	0.0	0.0
401.0	0.9890459363957597	0.6343904593639575	0.0013427561837455826	0.0	0.0
402.0	0.9890194346289753	0.6355653710247351	0.0013427561837455826	0.0	0.0
403.0	0.9890459363957597	0.6343904593639575	0.0013427561837455826	0.0	0.0
404.0	0.9890194346289753	0.6355653710247351	0.0013427561837455826	0.0	0.0
405.0	0.9890459363957597	0.6343904593639575	0.0013427561837455826	0.0	0.0
406.0	0.9890194346289753	0.6355653710247351	0.0013427561837455826	0.0	0.0
407.0	0.9890459363957597	0.6343904593639575	0.0013427561837455826	0.0	0.0
408.0	0.9890194346289753	0.6355653710247351	0.0013427561837455826	0.0	0.0
409.0	0.9890459363957597	0.6343904593639575	0.0013427561837455826	0.0	0.0
410.0	0.9890194346289753	0.6355653710247351	0.0013427561837455826	0.0	0.0
411.0	0.9890459363957597	0.6343904593639575	0.0013427561837455826	0.0	0.0
412.0	0.9890194346289753	0.6355653710247351	0.0013427561837455826	0.0	0.0
413.0	0.9890459363957597	0.6343904593639575	0.0013427561837455826	0.0	0.0
414.0	0.9890194346289753	0.6355653710247351	0.0013427561837455826	0.0	0.0
415.0	0.9890459363957597	0.6343904593639575	0.0013427561837455826	0.0	0.0
416.0	0.9890194346289753	0.6355653710247351	0.0013427561837455826	0.0	0.0
417.0	0.9890459363957597	0.6343904593639575	0.0013427561837455826	0.0	0.0
418.0	0.9890194346289753	0.6355653710247351	0.0013427561837455826	0.0	0.0
419.0	0.9890459363957597	0.6343904593639575	0.0013427561837455826	0.0	0.0
420.0	0.9890194346289753	0.6355653710247351	0.0013427561837455826	0.0	0.0
421.0	0.9890459363957597	0.6343904593639575	0.0013427561837455826	0.0	0.0
422.0	0.9890194346289753	0.6355653710247351	0.0013427561837455826	0.0	0.0
423.0	0.9890459363957597	0.6343904593639575	0.0013427561837455826	0.0	0.0
424.0	0.9890194346289753	0.6355653710247351	0.0013427561837455826	0.0	0.0
425.0	0.9890459363957597	0.6343904593639575	0.0013427561837455826	0.0	0.0
426.0	0.9890194346289753	0.6355653710247351	0.0013427561837455826	0.0	0.0
427.0	0.9890459363957597	0.6343904593639575	0.0013427561837455826	0.0	0.0
428.0	0.9890194346289753	0.6355653710247351	0.0013427561837455826	0.0	0.0
429.0	0.9890459363957597	0.6343904593639575	0.0013427561837455826	0.0	0.0
430.0	0.9890194346289753	0.6355653710247351	0.0013427561837455826	0.0	0.0
431.0	0.9890459363957597	0.6343904593639575	0.0013427561837455826	0.0	0.0
432.0	0.9890194346289753	0.6355653710247351	0.0013427561837455826	0.0	0.0
433.0	0.9890459363957597	0.6343904593639575	0.0013427561837455826	0.0	0.0
434.0	0.9890194346289753	0.6355653710247351	0.0013427561837455826	0.0	0.0
435.0	0.9890459363957597	0.6343904593639575	0.0013427561837455826	0.0	0.0
436.0	0.9890194346289753	0.6355653710247351	0.0013427561837455826	0.0	0.0
437.0	0.9890459363957597	0.6343904593639575	0.0013427561837455826	0.0	0.0
438.0	0.9890194346289753	0.6355653710247351	0.0013427561837455826	0.0	0.0
439.0	0.9890459363957597	0.6343904593639575	0.0013427561837455826	0.0	0.0
440.0	0.9890194346289753	0.6355653710247351	0.0013427561837455826	0.0	0.0
441.0	0.9890459363957597	0.6343904593639575	0.0013427561837455826	0.0	0.0
442.0	0.9890194346289753	0.6355653710247351	0.0013427561837455826	0.0	0.0
443.0	0.9890459363957597	0.6343904593639575	0.0013427561837455826	0.0	0.0
444.0	0.9890194346289753	0.6355653710247351	0.0013427561837455826	0.0	0.0
445.0	0.9890459363957597	0.6343904593639575	0.0013427561837455826	0.0	0.0
446.0	0.9890194346289753	0.6355653710247351	0.0013427561837455826	0.0	0.0
447.0	0.9890459363957597	0.6343904593639575	0.0013427561837455826	0.0	0.0
448.0	0.9890194346289753	0.6355653710247351	0.0013427561837455826	0.0	0.0
449.0	0.9890459363957597	0.6343904593639575	0.0013427561837455826	0.0	0.0
450.0	0.9890194346289753	0.6355653710247351	0.0013427561837455826	0.0	0.0
451.0	0.9890459363957597	0.6343904593639575	0.0013427561837455826	0.0	0.0
452.0	0.9890194346289753	0.6355653710247351	0.0013427561837455826	0.0	0.0
453.0	0.9890459363957597	0.6343904593639575	0.0013427561837455826	0.0	0.0
454.0	0.9890194346289753	0.6355653710247351	0.0013427561837455826	0.0	0.0
455.0	0.9890459363957597	0.6343904593639575	0.0013427561837455826	0.0	0.0
456.0	0.9890194346289753	0.6355653710247351	0.0013427561837455826	0.0	0.0
457.0	0.9890459363957597	0.6343904593639575	0.0013427561837455826	0.0	0.0
458.0	0.9890194346289753	0.6355653710247351	0.0013427561837455826	0.0	0.0
459.0	0.9890459363957597	0.6343904593639575	0.0013427561837455826	0.0	0.0
460.0	0.9890194346289753	0.6355653710247351	0.0013427561837455826	0.0	0.0
461.0	0.9890459363957597	0.6343904593639575	0.0013427561837455826	0.0	0.0
462.0	0.9890194346289753	0.6355653710247351	0.0013427561837455826	0.0	0.0
463.0	0.9890459363957597	0.6343904593639575	0.0013427561837455826	0.0	0.0
464.0	0.9890194346289753	0.6355653710247351	0.0013427561837455826	0.0	0.0
465.0	0.9890459363957597	0.6343904593639575	0.0013427561837455826	0.0	0.0
466.0	0.9890194346289753	0.6355653710247351	0.0013427561837455826	0.0	0.0
467.0	0.9890459363957597	0.6343904593639575	0.0013427561837455826	0.0	0.0
468.0	0.9890194346289753	0.6355653710247351	0.0013427561837455826	0.0	0.0
469.0	0.9890459363957597	0.6343904593639575	0.0013427561837455826	0.0	0.0
470.0	0.9890194346289753	0.6355653710247351	0.0013427561837455826	0.0	0.0
471.0	0.9890459363957597	0.6343904593639575	0.0013427561837455826	0.0	0.0
472.0	0.9890194346289753	0.6355653710247351	0.0013427561837455826	0.0	0.0
473.0	0.9890459363957597	0.6343904593639575	0.0013427561837455826	0.0	0.0
474.0	0.9890194346289753	0.6355653710247351	0.0013427561837455826	0.0	0.0
475.0	0.9890459363957597	0.6343904593639575	0.0013427561837455826	0.0	0.0
476.0	0.9890194346289753	0.6355653710247351	0.0013427561837455826	0.0	0.0
477.0	0.9890459363957597	0.6343904593639575	0.0013427561837455826	0.0	0.0
478.0	0.9890194346289753	0.6355653710247351	0.0013427561837455826	0.0	0.0
479.0	0.9890459363957597	0.6343904593639575	0.0013427561837455826	0.0	0.0
480.0	0.9890194346289753	0.6355653710247351	0.0013427561837455826	0.0	0.0
481.0	0.9890459363957597	0.6343904593639575	0.0013427561837455826	0.0	0.0
482.0	0.9890194346289753	0.6355653710247351	0.0013427561837455826	0.0	0.0
483.0	0.9890459363957597	0.6343904593639575	0.0013427561837455826	0.0	0.0
484.0	0.9890194346289753	0.6355653710247351	0.0013427561837455826	0.0	0.0
485.0	0.9890459363957597	0.6343904593639575	0.0013427561837455826	0.0	0.0
486.0	0.9890194346289753	0.6355653710247351	0.0013427561837455826	0.0	0.0
487.0	0.9890459363957597	0.6343904593639575	0.0013427561837455826	0.0	0.0
488.0	0.9890194346289753	0.6355653710247351	0.0013427561837455826	0.0	0.0
489.0	0.9890459363957597	0.6343904593639575	0.0013427561837455826	0.0	0.0
490.0	0.9890194346289753	0.6355653710247351	0.0013427561837455826	0.0	0.0
491.0	0.9890459363957597	0.6343904593639575	0.0013427561837455826	0.0	0.0
492.0	0.9890194346289753	0.6355653710247351	0.0013427561837455826	0.0	0.0
493.0	0.9890459363957597	0.6343904593639575	0.0013427561837455826	0.0	0.0
494.0	0.9890194346289753	0.6355653710247351	0.0013427561837455826	0.0	0.0
495.0	0.9890459363957597	0.6343904593639575	0.0013427561837455826	0.0	0.0
496.0	0.9890194346289753	0.6355653710247351	0.0013427561837455826	0.0	0.0
497.0	0.9890459363957597	0.6343904593639575	0.0013427561837455826	0.0	0.0
498.0	0.9890194346289753	0.6355653710247351	0.0013427561837455826	0.0	0.0
499.0	0.9890459363957597	0.6343904593639575	0.0013427561837455826	0.0	0.0
500.0	0.9890194346289753	0.6355653710247351	0.0013427561837455826	0.0	0.0
