1.0	0.0008833922261484096	0.0008833922261484096	0.0008833922261484096	0.0008833922261484096	0.0008833922261484096
2.0	0.0012720848056537101	0.0014134275618374562	0.0015547703180212014	0.0013869257950530037	0.0012720848056537101
3.0	0.0016961130742049468	0.001934628975265018	0.002438162544169611	0.002181978798586573	0.001784452296819788
4.0	0.0026325088339222615	0.0031978798586572437	0.003851590106007066	0.0034275618374558304	0.002826855123674911
5.0	0.004443462897526502	0.00534452296819788	0.006643109540636043	0.005485865724381625	0.004920494699646643
6.0	0.007234982332155476	0.008948763250883394	0.011713780918727917	0.008339222614840991	0.008277385159010602
7.0	0.01223498233215548	0.014620141342756186	0.019355123674911667	0.01338339222614841	0.013604240282685509
8.0	0.020070671378091872	0.02250883392226148	0.031033568904593644	0.021925795053003534	0.021908127208480566
9.0	0.03146643109540636	0.033992932862190815	0.04661660777385159	0.03413427561837456	0.03205830388692579
10.0	0.04685512367491165	0.04924028268551237	0.06590989399293286	0.050521201413427565	0.04544169611307419
11.0	0.0653356890459364	0.06734098939929328	0.08791519434628974	0.07030035335689047	0.061263250883392226
12.0	0.08578621908127207	0.08855123674911662	0.10947879858657243	0.09318021201413426	0.07962897526501768
13.0	0.10527385159010601	0.1079505300353357	0.1276590106007067	0.11580388692579502	0.09930212014134274
14.0	0.11893109540636045	0.12492932862190813	0.14203180212014133	0.13708480565371026	0.1152826855123675
15.0	0.1253533568904594	0.13647526501766782	0.1503798586572438	0.1539134275618374	0.1296819787985866
16.0	0.12393109540636042	0.14096289752650173	0.15478798586572431	0.16700530035335684	0.13952296819787985
17.0	0.11731448763250885	0.14224381625441695	0.15516784452296817	0.1721466431095406	0.14448763250883392
18.0	0.10688162544169613	0.13886925795053004	0.15257950530035336	0.17424028268551234	0.14748233215547707
19.0	0.09516784452296821	0.13272968197879859	0.14946113074204948	0.17263250883392225	0.1464575971731449
20.0	0.08374558303886925	0.12575971731448765	0.14493816254416964	0.1674293286219081	0.14325971731448767
21.0	0.07234098939929332	0.11803003533568904	0.14	0.16086572438162544	0.1376855123674912
22.0	0.06263250883392227	0.10864840989399292	0.13402826855123673	0.1531537102473498	0.1310689045936396
23.0	0.05353356890459364	0.09859540636042402	0.12641342756183743	0.14342756183745584	0.12287985865724382
24.0	0.045176678445229684	0.08848056537102474	0.11964664310954061	0.13500883392226148	0.11422261484098939
25.0	0.03814487632508833	0.07827738515901062	0.1123144876325088	0.12490282685512367	0.10507950530035334
26.0	0.03279151943462898	0.06923144876325088	0.10481448763250883	0.11503533568904595	0.09734982332155478
27.0	0.027765017667844526	0.060441696113074206	0.09689929328621907	0.10648409893992936	0.08830388692579506
28.0	0.023480565371024737	0.05252650176678445	0.08850706713780922	0.09696113074204948	0.07941696113074204
29.0	0.01963780918727915	0.045795053003533565	0.0811660777385159	0.08839222614840989	0.07212897526501766
30.0	0.016749116607773853	0.039584805653710246	0.07456713780918728	0.08057420494699646	0.06454946996466432
31.0	0.01426678445229682	0.03411660777385159	0.06728798586572438	0.07280035335689045	0.057570671378091874
32.0	0.01202296819787986	0.029399293286219087	0.060865724381625436	0.06519434628975265	0.051404593639575974
33.0	0.010265017667844522	0.025362190812720852	0.05398409893992934	0.05807420494699647	0.04560070671378092
34.0	0.008754416961130744	0.021784452296819787	0.04847173144876327	0.05148409893992933	0.04040636042402827
35.0	0.007491166077738516	0.018763250883392226	0.04331272084805654	0.04582155477031802	0.03574204946996466
36.0	0.006404593639575974	0.01618374558303887	0.03829505300353356	0.04040636042402828	0.03166077738515902
37.0	0.0054593639575971735	0.014160777385159013	0.033542402826855125	0.03539752650176678	0.02765901060070671
38.0	0.0046731448763250895	0.011978798586572439	0.02977915194346289	0.031298586572438156	0.02436395759717315
39.0	0.004001766784452298	0.010565371024734982	0.02640459363957597	0.027261484098939928	0.02144876325088339
40.0	0.0033745583038869258	0.009134275618374559	0.023418727915194348	0.023957597173144878	0.018507067137809183
41.0	0.002879858657243816	0.007897526501766785	0.020512367491166077	0.021024734982332153	0.016113074204947
42.0	0.0025265017667844523	0.006987632508833922	0.01832155477031802	0.018480565371024736	0.014037102473498235
43.0	0.002120141342756184	0.006360424028268551	0.015954063604240284	0.015812720848056537	0.01219964664310954
44.0	0.0017314487632508835	0.0054593639575971735	0.013975265017667843	0.013860424028268552	0.0103886925795053
45.0	0.001484098939929329	0.004779151943462896	0.012040636042402826	0.012102473498233214	0.008948763250883394
46.0	0.0012720848056537103	0.004213780918727914	0.01036219081272085	0.010503533568904592	0.007535335689045936
47.0	0.0011307420494699647	0.0037544169611307427	0.008860424028268553	0.009107773851590107	0.006537102473498235
48.0	0.0009717314487632509	0.003268551236749116	0.007694346289752652	0.007915194346289752	0.005636042402826855
49.0	0.0007950530035335688	0.002862190812720848	0.006713780918727917	0.006784452296819788	0.004902826855123675
50.0	0.0006890459363957597	0.0025441696113074207	0.005733215547703181	0.005848056537102475	0.0041872791519434625
51.0	0.0005477031802120141	0.0022614840989399294	0.004946996466431095	0.0050618374558303895	0.0035689045936395758
52.0	0.00047703180212014124	0.002058303886925796	0.004196113074204948	0.0042932862190812725	0.003021201413427563
53.0	0.00039752650176678436	0.001846289752650177	0.003692579505300353	0.0035954063604240294	0.0025971731448763257
54.0	0.000362190812720848	0.0016254416961130746	0.0030653710247349826	0.0031978798586572437	0.0022879858657243813
55.0	0.0003356890459363957	0.0013250883392226147	0.0025441696113074207	0.002703180212014134	0.0018109540636042397
56.0	0.00029151943462897524	0.0010954063604240285	0.0021289752650176675	0.0024028268551236744	0.001607773851590106
57.0	0.00024734982332155476	0.000980565371024735	0.001899293286219082	0.002075971731448763	0.0013692579505300354
58.0	0.00020318021201413424	0.0008745583038869257	0.0016254416961130746	0.001757950530035336	0.001166077738515901
59.0	0.00017667844522968194	0.0007597173144876325	0.00142226148409894	0.0014664310954063606	0.0010512367491166078
60.0	0.00016784452296819785	0.0006978798586572439	0.0012102473498233218	0.0012720848056537101	0.0009098939929328622
61.0	0.00015017667844522968	0.0005653710247349821	0.0010159010600706714	0.0011042402826855124	0.000724381625441696
62.0	0.00011484098939929327	0.00048586572438162536	0.0009010600706713782	0.0009187279151943465	0.0006007067137809187
63.0	8.833922261484097e-5	0.0004063604240282685	0.0007862190812720847	0.0008480565371024735	0.0005212014134275616
64.0	5.3003533568904595e-5	0.0003445229681978798	0.0006713780918727914	0.0007332155477031802	0.0004505300353356889
65.0	4.41696113074205e-5	0.00029151943462897524	0.0006360424028268552	0.0006448763250883391	0.0004063604240282685
66.0	4.41696113074205e-5	0.0002473498233215547	0.0005918727915194345	0.0005742049469964662	0.0003356890459363957
67.0	4.41696113074205e-5	0.00022084805653710244	0.0005035335689045936	0.0004946996466431094	0.00031802120141342753
68.0	3.53356890459364e-5	0.0001855123674911661	0.0004505300353356889	0.00039752650176678436	0.00027385159010600706
69.0	2.6501766784452294e-5	0.0001413427561837456	0.0004240282685512367	0.0003798586572438162	0.00022084805653710242
70.0	8.8339222614841e-6	0.0001148409893992933	0.000362190812720848	0.0003445229681978798	0.00019434628975265012
71.0	8.8339222614841e-6	9.717314487632509e-5	0.00031802120141342753	0.00027385159010600706	0.00016784452296819788
72.0	8.8339222614841e-6	7.06713780918728e-5	0.0002826855123674912	0.00026501766784452294	0.0001413427561837456
73.0	8.8339222614841e-6	5.3003533568904595e-5	0.00022084805653710247	0.00019434628975265012	0.0001325088339222615
74.0	8.8339222614841e-6	4.41696113074205e-5	0.00016784452296819788	0.00016784452296819785	0.0001148409893992933
75.0	8.8339222614841e-6	2.6501766784452294e-5	0.0001413427561837456	0.0001413427561837456	8.8339222614841e-5
76.0	8.8339222614841e-6	1.76678445229682e-5	0.00011484098939929327	8.8339222614841e-5	7.950530035335688e-5
77.0	0.0	8.8339222614841e-6	9.717314487632506e-5	7.06713780918728e-5	7.06713780918728e-5
78.0	0.0	8.8339222614841e-6	8.833922261484097e-5	7.06713780918728e-5	5.3003533568904595e-5
79.0	0.0	8.8339222614841e-6	8.833922261484097e-5	7.06713780918728e-5	5.3003533568904595e-5
80.0	0.0	8.8339222614841e-6	8.833922261484097e-5	4.41696113074205e-5	4.41696113074205e-5
81.0	0.0	0.0	7.95053003533569e-5	4.41696113074205e-5	3.53356890459364e-5
82.0	0.0	0.0	6.18374558303887e-5	3.53356890459364e-5	2.6501766784452294e-5
83.0	0.0	0.0	6.18374558303887e-5	3.53356890459364e-5	8.8339222614841e-6
84.0	0.0	0.0	5.3003533568904595e-5	2.6501766784452294e-5	8.8339222614841e-6
85.0	0.0	0.0	5.3003533568904595e-5	2.6501766784452294e-5	8.8339222614841e-6
86.0	0.0	0.0	5.3003533568904595e-5	2.6501766784452294e-5	8.8339222614841e-6
87.0	0.0	0.0	3.53356890459364e-5	2.6501766784452294e-5	8.8339222614841e-6
88.0	0.0	0.0	3.53356890459364e-5	1.76678445229682e-5	0.0
89.0	0.0	0.0	3.53356890459364e-5	1.76678445229682e-5	0.0
90.0	0.0	0.0	2.6501766784452294e-5	1.76678445229682e-5	0.0
91.0	0.0	0.0	2.6501766784452294e-5	1.76678445229682e-5	0.0
92.0	0.0	0.0	2.6501766784452294e-5	1.76678445229682e-5	0.0
93.0	0.0	0.0	2.6501766784452294e-5	1.76678445229682e-5	0.0
94.0	0.0	0.0	2.6501766784452294e-5	1.76678445229682e-5	0.0
95.0	0.0	0.0	1.76678445229682e-5	8.8339222614841e-6	0.0
96.0	0.0	0.0	0.0	8.8339222614841e-6	0.0
97.0	0.0	0.0	0.0	8.8339222614841e-6	0.0
98.0	0.0	0.0	0.0	8.8339222614841e-6	0.0
99.0	0.0	0.0	0.0	8.8339222614841e-6	0.0
100.0	0.0	0.0	0.0	0.0	0.0
101.0	0.0	0.0	0.0	0.0	0.0
102.0	0.0	0.0	0.0	0.0	0.0
103.0	0.0	0.0	0.0	0.0	0.0
104.0	0.0	0.0	0.0	0.0	0.0
105.0	0.0	0.0	0.0	0.0	0.0
106.0	0.0	0.0	0.0	0.0	0.0
107.0	0.0	0.0	0.0	0.0	0.0
108.0	0.0	0.0	0.0	0.0	0.0
109.0	0.0	0.0	0.0	0.0	0.0
110.0	0.0	0.0	0.0	0.0	0.0
111.0	0.0	0.0	0.0	0.0	0.0
112.0	0.0	0.0	0.0	0.0	0.0
113.0	0.0	0.0	0.0	0.0	0.0
114.0	0.0	0.0	0.0	0.0	0.0
115.0	0.0	0.0	0.0	0.0	0.0
116.0	0.0	0.0	0.0	0.0	0.0
117.0	0.0	0.0	0.0	0.0	0.0
118.0	0.0	0.0	0.0	0.0	0.0
119.0	0.0	0.0	0.0	0.0	0.0
120.0	0.0	0.0	0.0	0.0	0.0
121.0	0.0	0.0	0.0	0.0	0.0
122.0	0.0	0.0	0.0	0.0	0.0
123.0	0.0	0.0	0.0	0.0	0.0
124.0	0.0	0.0	0.0	0.0	0.0
125.0	0.0	0.0	0.0	0.0	0.0
126.0	0.0	0.0	0.0	0.0	0.0
127.0	0.0	0.0	0.0	0.0	0.0
128.0	0.0	0.0	0.0	0.0	0.0
129.0	0.0	0.0	0.0	0.0	0.0
130.0	0.0	0.0	0.0	0.0	0.0
131.0	0.0	0.0	0.0	0.0	0.0
132.0	0.0	0.0	0.0	0.0	0.0
133.0	0.0	0.0	0.0	0.0	0.0
134.0	0.0	0.0	0.0	0.0	0.0
135.0	0.0	0.0	0.0	0.0	0.0
136.0	0.0	0.0	0.0	0.0	0.0
137.0	0.0	0.0	0.0	0.0	0.0
138.0	0.0	0.0	0.0	0.0	0.0
139.0	0.0	0.0	0.0	0.0	0.0
140.0	0.0	0.0	0.0	0.0	0.0
141.0	0.0	0.0	0.0	0.0	0.0
142.0	0.0	0.0	0.0	0.0	0.0
143.0	0.0	0.0	0.0	0.0	0.0
144.0	0.0	0.0	0.0	0.0	0.0
145.0	0.0	0.0	0.0	0.0	0.0
146.0	0.0	0.0	0.0	0.0	0.0
147.0	0.0	0.0	0.0	0.0	0.0
148.0	0.0	0.0	0.0	0.0	0.0
149.0	0.0	0.0	0.0	0.0	0.0
150.0	0.0	0.0	0.0	0.0	0.0
151.0	0.0	0.0	0.0	0.0	0.0
152.0	0.0	0.0	0.0	0.0	0.0
153.0	0.0	0.0	0.0	0.0	0.0
154.0	0.0	0.0	0.0	0.0	0.0
155.0	0.0	0.0	0.0	0.0	0.0
156.0	0.0	0.0	0.0	0.0	0.0
157.0	0.0	0.0	0.0	0.0	0.0
158.0	0.0	0.0	0.0	0.0	0.0
159.0	0.0	0.0	0.0	0.0	0.0
160.0	0.0	0.0	0.0	0.0	0.0
161.0	0.0	0.0	0.0	0.0	0.0
162.0	0.0	0.0	0.0	0.0	0.0
163.0	0.0	0.0	0.0	0.0	0.0
164.0	0.0	0.0	0.0	0.0	0.0
165.0	0.0	0.0	0.0	0.0	0.0
166.0	0.0	0.0	0.0	0.0	0.0
167.0	0.0	0.0	0.0	0.0	0.0
168.0	0.0	0.0	0.0	0.0	0.0
169.0	0.0	0.0	0.0	0.0	0.0
170.0	0.0	0.0	0.0	0.0	0.0
171.0	0.0	0.0	0.0	0.0	0.0
172.0	0.0	0.0	0.0	0.0	0.0
173.0	0.0	0.0	0.0	0.0	0.0
174.0	0.0	0.0	0.0	0.0	0.0
175.0	0.0	0.0	0.0	0.0	0.0
176.0	0.0	0.0	0.0	0.0	0.0
177.0	0.0	0.0	0.0	0.0	0.0
178.0	0.0	0.0	0.0	0.0	0.0
179.0	0.0	0.0	0.0	0.0	0.0
180.0	0.0	0.0	0.0	0.0	0.0
181.0	0.0	0.0	0.0	0.0	0.0
182.0	0.0	0.0	0.0	0.0	0.0
183.0	0.0	0.0	0.0	0.0	0.0
184.0	0.0	0.0	0.0	0.0	0.0
185.0	0.0	0.0	0.0	0.0	0.0
186.0	0.0	0.0	0.0	0.0	0.0
187.0	0.0	0.0	0.0	0.0	0.0
188.0	0.0	0.0	0.0	0.0	0.0
189.0	0.0	0.0	0.0	0.0	0.0
190.0	0.0	0.0	0.0	0.0	0.0
191.0	0.0	0.0	0.0	0.0	0.0
192.0	0.0	0.0	0.0	0.0	0.0
193.0	0.0	0.0	0.0	0.0	0.0
194.0	0.0	0.0	0.0	0.0	0.0
195.0	0.0	0.0	0.0	0.0	0.0
196.0	0.0	0.0	0.0	0.0	0.0
197.0	0.0	0.0	0.0	0.0	0.0
198.0	0.0	0.0	0.0	0.0	0.0
199.0	0.0	0.0	0.0	0.0	0.0
200.0	0.0	0.0	0.0	0.0	0.0
201.0	0.0	0.0	0.0	0.0	0.0
202.0	0.0	0.0	0.0	0.0	0.0
203.0	0.0	0.0	0.0	0.0	0.0
204.0	0.0	0.0	0.0	0.0	0.0
205.0	0.0	0.0	0.0	0.0	0.0
206.0	0.0	0.0	0.0	0.0	0.0
207.0	0.0	0.0	0.0	0.0	0.0
208.0	0.0	0.0	0.0	0.0	0.0
209.0	0.0	0.0	0.0	0.0	0.0
210.0	0.0	0.0	0.0	0.0	0.0
211.0	0.0	0.0	0.0	0.0	0.0
212.0	0.0	0.0	0.0	0.0	0.0
213.0	0.0	0.0	0.0	0.0	0.0
214.0	0.0	0.0	0.0	0.0	0.0
215.0	0.0	0.0	0.0	0.0	0.0
216.0	0.0	0.0	0.0	0.0	0.0
217.0	0.0	0.0	0.0	0.0	0.0
218.0	0.0	0.0	0.0	0.0	0.0
219.0	0.0	0.0	0.0	0.0	0.0
220.0	0.0	0.0	0.0	0.0	0.0
221.0	0.0	0.0	0.0	0.0	0.0
222.0	0.0	0.0	0.0	0.0	0.0
223.0	0.0	0.0	0.0	0.0	0.0
224.0	0.0	0.0	0.0	0.0	0.0
225.0	0.0	0.0	0.0	0.0	0.0
226.0	0.0	0.0	0.0	0.0	0.0
227.0	0.0	0.0	0.0	0.0	0.0
228.0	0.0	0.0	0.0	0.0	0.0
229.0	0.0	0.0	0.0	0.0	0.0
230.0	0.0	0.0	0.0	0.0	0.0
231.0	0.0	0.0	0.0	0.0	0.0
232.0	0.0	0.0	0.0	0.0	0.0
233.0	0.0	0.0	0.0	0.0	0.0
234.0	0.0	0.0	0.0	0.0	0.0
235.0	0.0	0.0	0.0	0.0	0.0
236.0	0.0	0.0	0.0	0.0	0.0
237.0	0.0	0.0	0.0	0.0	0.0
238.0	0.0	0.0	0.0	0.0	0.0
239.0	0.0	0.0	0.0	0.0	0.0
240.0	0.0	0.0	0.0	0.0	0.0
241.0	0.0	0.0	0.0	0.0	0.0
242.0	0.0	0.0	0.0	0.0	0.0
243.0	0.0	0.0	0.0	0.0	0.0
244.0	0.0	0.0	0.0	0.0	0.0
245.0	0.0	0.0	0.0	0.0	0.0
246.0	0.0	0.0	0.0	0.0	0.0
247.0	0.0	0.0	0.0	0.0	0.0
248.0	0.0	0.0	0.0	0.0	0.0
249.0	0.0	0.0	0.0	0.0	0.0
250.0	0.0	0.0	0.0	0.0	0.0
251.0	0.0	0.0	0.0	0.0	0.0
252.0	0.0	0.0	0.0	0.0	0.0
253.0	0.0	0.0	0.0	0.0	0.0
254.0	0.0	0.0	0.0	0.0	0.0
255.0	0.0	0.0	0.0	0.0	0.0
256.0	0.0	0.0	0.0	0.0	0.0
257.0	0.0	0.0	0.0	0.0	0.0
258.0	0.0	0.0	0.0	0.0	0.0
259.0	0.0	0.0	0.0	0.0	0.0
260.0	0.0	0.0	0.0	0.0	0.0
261.0	0.0	0.0	0.0	0.0	0.0
262.0	0.0	0.0	0.0	0.0	0.0
263.0	0.0	0.0	0.0	0.0	0.0
264.0	0.0	0.0	0.0	0.0	0.0
265.0	0.0	0.0	0.0	0.0	0.0
266.0	0.0	0.0	0.0	0.0	0.0
267.0	0.0	0.0	0.0	0.0	0.0
268.0	0.0	0.0	0.0	0.0	0.0
269.0	0.0	0.0	0.0	0.0	0.0
270.0	0.0	0.0	0.0	0.0	0.0
271.0	0.0	0.0	0.0	0.0	0.0
272.0	0.0	0.0	0.0	0.0	0.0
273.0	0.0	0.0	0.0	0.0	0.0
274.0	0.0	0.0	0.0	0.0	0.0
275.0	0.0	0.0	0.0	0.0	0.0
276.0	0.0	0.0	0.0	0.0	0.0
277.0	0.0	0.0	0.0	0.0	0.0
278.0	0.0	0.0	0.0	0.0	0.0
279.0	0.0	0.0	0.0	0.0	0.0
280.0	0.0	0.0	0.0	0.0	0.0
281.0	0.0	0.0	0.0	0.0	0.0
282.0	0.0	0.0	0.0	0.0	0.0
283.0	0.0	0.0	0.0	0.0	0.0
284.0	0.0	0.0	0.0	0.0	0.0
285.0	0.0	0.0	0.0	0.0	0.0
286.0	0.0	0.0	0.0	0.0	0.0
287.0	0.0	0.0	0.0	0.0	0.0
288.0	0.0	0.0	0.0	0.0	0.0
289.0	0.0	0.0	0.0	0.0	0.0
290.0	0.0	0.0	0.0	0.0	0.0
291.0	0.0	0.0	0.0	0.0	0.0
292.0	0.0	0.0	0.0	0.0	0.0
293.0	0.0	0.0	0.0	0.0	0.0
294.0	0.0	0.0	0.0	0.0	0.0
295.0	0.0	0.0	0.0	0.0	0.0
296.0	0.0	0.0	0.0	0.0	0.0
297.0	0.0	0.0	0.0	0.0	0.0
298.0	0.0	0.0	0.0	0.0	0.0
299.0	0.0	0.0	0.0	0.0	0.0
300.0	0.0	0.0	0.0	0.0	0.0
301.0	0.0	0.0	0.0	0.0	0.0
302.0	0.0	0.0	0.0	0.0	0.0
303.0	0.0	0.0	0.0	0.0	0.0
304.0	0.0	0.0	0.0	0.0	0.0
305.0	0.0	0.0	0.0	0.0	0.0
306.0	0.0	0.0	0.0	0.0	0.0
307.0	0.0	0.0	0.0	0.0	0.0
308.0	0.0	0.0	0.0	0.0	0.0
309.0	0.0	0.0	0.0	0.0	0.0
310.0	0.0	0.0	0.0	0.0	0.0
311.0	0.0	0.0	0.0	0.0	0.0
312.0	0.0	0.0	0.0	0.0	0.0
313.0	0.0	0.0	0.0	0.0	0.0
314.0	0.0	0.0	0.0	0.0	0.0
315.0	0.0	0.0	0.0	0.0	0.0
316.0	0.0	0.0	0.0	0.0	0.0
317.0	0.0	0.0	0.0	0.0	0.0
318.0	0.0	0.0	0.0	0.0	0.0
319.0	0.0	0.0	0.0	0.0	0.0
320.0	0.0	0.0	0.0	0.0	0.0
321.0	0.0	0.0	0.0	0.0	0.0
322.0	0.0	0.0	0.0	0.0	0.0
323.0	0.0	0.0	0.0	0.0	0.0
324.0	0.0	0.0	0.0	0.0	0.0
325.0	0.0	0.0	0.0	0.0	0.0
326.0	0.0	0.0	0.0	0.0	0.0
327.0	0.0	0.0	0.0	0.0	0.0
328.0	0.0	0.0	0.0	0.0	0.0
329.0	0.0	0.0	0.0	0.0	0.0
330.0	0.0	0.0	0.0	0.0	0.0
331.0	0.0	0.0	0.0	0.0	0.0
332.0	0.0	0.0	0.0	0.0	0.0
333.0	0.0	0.0	0.0	0.0	0.0
334.0	0.0	0.0	0.0	0.0	0.0
335.0	0.0	0.0	0.0	0.0	0.0
336.0	0.0	0.0	0.0	0.0	0.0
337.0	0.0	0.0	0.0	0.0	0.0
338.0	0.0	0.0	0.0	0.0	0.0
339.0	0.0	0.0	0.0	0.0	0.0
340.0	0.0	0.0	0.0	0.0	0.0
341.0	0.0	0.0	0.0	0.0	0.0
342.0	0.0	0.0	0.0	0.0	0.0
343.0	0.0	0.0	0.0	0.0	0.0
344.0	0.0	0.0	0.0	0.0	0.0
345.0	0.0	0.0	0.0	0.0	0.0
346.0	0.0	0.0	0.0	0.0	0.0
347.0	0.0	0.0	0.0	0.0	0.0
348.0	0.0	0.0	0.0	0.0	0.0
349.0	0.0	0.0	0.0	0.0	0.0
350.0	0.0	0.0	0.0	0.0	0.0
351.0	0.0	0.0	0.0	0.0	0.0
352.0	0.0	0.0	0.0	0.0	0.0
353.0	0.0	0.0	0.0	0.0	0.0
354.0	0.0	0.0	0.0	0.0	0.0
355.0	0.0	0.0	0.0	0.0	0.0
356.0	0.0	0.0	0.0	0.0	0.0
357.0	0.0	0.0	0.0	0.0	0.0
358.0	0.0	0.0	0.0	0.0	0.0
359.0	0.0	0.0	0.0	0.0	0.0
360.0	0.0	0.0	0.0	0.0	0.0
361.0	0.0	0.0	0.0	0.0	0.0
362.0	0.0	0.0	0.0	0.0	0.0
363.0	0.0	0.0	0.0	0.0	0.0
364.0	0.0	0.0	0.0	0.0	0.0
365.0	0.0	0.0	0.0	0.0	0.0
366.0	0.0	0.0	0.0	0.0	0.0
367.0	0.0	0.0	0.0	0.0	0.0
368.0	0.0	0.0	0.0	0.0	0.0
369.0	0.0	0.0	0.0	0.0	0.0
370.0	0.0	0.0	0.0	0.0	0.0
371.0	0.0	0.0	0.0	0.0	0.0
372.0	0.0	0.0	0.0	0.0	0.0
373.0	0.0	0.0	0.0	0.0	0.0
374.0	0.0	0.0	0.0	0.0	0.0
375.0	0.0	0.0	0.0	0.0	0.0
376.0	0.0	0.0	0.0	0.0	0.0
377.0	0.0	0.0	0.0	0.0	0.0
378.0	0.0	0.0	0.0	0.0	0.0
379.0	0.0	0.0	0.0	0.0	0.0
380.0	0.0	0.0	0.0	0.0	0.0
381.0	0.0	0.0	0.0	0.0	0.0
382.0	0.0	0.0	0.0	0.0	0.0
383.0	0.0	0.0	0.0	0.0	0.0
384.0	0.0	0.0	0.0	0.0	0.0
385.0	0.0	0.0	0.0	0.0	0.0
386.0	0.0	0.0	0.0	0.0	0.0
387.0	0.0	0.0	0.0	0.0	0.0
388.0	0.0	0.0	0.0	0.0	0.0
389.0	0.0	0.0	0.0	0.0	0.0
390.0	0.0	0.0	0.0	0.0	0.0
391.0	0.0	0.0	0.0	0.0	0.0
392.0	0.0	0.0	0.0	0.0	0.0
393.0	0.0	0.0	0.0	0.0	0.0
394.0	0.0	0.0	0.0	0.0	0.0
395.0	0.0	0.0	0.0	0.0	0.0
396.0	0.0	0.0	0.0	0.0	0.0
397.0	0.0	0.0	0.0	0.0	0.0
398.0	0.0	0.0	0.0	0.0	0.0
399.0	0.0	0.0	0.0	0.0	0.0
400.0	0.0	0.0	0.0	0.0	0.0
401.0	0.0	0.0	0.0	0.0	0.0
402.0	0.0	0.0	0.0	0.0	0.0
403.0	0.0	0.0	0.0	0.0	0.0
404.0	0.0	0.0	0.0	0.0	0.0
405.0	0.0	0.0	0.0	0.0	0.0
406.0	0.0	0.0	0.0	0.0	0.0
407.0	0.0	0.0	0.0	0.0	0.0
408.0	0.0	0.0	0.0	0.0	0.0
409.0	0.0	0.0	0.0	0.0	0.0
410.0	0.0	0.0	0.0	0.0	0.0
411.0	0.0	0.0	0.0	0.0	0.0
412.0	0.0	0.0	0.0	0.0	0.0
413.0	0.0	0.0	0.0	0.0	0.0
414.0	0.0	0.0	0.0	0.0	0.0
415.0	0.0	0.0	0.0	0.0	0.0
416.0	0.0	0.0	0.0	0.0	0.0
417.0	0.0	0.0	0.0	0.0	0.0
418.0	0.0	0.0	0.0	0.0	0.0
419.0	0.0	0.0	0.0	0.0	0.0
420.0	0.0	0.0	0.0	0.0	0.0
421.0	0.0	0.0	0.0	0.0	0.0
422.0	0.0	0.0	0.0	0.0	0.0
423.0	0.0	0.0	0.0	0.0	0.0
424.0	0.0	0.0	0.0	0.0	0.0
425.0	0.0	0.0	0.0	0.0	0.0
426.0	0.0	0.0	0.0	0.0	0.0
427.0	0.0	0.0	0.0	0.0	0.0
428.0	0.0	0.0	0.0	0.0	0.0
429.0	0.0	0.0	0.0	0.0	0.0
430.0	0.0	0.0	0.0	0.0	0.0
431.0	0.0	0.0	0.0	0.0	0.0
432.0	0.0	0.0	0.0	0.0	0.0
433.0	0.0	0.0	0.0	0.0	0.0
434.0	0.0	0.0	0.0	0.0	0.0
435.0	0.0	0.0	0.0	0.0	0.0
436.0	0.0	0.0	0.0	0.0	0.0
437.0	0.0	0.0	0.0	0.0	0.0
438.0	0.0	0.0	0.0	0.0	0.0
439.0	0.0	0.0	0.0	0.0	0.0
440.0	0.0	0.0	0.0	0.0	0.0
441.0	0.0	0.0	0.0	0.0	0.0
442.0	0.0	0.0	0.0	0.0	0.0
443.0	0.0	0.0	0.0	0.0	0.0
444.0	0.0	0.0	0.0	0.0	0.0
445.0	0.0	0.0	0.0	0.0	0.0
446.0	0.0	0.0	0.0	0.0	0.0
447.0	0.0	0.0	0.0	0.0	0.0
448.0	0.0	0.0	0.0	0.0	0.0
449.0	0.0	0.0	0.0	0.0	0.0
450.0	0.0	0.0	0.0	0.0	0.0
451.0	0.0	0.0	0.0	0.0	0.0
452.0	0.0	0.0	0.0	0.0	0.0
453.0	0.0	0.0	0.0	0.0	0.0
454.0	0.0	0.0	0.0	0.0	0.0
455.0	0.0	0.0	0.0	0.0	0.0
456.0	0.0	0.0	0.0	0.0	0.0
457.0	0.0	0.0	0.0	0.0	0.0
458.0	0.0	0.0	0.0	0.0	0.0
459.0	0.0	0.0	0.0	0.0	0.0
460.0	0.0	0.0	0.0	0.0	0.0
461.0	0.0	0.0	0.0	0.0	0.0
462.0	0.0	0.0	0.0	0.0	0.0
463.0	0.0	0.0	0.0	0.0	0.0
464.0	0.0	0.0	0.0	0.0	0.0
465.0	0.0	0.0	0.0	0.0	0.0
466.0	0.0	0.0	0.0	0.0	0.0
467.0	0.0	0.0	0.0	0.0	0.0
468.0	0.0	0.0	0.0	0.0	0.0
469.0	0.0	0.0	0.0	0.0	0.0
470.0	0.0	0.0	0.0	0.0	0.0
471.0	0.0	0.0	0.0	0.0	0.0
472.0	0.0	0.0	0.0	0.0	0.0
473.0	0.0	0.0	0.0	0.0	0.0
474.0	0.0	0.0	0.0	0.0	0.0
475.0	0.0	0.0	0.0	0.0	0.0
476.0	0.0	0.0	0.0	0.0	0.0
477.0	0.0	0.0	0.0	0.0	0.0
478.0	0.0	0.0	0.0	0.0	0.0
479.0	0.0	0.0	0.0	0.0	0.0
480.0	0.0	0.0	0.0	0.0	0.0
481.0	0.0	0.0	0.0	0.0	0.0
482.0	0.0	0.0	0.0	0.0	0.0
483.0	0.0	0.0	0.0	0.0	0.0
484.0	0.0	0.0	0.0	0.0	0.0
485.0	0.0	0.0	0.0	0.0	0.0
486.0	0.0	0.0	0.0	0.0	0.0
487.0	0.0	0.0	0.0	0.0	0.0
488.0	0.0	0.0	0.0	0.0	0.0
489.0	0.0	0.0	0.0	0.0	0.0
490.0	0.0	0.0	0.0	0.0	0.0
491.0	0.0	0.0	0.0	0.0	0.0
492.0	0.0	0.0	0.0	0.0	0.0
493.0	0.0	0.0	0.0	0.0	0.0
494.0	0.0	0.0	0.0	0.0	0.0
495.0	0.0	0.0	0.0	0.0	0.0
496.0	0.0	0.0	0.0	0.0	0.0
497.0	0.0	0.0	0.0	0.0	0.0
498.0	0.0	0.0	0.0	0.0	0.0
499.0	0.0	0.0	0.0	0.0	0.0
500.0	0.0	0.0	0.0	0.0	0.0
