1.0	0.0008833922261484096	0.0008833922261484096	0.0008833922261484096	0.0008833922261484096	0.0008833922261484096
2.0	0.001492932862190813	0.0014664310954063608	0.0013250883392226145	0.0011925795053003535	0.0012279151943462897
3.0	0.0023321554770318028	0.002332155477031802	0.001996466431095406	0.0017756183745583037	0.0018551236749116606
4.0	0.003860424028268552	0.0039222614840989396	0.003454063604240282	0.0030300353356890464	0.002906360424028268
5.0	0.006360424028268551	0.006598939929328623	0.005954063604240282	0.004770318021201413	0.004929328621908127
6.0	0.01047703180212014	0.010768551236749118	0.0098321554770318	0.008197879858657242	0.008277385159010602
7.0	0.016607773851590103	0.017473498233215545	0.016130742049469963	0.013233215547703183	0.013524734982332153
8.0	0.025273851590106013	0.02774734982332155	0.025424028268551238	0.021378091872791525	0.02144876325088339
9.0	0.03696996466431096	0.041784452296819784	0.038674911660777384	0.03361307420494699	0.0330565371024735
10.0	0.05198763250883392	0.05925795053003534	0.05628975265017668	0.05008833922261484	0.04747349823321555
11.0	0.07037102473498234	0.07878975265017667	0.07725265017667844	0.07029151943462898	0.06440812720848058
12.0	0.0896731448763251	0.0984893992932862	0.09818021201413427	0.09343639575971734	0.08102473498233215
13.0	0.1061042402826855	0.1152826855123675	0.12187279151943464	0.11562720848056537	0.09737632508833922
14.0	0.11866607773851591	0.1270406360424028	0.13989399293286217	0.1379946996466431	0.11071554770318022
15.0	0.12547703180212014	0.13330388692579503	0.15398409893992926	0.15526501766784453	0.12117491166077739
16.0	0.1241696113074205	0.13557420494699646	0.16250883392226145	0.1665636042402827	0.1292402826855124
17.0	0.11761484098939931	0.13280918727915197	0.16430212014134277	0.17424911660777387	0.13452296819787993
18.0	0.10550353356890457	0.12890459363957596	0.16270318021201413	0.17693462897526502	0.13696113074204952
19.0	0.0923321554770318	0.12283568904593639	0.15758833922261484	0.1749381625441696	0.1365812720848057
20.0	0.08012367491166078	0.11443462897526498	0.15064487632508836	0.1699293286219081	0.13449646643109545
21.0	0.06830388692579506	0.10604240282685513	0.14279151943462903	0.1613339222614841	0.13136925795053003
22.0	0.05790636042402826	0.0963780918727915	0.1348939929328622	0.1531007067137809	0.1252650176678445
23.0	0.04924911660777385	0.0879416961130742	0.12636925795053003	0.14314487632508835	0.11901060070671375
24.0	0.04157243816254417	0.08028268551236749	0.11841872791519431	0.13370141342756184	0.11194346289752649
25.0	0.0355565371024735	0.07330388692579504	0.11092756183745582	0.12427561837455833	0.10537102473498233
26.0	0.030097173144876324	0.06663427561837457	0.10248233215547703	0.11341872791519435	0.09868374558303886
27.0	0.025468197879858653	0.060821554770318025	0.09434628975265018	0.10399293286219079	0.09041519434628978
28.0	0.021669611307420494	0.05493816254416962	0.08623674911660778	0.09449646643109542	0.08326855123674912
29.0	0.01834805653710247	0.04957597173144876	0.07851590106007068	0.08580388692579506	0.07576855123674912
30.0	0.01569787985865724	0.0442226148409894	0.07167844522968198	0.0773321554770318	0.0692137809187279
31.0	0.013498233215547707	0.03924911660777385	0.06467314487632507	0.0694964664310954	0.062446996466431086
32.0	0.011457597173144875	0.034814487632508835	0.05820671378091871	0.06228798586572439	0.05598939929328624
33.0	0.009752650176678444	0.030671378091872797	0.05225265017667846	0.05507950530035334	0.05023851590106008
34.0	0.008162544169611308	0.027164310954063596	0.046810954063604256	0.0490017667844523	0.044293286219081275
35.0	0.0069876325088339235	0.023586572438162545	0.04189929328621909	0.04389575971731449	0.03952296819787985
36.0	0.005962897526501766	0.020468197879858662	0.03676678445229682	0.03856890459363957	0.03548586572438162
37.0	0.005132508833922261	0.01812720848056537	0.032323321554770315	0.03394876325088339	0.031272084805653716
38.0	0.004213780918727915	0.015706713780918726	0.028321554770318023	0.02987632508833922	0.027694346289752658
39.0	0.0036307420494699648	0.013816254416961129	0.024832155477031805	0.026157243816254415	0.024019434628975267
40.0	0.0030477031802120143	0.012199646643109543	0.021837455830388697	0.022941696113074204	0.020936395759717306
41.0	0.002685512367491166	0.01082155477031802	0.01912544169611308	0.020123674911660772	0.01825088339222615
42.0	0.0023056537102473496	0.009540636042402828	0.016802120141342757	0.01740282685512367	0.015883392226148416
43.0	0.001952296819787986	0.008498233215547702	0.01492049469964664	0.015	0.013683745583038871
44.0	0.0016961130742049466	0.007473498233215548	0.012985865724381629	0.01316254416961131	0.011925795053003532
45.0	0.0013957597173144879	0.0065547703180212	0.011413427561837459	0.011598939929328622	0.010424028268551237
46.0	0.0011925795053003535	0.005803886925795052	0.009858657243816253	0.01010600706713781	0.009169611307420495
47.0	0.0010159010600706711	0.00521201413427562	0.008657243816254417	0.008763250883392226	0.007968197879858658
48.0	0.0008833922261484099	0.0046113074204947	0.007508833922261483	0.007561837455830388	0.006819787985865725
49.0	0.0007773851590106005	0.004151943462897527	0.006501766784452297	0.006501766784452297	0.005892226148409895
50.0	0.0006625441696113072	0.0038339222614840983	0.005662544169611309	0.005662544169611309	0.005017667844522968
51.0	0.0006360424028268551	0.003551236749116608	0.004982332155477032	0.004885159010600707	0.004257950530035335
52.0	0.0005653710247349824	0.00333922261484099	0.0043374558303886914	0.004151943462897526	0.003719081272084806
53.0	0.00045053003533568906	0.0029946996466431093	0.0036395759717314496	0.0036130742049469955	0.0030123674911660767
54.0	0.00040636042402826853	0.0026678445229681978	0.003012367491166078	0.0031448763250883395	0.002676678445229682
55.0	0.000362190812720848	0.002323321554770318	0.0026855123674911657	0.0028356890459363955	0.002332155477031802
56.0	0.0003091872791519434	0.002014134275618375	0.0023409893992932863	0.0024116607773851588	0.0019699646643109537
57.0	0.0002473498233215547	0.001775618374558304	0.0021113074204946996	0.001987632508833922	0.001625441696113074
58.0	0.00021201413427561835	0.0015282685512367491	0.001846289752650177	0.0016961130742049468	0.0013780918727915195
59.0	0.0001855123674911661	0.00142226148409894	0.0015547703180212016	0.0014840989399293287	0.0011749116607773851
60.0	0.000176678445229682	0.0012190812720848055	0.001413427561837456	0.001254416961130742	0.0010159010600706714
61.0	0.00014134275618374553	0.0010159010600706716	0.0012809187279151945	0.0010689045936395762	0.0008833922261484103
62.0	0.00012367491166077738	0.0008833922261484099	0.0010424028268551239	0.0009187279151943465	0.0007862190812720849
63.0	0.00011484098939929327	0.0007773851590106008	0.000962897526501767	0.0007950530035335687	0.0006360424028268551
64.0	0.00010600706713780916	0.000706713780918728	0.0008303886925795055	0.0006802120141342756	0.0005300353356890459
65.0	7.950530035335688e-5	0.0006183745583038868	0.0007155477031802121	0.00053886925795053	0.00045936395759717307
66.0	7.06713780918728e-5	0.0005477031802120141	0.0006095406360424028	0.0004770318021201412	0.0004063604240282686
67.0	7.06713780918728e-5	0.0005035335689045936	0.000530035335689046	0.00038869257950530024	0.00033568904593639576
68.0	5.3003533568904595e-5	0.00040636042402826853	0.0004858657243816254	0.00032685512367491165	0.00029151943462897524
69.0	3.53356890459364e-5	0.0003356890459363957	0.00044169611307420494	0.00024734982332155476	0.000273851590106007
70.0	1.76678445229682e-5	0.0002826855123674911	0.0003798586572438162	0.00022084805653710244	0.0002296819787985865
71.0	1.76678445229682e-5	0.00022084805653710247	0.000362190812720848	0.00015017667844522968	0.0001855123674911661
72.0	8.8339222614841e-6	0.00020318021201413427	0.00029151943462897524	0.0001413427561837456	0.000176678445229682
73.0	8.8339222614841e-6	0.00016784452296819788	0.00023851590106007062	0.00010600706713780918	0.00012367491166077738
74.0	8.8339222614841e-6	0.0001413427561837456	0.00017667844522968194	8.8339222614841e-5	9.717314487632506e-5
75.0	8.8339222614841e-6	0.0001413427561837456	0.00016784452296819785	7.950530035335688e-5	8.8339222614841e-5
76.0	8.8339222614841e-6	0.00012367491166077736	0.00015017667844522965	7.06713780918728e-5	7.06713780918728e-5
77.0	8.8339222614841e-6	0.00013250883392226144	0.00014134275618374553	6.18374558303887e-5	3.53356890459364e-5
78.0	0.0	0.00014134275618374553	9.717314487632509e-5	6.18374558303887e-5	3.53356890459364e-5
79.0	0.0	0.00013250883392226147	7.95053003533569e-5	5.3003533568904595e-5	2.6501766784452294e-5
80.0	0.0	0.00012367491166077738	7.06713780918728e-5	5.3003533568904595e-5	2.6501766784452294e-5
81.0	0.0	9.717314487632509e-5	7.06713780918728e-5	5.3003533568904595e-5	2.6501766784452294e-5
82.0	0.0	7.95053003533569e-5	7.06713780918728e-5	5.3003533568904595e-5	2.6501766784452294e-5
83.0	0.0	7.06713780918728e-5	7.06713780918728e-5	5.3003533568904595e-5	2.6501766784452294e-5
84.0	0.0	7.06713780918728e-5	7.06713780918728e-5	5.3003533568904595e-5	1.76678445229682e-5
85.0	0.0	4.41696113074205e-5	5.3003533568904595e-5	4.41696113074205e-5	1.76678445229682e-5
86.0	0.0	2.6501766784452294e-5	4.41696113074205e-5	4.41696113074205e-5	1.76678445229682e-5
87.0	0.0	2.6501766784452294e-5	3.53356890459364e-5	4.41696113074205e-5	1.76678445229682e-5
88.0	0.0	1.76678445229682e-5	2.6501766784452294e-5	4.41696113074205e-5	1.76678445229682e-5
89.0	0.0	0.0	2.6501766784452294e-5	4.41696113074205e-5	1.76678445229682e-5
90.0	0.0	0.0	1.76678445229682e-5	4.41696113074205e-5	1.76678445229682e-5
91.0	0.0	0.0	1.76678445229682e-5	4.41696113074205e-5	1.76678445229682e-5
92.0	0.0	0.0	1.76678445229682e-5	3.53356890459364e-5	0.0
93.0	0.0	0.0	1.76678445229682e-5	3.53356890459364e-5	0.0
94.0	0.0	0.0	1.76678445229682e-5	3.53356890459364e-5	0.0
95.0	0.0	0.0	8.8339222614841e-6	2.6501766784452294e-5	0.0
96.0	0.0	0.0	0.0	2.6501766784452294e-5	0.0
97.0	0.0	0.0	0.0	2.6501766784452294e-5	0.0
98.0	0.0	0.0	0.0	8.8339222614841e-6	0.0
99.0	0.0	0.0	0.0	8.8339222614841e-6	0.0
100.0	0.0	0.0	0.0	0.0	0.0
101.0	0.0	0.0	0.0	0.0	0.0
102.0	0.0	0.0	0.0	0.0	0.0
103.0	0.0	0.0	0.0	0.0	0.0
104.0	0.0	0.0	0.0	0.0	0.0
105.0	0.0	0.0	0.0	0.0	0.0
106.0	0.0	0.0	0.0	0.0	0.0
107.0	0.0	0.0	0.0	0.0	0.0
108.0	0.0	0.0	0.0	0.0	0.0
109.0	0.0	0.0	0.0	0.0	0.0
110.0	0.0	0.0	0.0	0.0	0.0
111.0	0.0	0.0	0.0	0.0	0.0
112.0	0.0	0.0	0.0	0.0	0.0
113.0	0.0	0.0	0.0	0.0	0.0
114.0	0.0	0.0	0.0	0.0	0.0
115.0	0.0	0.0	0.0	0.0	0.0
116.0	0.0	0.0	0.0	0.0	0.0
117.0	0.0	0.0	0.0	0.0	0.0
118.0	0.0	0.0	0.0	0.0	0.0
119.0	0.0	0.0	0.0	0.0	0.0
120.0	0.0	0.0	0.0	0.0	0.0
121.0	0.0	0.0	0.0	0.0	0.0
122.0	0.0	0.0	0.0	0.0	0.0
123.0	0.0	0.0	0.0	0.0	0.0
124.0	0.0	0.0	0.0	0.0	0.0
125.0	0.0	0.0	0.0	0.0	0.0
126.0	0.0	0.0	0.0	0.0	0.0
127.0	0.0	0.0	0.0	0.0	0.0
128.0	0.0	0.0	0.0	0.0	0.0
129.0	0.0	0.0	0.0	0.0	0.0
130.0	0.0	0.0	0.0	0.0	0.0
131.0	0.0	0.0	0.0	0.0	0.0
132.0	0.0	0.0	0.0	0.0	0.0
133.0	0.0	0.0	0.0	0.0	0.0
134.0	0.0	0.0	0.0	0.0	0.0
135.0	0.0	0.0	0.0	0.0	0.0
136.0	0.0	0.0	0.0	0.0	0.0
137.0	0.0	0.0	0.0	0.0	0.0
138.0	0.0	0.0	0.0	0.0	0.0
139.0	0.0	0.0	0.0	0.0	0.0
140.0	0.0	0.0	0.0	0.0	0.0
141.0	0.0	0.0	0.0	0.0	0.0
142.0	0.0	0.0	0.0	0.0	0.0
143.0	0.0	0.0	0.0	0.0	0.0
144.0	0.0	0.0	0.0	0.0	0.0
145.0	0.0	0.0	0.0	0.0	0.0
146.0	0.0	0.0	0.0	0.0	0.0
147.0	0.0	0.0	0.0	0.0	0.0
148.0	0.0	0.0	0.0	0.0	0.0
149.0	0.0	0.0	0.0	0.0	0.0
150.0	0.0	0.0	0.0	0.0	0.0
151.0	0.0	0.0	0.0	0.0	0.0
152.0	0.0	0.0	0.0	0.0	0.0
153.0	0.0	0.0	0.0	0.0	0.0
154.0	0.0	0.0	0.0	0.0	0.0
155.0	0.0	0.0	0.0	0.0	0.0
156.0	0.0	0.0	0.0	0.0	0.0
157.0	0.0	0.0	0.0	0.0	0.0
158.0	0.0	0.0	0.0	0.0	0.0
159.0	0.0	0.0	0.0	0.0	0.0
160.0	0.0	0.0	0.0	0.0	0.0
161.0	0.0	0.0	0.0	0.0	0.0
162.0	0.0	0.0	0.0	0.0	0.0
163.0	0.0	0.0	0.0	0.0	0.0
164.0	0.0	0.0	0.0	0.0	0.0
165.0	0.0	0.0	0.0	0.0	0.0
166.0	0.0	0.0	0.0	0.0	0.0
167.0	0.0	0.0	0.0	0.0	0.0
168.0	0.0	0.0	0.0	0.0	0.0
169.0	0.0	0.0	0.0	0.0	0.0
170.0	0.0	0.0	0.0	0.0	0.0
171.0	0.0	0.0	0.0	0.0	0.0
172.0	0.0	0.0	0.0	0.0	0.0
173.0	0.0	0.0	0.0	0.0	0.0
174.0	0.0	0.0	0.0	0.0	0.0
175.0	0.0	0.0	0.0	0.0	0.0
176.0	0.0	0.0	0.0	0.0	0.0
177.0	0.0	0.0	0.0	0.0	0.0
178.0	0.0	0.0	0.0	0.0	0.0
179.0	0.0	0.0	0.0	0.0	0.0
180.0	0.0	0.0	0.0	0.0	0.0
181.0	0.0	0.0	0.0	0.0	0.0
182.0	0.0	0.0	0.0	0.0	0.0
183.0	0.0	0.0	0.0	0.0	0.0
184.0	0.0	0.0	0.0	0.0	0.0
185.0	0.0	0.0	0.0	0.0	0.0
186.0	0.0	0.0	0.0	0.0	0.0
187.0	0.0	0.0	0.0	0.0	0.0
188.0	0.0	0.0	0.0	0.0	0.0
189.0	0.0	0.0	0.0	0.0	0.0
190.0	0.0	0.0	0.0	0.0	0.0
191.0	0.0	0.0	0.0	0.0	0.0
192.0	0.0	0.0	0.0	0.0	0.0
193.0	0.0	0.0	0.0	0.0	0.0
194.0	0.0	0.0	0.0	0.0	0.0
195.0	0.0	0.0	0.0	0.0	0.0
196.0	0.0	0.0	0.0	0.0	0.0
197.0	0.0	0.0	0.0	0.0	0.0
198.0	0.0	0.0	0.0	0.0	0.0
199.0	0.0	0.0	0.0	0.0	0.0
200.0	0.0	0.0	0.0	0.0	0.0
201.0	0.0	0.0	0.0	0.0	0.0
202.0	0.0	0.0	0.0	0.0	0.0
203.0	0.0	0.0	0.0	0.0	0.0
204.0	0.0	0.0	0.0	0.0	0.0
205.0	0.0	0.0	0.0	0.0	0.0
206.0	0.0	0.0	0.0	0.0	0.0
207.0	0.0	0.0	0.0	0.0	0.0
208.0	0.0	0.0	0.0	0.0	0.0
209.0	0.0	0.0	0.0	0.0	0.0
210.0	0.0	0.0	0.0	0.0	0.0
211.0	0.0	0.0	0.0	0.0	0.0
212.0	0.0	0.0	0.0	0.0	0.0
213.0	0.0	0.0	0.0	0.0	0.0
214.0	0.0	0.0	0.0	0.0	0.0
215.0	0.0	0.0	0.0	0.0	0.0
216.0	0.0	0.0	0.0	0.0	0.0
217.0	0.0	0.0	0.0	0.0	0.0
218.0	0.0	0.0	0.0	0.0	0.0
219.0	0.0	0.0	0.0	0.0	0.0
220.0	0.0	0.0	0.0	0.0	0.0
221.0	0.0	0.0	0.0	0.0	0.0
222.0	0.0	0.0	0.0	0.0	0.0
223.0	0.0	0.0	0.0	0.0	0.0
224.0	0.0	0.0	0.0	0.0	0.0
225.0	0.0	0.0	0.0	0.0	0.0
226.0	0.0	0.0	0.0	0.0	0.0
227.0	0.0	0.0	0.0	0.0	0.0
228.0	0.0	0.0	0.0	0.0	0.0
229.0	0.0	0.0	0.0	0.0	0.0
230.0	0.0	0.0	0.0	0.0	0.0
231.0	0.0	0.0	0.0	0.0	0.0
232.0	0.0	0.0	0.0	0.0	0.0
233.0	0.0	0.0	0.0	0.0	0.0
234.0	0.0	0.0	0.0	0.0	0.0
235.0	0.0	0.0	0.0	0.0	0.0
236.0	0.0	0.0	0.0	0.0	0.0
237.0	0.0	0.0	0.0	0.0	0.0
238.0	0.0	0.0	0.0	0.0	0.0
239.0	0.0	0.0	0.0	0.0	0.0
240.0	0.0	0.0	0.0	0.0	0.0
241.0	0.0	0.0	0.0	0.0	0.0
242.0	0.0	0.0	0.0	0.0	0.0
243.0	0.0	0.0	0.0	0.0	0.0
244.0	0.0	0.0	0.0	0.0	0.0
245.0	0.0	0.0	0.0	0.0	0.0
246.0	0.0	0.0	0.0	0.0	0.0
247.0	0.0	0.0	0.0	0.0	0.0
248.0	0.0	0.0	0.0	0.0	0.0
249.0	0.0	0.0	0.0	0.0	0.0
250.0	0.0	0.0	0.0	0.0	0.0
251.0	0.0	0.0	0.0	0.0	0.0
252.0	0.0	0.0	0.0	0.0	0.0
253.0	0.0	0.0	0.0	0.0	0.0
254.0	0.0	0.0	0.0	0.0	0.0
255.0	0.0	0.0	0.0	0.0	0.0
256.0	0.0	0.0	0.0	0.0	0.0
257.0	0.0	0.0	0.0	0.0	0.0
258.0	0.0	0.0	0.0	0.0	0.0
259.0	0.0	0.0	0.0	0.0	0.0
260.0	0.0	0.0	0.0	0.0	0.0
261.0	0.0	0.0	0.0	0.0	0.0
262.0	0.0	0.0	0.0	0.0	0.0
263.0	0.0	0.0	0.0	0.0	0.0
264.0	0.0	0.0	0.0	0.0	0.0
265.0	0.0	0.0	0.0	0.0	0.0
266.0	0.0	0.0	0.0	0.0	0.0
267.0	0.0	0.0	0.0	0.0	0.0
268.0	0.0	0.0	0.0	0.0	0.0
269.0	0.0	0.0	0.0	0.0	0.0
270.0	0.0	0.0	0.0	0.0	0.0
271.0	0.0	0.0	0.0	0.0	0.0
272.0	0.0	0.0	0.0	0.0	0.0
273.0	0.0	0.0	0.0	0.0	0.0
274.0	0.0	0.0	0.0	0.0	0.0
275.0	0.0	0.0	0.0	0.0	0.0
276.0	0.0	0.0	0.0	0.0	0.0
277.0	0.0	0.0	0.0	0.0	0.0
278.0	0.0	0.0	0.0	0.0	0.0
279.0	0.0	0.0	0.0	0.0	0.0
280.0	0.0	0.0	0.0	0.0	0.0
281.0	0.0	0.0	0.0	0.0	0.0
282.0	0.0	0.0	0.0	0.0	0.0
283.0	0.0	0.0	0.0	0.0	0.0
284.0	0.0	0.0	0.0	0.0	0.0
285.0	0.0	0.0	0.0	0.0	0.0
286.0	0.0	0.0	0.0	0.0	0.0
287.0	0.0	0.0	0.0	0.0	0.0
288.0	0.0	0.0	0.0	0.0	0.0
289.0	0.0	0.0	0.0	0.0	0.0
290.0	0.0	0.0	0.0	0.0	0.0
291.0	0.0	0.0	0.0	0.0	0.0
292.0	0.0	0.0	0.0	0.0	0.0
293.0	0.0	0.0	0.0	0.0	0.0
294.0	0.0	0.0	0.0	0.0	0.0
295.0	0.0	0.0	0.0	0.0	0.0
296.0	0.0	0.0	0.0	0.0	0.0
297.0	0.0	0.0	0.0	0.0	0.0
298.0	0.0	0.0	0.0	0.0	0.0
299.0	0.0	0.0	0.0	0.0	0.0
300.0	0.0	0.0	0.0	0.0	0.0
301.0	0.0	0.0	0.0	0.0	0.0
302.0	0.0	0.0	0.0	0.0	0.0
303.0	0.0	0.0	0.0	0.0	0.0
304.0	0.0	0.0	0.0	0.0	0.0
305.0	0.0	0.0	0.0	0.0	0.0
306.0	0.0	0.0	0.0	0.0	0.0
307.0	0.0	0.0	0.0	0.0	0.0
308.0	0.0	0.0	0.0	0.0	0.0
309.0	0.0	0.0	0.0	0.0	0.0
310.0	0.0	0.0	0.0	0.0	0.0
311.0	0.0	0.0	0.0	0.0	0.0
312.0	0.0	0.0	0.0	0.0	0.0
313.0	0.0	0.0	0.0	0.0	0.0
314.0	0.0	0.0	0.0	0.0	0.0
315.0	0.0	0.0	0.0	0.0	0.0
316.0	0.0	0.0	0.0	0.0	0.0
317.0	0.0	0.0	0.0	0.0	0.0
318.0	0.0	0.0	0.0	0.0	0.0
319.0	0.0	0.0	0.0	0.0	0.0
320.0	0.0	0.0	0.0	0.0	0.0
321.0	0.0	0.0	0.0	0.0	0.0
322.0	0.0	0.0	0.0	0.0	0.0
323.0	0.0	0.0	0.0	0.0	0.0
324.0	0.0	0.0	0.0	0.0	0.0
325.0	0.0	0.0	0.0	0.0	0.0
326.0	0.0	0.0	0.0	0.0	0.0
327.0	0.0	0.0	0.0	0.0	0.0
328.0	0.0	0.0	0.0	0.0	0.0
329.0	0.0	0.0	0.0	0.0	0.0
330.0	0.0	0.0	0.0	0.0	0.0
331.0	0.0	0.0	0.0	0.0	0.0
332.0	0.0	0.0	0.0	0.0	0.0
333.0	0.0	0.0	0.0	0.0	0.0
334.0	0.0	0.0	0.0	0.0	0.0
335.0	0.0	0.0	0.0	0.0	0.0
336.0	0.0	0.0	0.0	0.0	0.0
337.0	0.0	0.0	0.0	0.0	0.0
338.0	0.0	0.0	0.0	0.0	0.0
339.0	0.0	0.0	0.0	0.0	0.0
340.0	0.0	0.0	0.0	0.0	0.0
341.0	0.0	0.0	0.0	0.0	0.0
342.0	0.0	0.0	0.0	0.0	0.0
343.0	0.0	0.0	0.0	0.0	0.0
344.0	0.0	0.0	0.0	0.0	0.0
345.0	0.0	0.0	0.0	0.0	0.0
346.0	0.0	0.0	0.0	0.0	0.0
347.0	0.0	0.0	0.0	0.0	0.0
348.0	0.0	0.0	0.0	0.0	0.0
349.0	0.0	0.0	0.0	0.0	0.0
350.0	0.0	0.0	0.0	0.0	0.0
351.0	0.0	0.0	0.0	0.0	0.0
352.0	0.0	0.0	0.0	0.0	0.0
353.0	0.0	0.0	0.0	0.0	0.0
354.0	0.0	0.0	0.0	0.0	0.0
355.0	0.0	0.0	0.0	0.0	0.0
356.0	0.0	0.0	0.0	0.0	0.0
357.0	0.0	0.0	0.0	0.0	0.0
358.0	0.0	0.0	0.0	0.0	0.0
359.0	0.0	0.0	0.0	0.0	0.0
360.0	0.0	0.0	0.0	0.0	0.0
361.0	0.0	0.0	0.0	0.0	0.0
362.0	0.0	0.0	0.0	0.0	0.0
363.0	0.0	0.0	0.0	0.0	0.0
364.0	0.0	0.0	0.0	0.0	0.0
365.0	0.0	0.0	0.0	0.0	0.0
366.0	0.0	0.0	0.0	0.0	0.0
367.0	0.0	0.0	0.0	0.0	0.0
368.0	0.0	0.0	0.0	0.0	0.0
369.0	0.0	0.0	0.0	0.0	0.0
370.0	0.0	0.0	0.0	0.0	0.0
371.0	0.0	0.0	0.0	0.0	0.0
372.0	0.0	0.0	0.0	0.0	0.0
373.0	0.0	0.0	0.0	0.0	0.0
374.0	0.0	0.0	0.0	0.0	0.0
375.0	0.0	0.0	0.0	0.0	0.0
376.0	0.0	0.0	0.0	0.0	0.0
377.0	0.0	0.0	0.0	0.0	0.0
378.0	0.0	0.0	0.0	0.0	0.0
379.0	0.0	0.0	0.0	0.0	0.0
380.0	0.0	0.0	0.0	0.0	0.0
381.0	0.0	0.0	0.0	0.0	0.0
382.0	0.0	0.0	0.0	0.0	0.0
383.0	0.0	0.0	0.0	0.0	0.0
384.0	0.0	0.0	0.0	0.0	0.0
385.0	0.0	0.0	0.0	0.0	0.0
386.0	0.0	0.0	0.0	0.0	0.0
387.0	0.0	0.0	0.0	0.0	0.0
388.0	0.0	0.0	0.0	0.0	0.0
389.0	0.0	0.0	0.0	0.0	0.0
390.0	0.0	0.0	0.0	0.0	0.0
391.0	0.0	0.0	0.0	0.0	0.0
392.0	0.0	0.0	0.0	0.0	0.0
393.0	0.0	0.0	0.0	0.0	0.0
394.0	0.0	0.0	0.0	0.0	0.0
395.0	0.0	0.0	0.0	0.0	0.0
396.0	0.0	0.0	0.0	0.0	0.0
397.0	0.0	0.0	0.0	0.0	0.0
398.0	0.0	0.0	0.0	0.0	0.0
399.0	0.0	0.0	0.0	0.0	0.0
400.0	0.0	0.0	0.0	0.0	0.0
401.0	0.0	0.0	0.0	0.0	0.0
402.0	0.0	0.0	0.0	0.0	0.0
403.0	0.0	0.0	0.0	0.0	0.0
404.0	0.0	0.0	0.0	0.0	0.0
405.0	0.0	0.0	0.0	0.0	0.0
406.0	0.0	0.0	0.0	0.0	0.0
407.0	0.0	0.0	0.0	0.0	0.0
408.0	0.0	0.0	0.0	0.0	0.0
409.0	0.0	0.0	0.0	0.0	0.0
410.0	0.0	0.0	0.0	0.0	0.0
411.0	0.0	0.0	0.0	0.0	0.0
412.0	0.0	0.0	0.0	0.0	0.0
413.0	0.0	0.0	0.0	0.0	0.0
414.0	0.0	0.0	0.0	0.0	0.0
415.0	0.0	0.0	0.0	0.0	0.0
416.0	0.0	0.0	0.0	0.0	0.0
417.0	0.0	0.0	0.0	0.0	0.0
418.0	0.0	0.0	0.0	0.0	0.0
419.0	0.0	0.0	0.0	0.0	0.0
420.0	0.0	0.0	0.0	0.0	0.0
421.0	0.0	0.0	0.0	0.0	0.0
422.0	0.0	0.0	0.0	0.0	0.0
423.0	0.0	0.0	0.0	0.0	0.0
424.0	0.0	0.0	0.0	0.0	0.0
425.0	0.0	0.0	0.0	0.0	0.0
426.0	0.0	0.0	0.0	0.0	0.0
427.0	0.0	0.0	0.0	0.0	0.0
428.0	0.0	0.0	0.0	0.0	0.0
429.0	0.0	0.0	0.0	0.0	0.0
430.0	0.0	0.0	0.0	0.0	0.0
431.0	0.0	0.0	0.0	0.0	0.0
432.0	0.0	0.0	0.0	0.0	0.0
433.0	0.0	0.0	0.0	0.0	0.0
434.0	0.0	0.0	0.0	0.0	0.0
435.0	0.0	0.0	0.0	0.0	0.0
436.0	0.0	0.0	0.0	0.0	0.0
437.0	0.0	0.0	0.0	0.0	0.0
438.0	0.0	0.0	0.0	0.0	0.0
439.0	0.0	0.0	0.0	0.0	0.0
440.0	0.0	0.0	0.0	0.0	0.0
441.0	0.0	0.0	0.0	0.0	0.0
442.0	0.0	0.0	0.0	0.0	0.0
443.0	0.0	0.0	0.0	0.0	0.0
444.0	0.0	0.0	0.0	0.0	0.0
445.0	0.0	0.0	0.0	0.0	0.0
446.0	0.0	0.0	0.0	0.0	0.0
447.0	0.0	0.0	0.0	0.0	0.0
448.0	0.0	0.0	0.0	0.0	0.0
449.0	0.0	0.0	0.0	0.0	0.0
450.0	0.0	0.0	0.0	0.0	0.0
451.0	0.0	0.0	0.0	0.0	0.0
452.0	0.0	0.0	0.0	0.0	0.0
453.0	0.0	0.0	0.0	0.0	0.0
454.0	0.0	0.0	0.0	0.0	0.0
455.0	0.0	0.0	0.0	0.0	0.0
456.0	0.0	0.0	0.0	0.0	0.0
457.0	0.0	0.0	0.0	0.0	0.0
458.0	0.0	0.0	0.0	0.0	0.0
459.0	0.0	0.0	0.0	0.0	0.0
460.0	0.0	0.0	0.0	0.0	0.0
461.0	0.0	0.0	0.0	0.0	0.0
462.0	0.0	0.0	0.0	0.0	0.0
463.0	0.0	0.0	0.0	0.0	0.0
464.0	0.0	0.0	0.0	0.0	0.0
465.0	0.0	0.0	0.0	0.0	0.0
466.0	0.0	0.0	0.0	0.0	0.0
467.0	0.0	0.0	0.0	0.0	0.0
468.0	0.0	0.0	0.0	0.0	0.0
469.0	0.0	0.0	0.0	0.0	0.0
470.0	0.0	0.0	0.0	0.0	0.0
471.0	0.0	0.0	0.0	0.0	0.0
472.0	0.0	0.0	0.0	0.0	0.0
473.0	0.0	0.0	0.0	0.0	0.0
474.0	0.0	0.0	0.0	0.0	0.0
475.0	0.0	0.0	0.0	0.0	0.0
476.0	0.0	0.0	0.0	0.0	0.0
477.0	0.0	0.0	0.0	0.0	0.0
478.0	0.0	0.0	0.0	0.0	0.0
479.0	0.0	0.0	0.0	0.0	0.0
480.0	0.0	0.0	0.0	0.0	0.0
481.0	0.0	0.0	0.0	0.0	0.0
482.0	0.0	0.0	0.0	0.0	0.0
483.0	0.0	0.0	0.0	0.0	0.0
484.0	0.0	0.0	0.0	0.0	0.0
485.0	0.0	0.0	0.0	0.0	0.0
486.0	0.0	0.0	0.0	0.0	0.0
487.0	0.0	0.0	0.0	0.0	0.0
488.0	0.0	0.0	0.0	0.0	0.0
489.0	0.0	0.0	0.0	0.0	0.0
490.0	0.0	0.0	0.0	0.0	0.0
491.0	0.0	0.0	0.0	0.0	0.0
492.0	0.0	0.0	0.0	0.0	0.0
493.0	0.0	0.0	0.0	0.0	0.0
494.0	0.0	0.0	0.0	0.0	0.0
495.0	0.0	0.0	0.0	0.0	0.0
496.0	0.0	0.0	0.0	0.0	0.0
497.0	0.0	0.0	0.0	0.0	0.0
498.0	0.0	0.0	0.0	0.0	0.0
499.0	0.0	0.0	0.0	0.0	0.0
500.0	0.0	0.0	0.0	0.0	0.0
