1.0	0.0009765625	0.0009765625	0.0009765625	0.0009765625	0.0009765625
2.0	0.0012421875	0.001287109375	0.001326171875	0.001216796875	0.001306640625
3.0	0.0016054687500000001	0.0016289062500000001	0.001654296875	0.0015429687499999999	0.001607421875
4.0	0.001962890625	0.001916015625	0.0019902343750000002	0.001787109375	0.0018925781250000002
5.0	0.00227734375	0.002212890625	0.0022851562500000003	0.00208984375	0.00226171875
6.0	0.002619140625	0.002490234375	0.00258984375	0.00231640625	0.0025468750000000005
7.0	0.002916015625	0.002708984375	0.0028828125	0.002607421875	0.002822265625
8.0	0.003208984375	0.003	0.0032480468749999996	0.0028828125	0.0030371093749999994
9.0	0.003482421875	0.0031855468749999996	0.00349609375	0.00310546875	0.00325390625
10.0	0.0037304687500000003	0.0034374999999999996	0.0037421875000000003	0.0033828124999999995	0.0034375
11.0	0.003986328125	0.003701171875	0.00396875	0.003646484375	0.0036640625000000002
12.0	0.0041875	0.003896484375	0.00421875	0.0038105468749999997	0.0038749999999999995
13.0	0.0044453125000000005	0.004150390625	0.004453125	0.004158203125	0.004136718750000001
14.0	0.0047617187499999995	0.00434375	0.00473828125	0.004419921875	0.00438671875
15.0	0.0050625	0.00458984375	0.00492578125	0.00471484375	0.0046269531249999996
16.0	0.005384765624999999	0.0048476562499999995	0.0052011718750000005	0.004890625000000001	0.004833984375
17.0	0.005583984375	0.0050371093749999995	0.005419921874999999	0.005140625	0.005087890625000001
18.0	0.005935546874999999	0.005318359375	0.00568359375	0.005427734375	0.005373046875
19.0	0.006279296875	0.0056015625	0.005978515625	0.005695312500000001	0.005609375
20.0	0.006578124999999999	0.005890625	0.0062499999999999995	0.005876953125	0.005931640625000001
21.0	0.00691015625	0.00608203125	0.006576171875	0.00605859375	0.006107421875
22.0	0.007365234375	0.00637890625	0.0069140625	0.006380859375000001	0.006318359375
23.0	0.00778125	0.006621093750000001	0.0072656249999999995	0.00667578125	0.00656640625
24.0	0.008173828125000001	0.006841796874999999	0.007585937500000001	0.006986328125	0.006857421875
25.0	0.008609375	0.007066406250000001	0.007814453124999999	0.007238281250000001	0.0072656249999999995
26.0	0.009162109375	0.0072968749999999995	0.008205078125	0.0075957031250000005	0.00766796875
27.0	0.00955859375	0.0075097656249999995	0.008490234375	0.007878906250000001	0.008015625
28.0	0.009933593749999999	0.007808593749999999	0.008783203125000002	0.00816015625	0.008345703125
29.0	0.010464843749999998	0.008162109375	0.0091484375	0.00850390625	0.008753906249999999
30.0	0.01105859375	0.008505859375	0.009648437499999999	0.008902343750000001	0.009162109375
31.0	0.011505859374999998	0.008751953125	0.010007812500000001	0.009107421875	0.009460937499999999
32.0	0.011867187500000001	0.009125000000000001	0.010392578125000001	0.00943359375	0.009814453125
33.0	0.012343749999999999	0.0095	0.010822265625	0.009837890625000002	0.0101171875
34.0	0.012814453125000002	0.009994140625000002	0.01123828125	0.010236328125000001	0.010546874999999999
35.0	0.013310546874999999	0.010353515625	0.01173046875	0.010615234375	0.010892578125
36.0	0.013921875	0.010740234375000001	0.01221484375	0.011083984375	0.0113046875
37.0	0.014464843749999998	0.011134765625000001	0.012693359374999998	0.011566406250000001	0.01178515625
38.0	0.0150234375	0.01155078125	0.01322265625	0.012015625	0.012222656249999998
39.0	0.015751953125	0.01205078125	0.013630859375	0.012359374999999999	0.012642578125
40.0	0.016533203125	0.0124140625	0.01417578125	0.0128515625	0.013109375
41.0	0.017103515625	0.013007812499999999	0.014736328125	0.013453125	0.013683593749999999
42.0	0.017658203125	0.013494140625	0.015285156249999998	0.013888671875000001	0.014322265624999999
43.0	0.018341796875	0.014177734374999999	0.015794921875000003	0.014443359375	0.014841796874999999
44.0	0.019173828125	0.014652343749999998	0.016447265625	0.014974609375	0.015486328125
45.0	0.01988671875	0.015335937499999999	0.017113281249999997	0.015322265625000001	0.0160546875
46.0	0.020775390625	0.015951171875	0.017646484375	0.01575	0.016658203125
47.0	0.02123828125	0.016640625	0.018287109375	0.016439453125	0.0171953125
48.0	0.02176953125	0.017267578125	0.018931640625000003	0.017048828125000002	0.017732421875
49.0	0.02248046875	0.017785156250000003	0.019640625	0.0175703125	0.018193359375
50.0	0.023164062500000002	0.01840625	0.020392578125	0.018068359375000002	0.01873046875
51.0	0.023771484375	0.0189296875	0.0212109375	0.018744140625000003	0.019263671875
52.0	0.024482421875	0.019611328125	0.022029296875	0.0192578125	0.019693359374999997
53.0	0.02500390625	0.0202734375	0.022552734375	0.019972656249999998	0.0200234375
54.0	0.025718750000000002	0.020998046875	0.023263671875	0.020587890625	0.0206015625
55.0	0.026636718749999996	0.021550781249999998	0.023917968750000004	0.021173828125000002	0.02096484375
56.0	0.027742187499999998	0.022289062499999998	0.024666015625	0.021876953125	0.021244140625000005
57.0	0.028398437500000002	0.02307421875	0.025525390624999998	0.02253515625	0.021728515625
58.0	0.02911328125	0.023640625	0.026134765625	0.022888671875000002	0.022111328125000003
59.0	0.03001171875	0.024205078124999998	0.026728515624999998	0.0235078125	0.022748046874999997
60.0	0.030810546875	0.0248359375	0.0273671875	0.0239296875	0.023416015625
61.0	0.031578125	0.02539453125	0.028226562500000003	0.02469140625	0.023843749999999997
62.0	0.032189453125	0.025958984375	0.028974609374999998	0.0254765625	0.024398437499999998
63.0	0.0327890625	0.026640625	0.029521484375	0.026193359375000003	0.025046874999999996
64.0	0.033607421875	0.027484375	0.030171875	0.02684375	0.0255859375
65.0	0.034173828125	0.028027343749999996	0.0310859375	0.02744140625	0.026109374999999997
66.0	0.0350546875	0.0286953125	0.03181640625	0.027916015625	0.0266484375
67.0	0.03598828125	0.029560546875	0.032324218749999994	0.028279296875	0.027115234375000002
68.0	0.036789062500000004	0.030283203124999998	0.033041015625	0.028691406249999996	0.027628906249999998
69.0	0.0375	0.030941406249999998	0.033513671875	0.02909765625	0.0281015625
70.0	0.038142578125	0.031478515624999995	0.033875	0.029400390625	0.0287578125
71.0	0.038751953124999995	0.032103515625	0.034613281249999996	0.03005078125	0.029212890624999998
72.0	0.03927734375	0.032718750000000005	0.03534765625	0.03050390625	0.029480468750000002
73.0	0.0397578125	0.033220703125	0.035724609375	0.031115234375	0.029771484374999997
74.0	0.040123046875	0.033798828125	0.036107421875000004	0.031617187500000005	0.030380859374999996
75.0	0.04059375	0.034183593750000005	0.03659765625	0.0320859375	0.030816406250000004
76.0	0.041126953125	0.034794921875	0.037119140625000005	0.032490234375	0.0311953125
77.0	0.041333984374999994	0.03546484375	0.03737109375	0.033150390625	0.031560546875000005
78.0	0.041921875000000004	0.035736328125	0.03773828125	0.033369140625	0.03171875
79.0	0.042458984375	0.036240234375	0.038162109375	0.033574218749999996	0.031972656249999995
80.0	0.0429921875	0.036503906249999996	0.038593749999999996	0.034062499999999996	0.032158203125
81.0	0.043419921875	0.036867187499999995	0.03905078125	0.034320312500000005	0.032494140625
82.0	0.04395703125	0.03715625	0.039595703125000006	0.03466796875	0.03265625
83.0	0.043931640625000004	0.03731640625	0.040117187500000005	0.03519140625	0.032794921875
84.0	0.0443203125	0.03765625	0.040458984375	0.035285156250000005	0.033109374999999996
85.0	0.044251953125	0.037642578125000006	0.040621093750000004	0.03550390625	0.032968750000000005
86.0	0.044361328124999995	0.037726562500000005	0.041001953125000004	0.035568359375	0.033287109375
87.0	0.044312500000000005	0.037843749999999995	0.04123046875	0.035802734375000006	0.03325390625000001
88.0	0.044458984374999996	0.038173828125	0.041201171875	0.03562890625	0.0336015625
89.0	0.044330078125000005	0.038310546875000004	0.041326171875	0.03565625	0.033494140625
90.0	0.044154296875	0.038375	0.041265625	0.035583984375	0.03336328125
91.0	0.043625000000000004	0.038457031249999996	0.041216796874999996	0.03566015625	0.033501953125
92.0	0.0435	0.038794921875	0.0413671875	0.03578125	0.033828125
93.0	0.04330859375	0.0386953125	0.04171484375000001	0.035732421875	0.034058593750000005
94.0	0.0428828125	0.0386953125	0.041447265625	0.035689453125	0.033892578124999996
95.0	0.042685546875	0.038767578125	0.041251953125000004	0.035658203124999996	0.033796875000000004
96.0	0.042626953125	0.038566406250000004	0.041056640625	0.03529296875	0.033875
97.0	0.042197265624999994	0.038203125	0.04044921875	0.035210937500000004	0.033484375
98.0	0.041880859375	0.038212890625	0.040203125	0.035224609375	0.033220703125
99.0	0.041458984374999994	0.038203125000000004	0.04009765625	0.035005859375000004	0.03314453125
100.0	0.0410625	0.037908203125000005	0.0395078125	0.034935546875	0.03287890625
101.0	0.04059375	0.037349609375	0.0389921875	0.035046875	0.032607421875
102.0	0.04026757812500001	0.037177734375	0.038583984375000005	0.035052734375	0.0325546875
103.0	0.039804687500000005	0.037056640625	0.038216796875	0.0347734375	0.032380859375
104.0	0.039160156249999994	0.03640234375	0.037927734375	0.03449218750000001	0.032052734375
105.0	0.03877734375	0.03603515625	0.037812500000000006	0.0341875	0.031771484375
106.0	0.038076171874999995	0.035412109375	0.03745703125	0.034080078125	0.031513671874999996
107.0	0.037673828125	0.034921875	0.037158203125	0.033666015625000004	0.031132812499999996
108.0	0.037072265625	0.034529296875000004	0.036673828125	0.0331171875	0.0309140625
109.0	0.036185546875	0.034080078125	0.036306640625	0.032736328125	0.030564453125000002
110.0	0.03569921875	0.033685546875	0.03549804687500001	0.032207031250000004	0.030146484374999998
111.0	0.03526953125	0.033244140625	0.034789062499999995	0.031884765625000006	0.029968750000000002
112.0	0.03478515625	0.03297265625	0.034107421875	0.031435546875	0.029625
113.0	0.034283203125	0.032568359374999994	0.0334921875	0.03084765625	0.029074218750000005
114.0	0.03385546875	0.031966796875	0.03284765625	0.030634765625000004	0.028710937500000006
115.0	0.033296875	0.0312265625	0.03237109375	0.030162109374999996	0.028574218749999998
116.0	0.03251171875	0.030638671875	0.031607421875	0.029828125000000004	0.028173828125
117.0	0.031998046875	0.030234374999999994	0.031166015625	0.029386718749999995	0.027689453125
118.0	0.031587890625	0.02983203125	0.030861328125000004	0.0289609375	0.027234374999999995
119.0	0.030939453125000002	0.029330078125	0.030248046874999997	0.0286875	0.026865234374999998
120.0	0.030136718749999996	0.028896484375000003	0.029707031249999995	0.028376953125	0.026482421875
121.0	0.029541015625	0.028361328124999998	0.02887109375	0.027916015625000002	0.0259609375
122.0	0.028900390624999998	0.027640625	0.0285859375	0.027400390625000003	0.025648437500000003
123.0	0.028478515625	0.027119140624999996	0.027976562500000003	0.027048828125	0.025138671874999997
124.0	0.027826171875000003	0.02679296875	0.027527343750000002	0.02666796875	0.024660156250000002
125.0	0.0270703125	0.026320312499999998	0.026984375	0.026330078125	0.024169921875
126.0	0.026505859375000003	0.025849609375	0.02650390625	0.02575390625	0.023939453125000003
127.0	0.025791015625	0.025302734375	0.025849609375000002	0.025197265625	0.023263671875000003
128.0	0.025294921875	0.024646484375	0.025281249999999998	0.0247109375	0.022708984374999998
129.0	0.0248046875	0.024193359375	0.024630859375	0.024234375000000002	0.022212890625000002
130.0	0.024203125	0.023667968749999997	0.024025390625	0.023867187499999998	0.02187890625
131.0	0.023777343750000002	0.023171874999999998	0.023371093750000002	0.023574218749999997	0.021392578125
132.0	0.023181640625	0.022859374999999998	0.0228046875	0.023011718750000004	0.020982421875
133.0	0.022421875	0.022083984374999997	0.022138671875	0.0225078125	0.02040625
134.0	0.022003906249999997	0.021601562500000004	0.021671875	0.02219140625	0.02011328125
135.0	0.02137109375	0.021162109375	0.021220703124999997	0.021966796875	0.019751953125
136.0	0.02087109375	0.020603515625	0.020691406250000002	0.021414062499999997	0.019333984375000002
137.0	0.020312499999999997	0.020083984375	0.020298828125	0.0210078125	0.01880078125
138.0	0.01982421875	0.019609375	0.019742187499999998	0.020433593750000003	0.018349609375
139.0	0.019357421875000003	0.0191171875	0.0192265625	0.020068359374999997	0.017837890625
140.0	0.019048828125	0.01874609375	0.018697265625	0.01958203125	0.01760546875
141.0	0.01830859375	0.018214843749999998	0.018091796875	0.019216796875	0.017337890625
142.0	0.017851562499999998	0.017775390625	0.01764453125	0.018943359375	0.016943359374999998
143.0	0.017333984375	0.017185546875	0.01705078125	0.01887109375	0.016546875
144.0	0.016724609374999998	0.016806640625	0.016412109375	0.0185859375	0.01616796875
145.0	0.016162109375	0.01636328125	0.015861328125	0.01830859375	0.015859375
146.0	0.015603515625000001	0.015912109375	0.015359375	0.0178515625	0.015359374999999998
147.0	0.015302734375000002	0.015623046875000001	0.014953124999999998	0.01755859375	0.015095703124999998
148.0	0.01484765625	0.015275390625	0.0144921875	0.017173828125	0.014638671875
149.0	0.014447265625	0.014939453125	0.01403125	0.016980468749999998	0.014232421875000002
150.0	0.014134765625	0.0145078125	0.013560546875	0.016494140625	0.01409765625
151.0	0.013642578124999999	0.014103515625000002	0.013144531249999999	0.016173828124999998	0.013833984374999999
152.0	0.013140625	0.01360546875	0.012785156249999999	0.015796875	0.013431640625000001
153.0	0.012876953125	0.013060546875	0.012322265624999999	0.015361328124999999	0.01319921875
154.0	0.012494140624999999	0.012591796875000002	0.0118671875	0.015046874999999998	0.01281640625
155.0	0.011941406249999998	0.012318359375	0.011587890625	0.01480859375	0.012519531249999999
156.0	0.011669921875	0.012037109374999999	0.011267578124999999	0.014597656250000002	0.012181640625
157.0	0.011234375	0.011716796875000001	0.010958984375	0.01418359375	0.01194140625
158.0	0.0109375	0.011251953125	0.01056640625	0.013787109375	0.011740234375
159.0	0.010619140625	0.010880859375000001	0.01014453125	0.013417968749999998	0.011507812499999999
160.0	0.010388671875	0.010638671875	0.009806640625	0.013158203125	0.0111953125
161.0	0.010164062500000001	0.010240234374999999	0.009462890625	0.012984375	0.01091796875
162.0	0.00990625	0.009833984374999999	0.00915625	0.012712890625	0.010833984375000001
163.0	0.009628906250000001	0.009580078124999999	0.008794921875	0.012386718750000001	0.010560546875
164.0	0.009398437499999999	0.009296875	0.00847265625	0.01223046875	0.010373046875000002
165.0	0.009087890625000001	0.0089765625	0.008210937500000001	0.012033203125	0.010255859374999999
166.0	0.00872265625	0.008767578125	0.007859375	0.011787109375	0.00991796875
167.0	0.008369140625	0.008431640625	0.007615234375	0.011513671875000001	0.0097734375
168.0	0.008228515625	0.008134765625	0.007400390624999999	0.01120703125	0.009439453125
169.0	0.00800390625	0.00795703125	0.00704296875	0.010957031249999999	0.009185546874999999
170.0	0.007740234375	0.007693359375	0.006837890625000001	0.010654296874999998	0.00898828125
171.0	0.00744921875	0.00741796875	0.006669921875	0.010369140624999999	0.008771484375000001
172.0	0.007267578124999999	0.007140625	0.006421874999999999	0.010044921875000001	0.008574218750000001
173.0	0.006974609375	0.006908203125000001	0.0061621093750000005	0.009705078124999999	0.0083359375
174.0	0.0066660156250000005	0.00664453125	0.0059609375	0.009457031250000001	0.008183593749999999
175.0	0.006583984374999999	0.0064628906249999995	0.0058125	0.009224609375	0.007939453125
176.0	0.0063125	0.006216796875	0.005576171875	0.008818359375	0.007740234374999999
177.0	0.0061777343750000005	0.006083984375	0.005333984375	0.008619140625	0.007488281250000001
178.0	0.0059921875	0.005814453125	0.0051621093750000005	0.00841015625	0.007251953125
179.0	0.00576953125	0.005685546875	0.004962890624999999	0.008109375	0.007066406250000001
180.0	0.005548828125	0.005533203125	0.004763671874999999	0.007884765625	0.0069648437500000005
181.0	0.0053906250000000005	0.005330078125	0.00463671875	0.007634765624999999	0.0068632812500000005
182.0	0.005220703125	0.005138671875	0.0044453125	0.007439453125	0.0067304687499999995
183.0	0.0050761718749999995	0.005041015625	0.0043124999999999995	0.007208984375	0.006591796875
184.0	0.0049101562500000005	0.00483984375	0.004150390625	0.007027343750000001	0.006490234375
185.0	0.004802734375	0.004749999999999999	0.004066406250000001	0.006771484375	0.0063359375
186.0	0.004599609375000001	0.004583984375	0.0038691406249999998	0.0065234375	0.006177734374999999
187.0	0.004416015625	0.0044765625000000005	0.003763671875	0.00628125	0.0060058593749999995
188.0	0.004181640625	0.0042734374999999995	0.0036171874999999997	0.006076171875	0.0058007812499999995
189.0	0.00412109375	0.00416796875	0.00354296875	0.0057851562499999995	0.00565625
190.0	0.003931640625	0.004107421875	0.0034101562500000004	0.0055410156249999995	0.005503906249999999
191.0	0.003734375	0.0038984375	0.0032812500000000007	0.005314453125	0.0054062500000000005
192.0	0.003583984375	0.003880859375	0.003146484375	0.005119140625000001	0.005322265624999999
193.0	0.0034921874999999996	0.00374609375	0.003109375	0.0049453125	0.005150390625000001
194.0	0.00330859375	0.0035878906250000004	0.0029902343750000003	0.004714843749999999	0.005087890625
195.0	0.00315234375	0.0034980468750000003	0.002849609375	0.004595703125	0.00487109375
196.0	0.00299609375	0.003341796875	0.0028066406249999997	0.0044453125000000005	0.004751953125
197.0	0.002828125	0.0032421875000000003	0.002673828125	0.004259765625	0.0045488281249999995
198.0	0.002673828125	0.00313671875	0.0026113281250000004	0.00419140625	0.0043906249999999996
199.0	0.002546875	0.0029999999999999996	0.00255859375	0.00394921875	0.004251953125
200.0	0.002458984375	0.0029199218749999998	0.0024453125000000004	0.003783203125	0.0040703125
201.0	0.0024179687500000004	0.0028457031249999997	0.0024062500000000004	0.003662109375	0.003982421874999999
202.0	0.0023359375	0.002779296875	0.002310546875	0.00354296875	0.0038222656249999997
203.0	0.0022382812500000003	0.0027480468749999996	0.0022304687500000002	0.003427734375	0.003671875
204.0	0.00211328125	0.002642578125	0.002197265625	0.0032578124999999994	0.0035703125
205.0	0.002076171875	0.0025664062499999997	0.0022070312500000002	0.00316015625	0.0034296874999999996
206.0	0.00202734375	0.00246875	0.002140625	0.0030625	0.00330859375
207.0	0.00188671875	0.0023808593749999997	0.002037109375	0.0029804687499999996	0.00310546875
208.0	0.0018320312500000001	0.0023085937500000003	0.0019375	0.0028847656249999997	0.00300390625
209.0	0.001732421875	0.002224609375	0.001900390625	0.0027968750000000003	0.0028828125
210.0	0.001662109375	0.0021757812499999998	0.0018847656250000002	0.0026660156250000004	0.002814453125
211.0	0.00158203125	0.002150390625	0.0018339843750000001	0.002560546875	0.00273828125
212.0	0.001509765625	0.002017578125	0.001744140625	0.0025156249999999996	0.00266015625
213.0	0.001451171875	0.0019453125	0.00174609375	0.00243359375	0.00252734375
214.0	0.0013984375	0.0018535156250000001	0.001701171875	0.0023828124999999995	0.00240234375
215.0	0.001330078125	0.00174609375	0.001625	0.0023046875	0.002408203125
216.0	0.0012460937499999998	0.001697265625	0.0015957031250000001	0.002283203125	0.0023515625000000004
217.0	0.001154296875	0.001666015625	0.0015234375	0.0021621093750000004	0.0023066406249999997
218.0	0.0011171875	0.0016230468750000001	0.001431640625	0.00211328125	0.0022167968749999996
219.0	0.0011015625	0.0015703124999999999	0.0013144531249999999	0.002033203125	0.002134765625
220.0	0.001068359375	0.0014941406249999998	0.001255859375	0.00200390625	0.002015625
221.0	0.00099609375	0.0014296875	0.001140625	0.0019511718749999998	0.00190234375
222.0	0.000931640625	0.001396484375	0.00111328125	0.0019296875	0.00182421875
223.0	0.0008886718750000001	0.0013359374999999999	0.0010703124999999999	0.0018300781249999999	0.0017851562499999999
224.0	0.0008554687500000001	0.0013046874999999999	0.0010410156249999998	0.001798828125	0.0017792968749999998
225.0	0.00078125	0.001203125	0.0009785156249999998	0.001794921875	0.00175
226.0	0.00074609375	0.00117578125	0.00090625	0.0017499999999999998	0.0017421875
227.0	0.00072265625	0.00112890625	0.000900390625	0.001728515625	0.001740234375
228.0	0.000666015625	0.001056640625	0.000875	0.001693359375	0.001677734375
229.0	0.000638671875	0.001001953125	0.00084765625	0.001638671875	0.0016113281250000001
230.0	0.000623046875	0.0009765625	0.0007929687499999999	0.001576171875	0.001583984375
231.0	0.00058984375	0.000962890625	0.0007675781249999999	0.0015644531249999999	0.0015410156249999999
232.0	0.0005390624999999999	0.000923828125	0.000734375	0.0015292968750000003	0.0014941406249999998
233.0	0.0005332031249999999	0.0008808593749999999	0.0006933593750000001	0.0014863281250000002	0.0014609375
234.0	0.000513671875	0.0008593749999999999	0.000623046875	0.0014609375000000002	0.00138671875
235.0	0.00046679687500000004	0.00082421875	0.000595703125	0.0014316406250000002	0.0013242187499999999
236.0	0.00046093750000000003	0.000787109375	0.00054296875	0.0013925781250000002	0.001294921875
237.0	0.000435546875	0.000716796875	0.000544921875	0.0013496093750000001	0.0012656249999999998
238.0	0.00043359375	0.00067578125	0.0005234375	0.0013730468750000001	0.001208984375
239.0	0.00042578125	0.0006445312499999999	0.000501953125	0.001330078125	0.0011875000000000002
240.0	0.000419921875	0.0006210937499999999	0.0004921875	0.00132421875	0.0011523437500000002
241.0	0.000400390625	0.0005917968749999999	0.00044921874999999997	0.001294921875	0.0011074218750000001
242.0	0.00038281249999999996	0.000544921875	0.0004042968750000001	0.001279296875	0.00109765625
243.0	0.00036914062499999995	0.00052734375	0.000376953125	0.00125390625	0.0010703125
244.0	0.00034375000000000003	0.00048046875	0.000359375	0.0012187500000000002	0.00105078125
245.0	0.00034375000000000003	0.0004765625	0.000359375	0.0012011718750000002	0.001037109375
246.0	0.0003203125	0.0004609375	0.00033203124999999997	0.0011855468750000002	0.000978515625
247.0	0.000306640625	0.00043554687499999995	0.0003203125	0.0011328125	0.0009726562499999999
248.0	0.00030273437500000005	0.00045117187499999997	0.00030078125	0.0011230468750000001	0.0009003906249999998
249.0	0.00027734375000000003	0.00045117187499999997	0.0002890625	0.0011386718750000001	0.000826171875
250.0	0.0002578125	0.00044140624999999996	0.00027539062500000003	0.00105859375	0.000802734375
251.0	0.000267578125	0.00042187500000000005	0.000265625	0.000986328125	0.000775390625
252.0	0.0002734375	0.00041015625000000004	0.000259765625	0.00096484375	0.000759765625
253.0	0.000251953125	0.000365234375	0.00024609375	0.0009238281250000001	0.000740234375
254.0	0.00023828125	0.000349609375	0.000234375	0.0008886718749999999	0.000734375
255.0	0.00022070312500000003	0.000341796875	0.00021874999999999998	0.0008574218750000001	0.0007109375
256.0	0.00020507812500000002	0.00033789062500000003	0.00019921875000000001	0.0008164062500000001	0.00069921875
257.0	0.00019921875	0.0003203125	0.0001875	0.0008261718750000001	0.0006445312499999999
258.0	0.00017773437500000002	0.00030859375	0.00018359375	0.0008105468750000001	0.0005976562500000001
259.0	0.000166015625	0.000283203125	0.000162109375	0.0008085937500000001	0.0005703125000000001
260.0	0.00015820312500000003	0.000271484375	0.00016015624999999998	0.0007890625	0.0005761718750000001
261.0	0.00016015625000000003	0.000263671875	0.00016406249999999998	0.0008164062500000001	0.0005390625
262.0	0.00014062500000000002	0.000255859375	0.00016015625	0.00078515625	0.000515625
263.0	0.00012890625	0.00026171875	0.00015625	0.0007578125	0.00046875
264.0	0.00013867187500000001	0.00026171875	0.000162109375	0.0007421875	0.00043164062499999995
265.0	0.000154296875	0.000244140625	0.000150390625	0.0007109375000000001	0.00041406249999999993
266.0	0.00012890625	0.00025	0.00014062500000000002	0.00071484375	0.0003867187499999999
267.0	0.000123046875	0.00023046875000000004	0.00013671875	0.0006777343750000002	0.00041015624999999993
268.0	0.000123046875	0.00021875000000000003	0.0001328125	0.0006191406250000001	0.00040624999999999993
269.0	0.00011718750000000001	0.00021679687500000003	0.00014062500000000002	0.0006054687500000001	0.0003828124999999999
270.0	0.000123046875	0.00020703125	0.00013671875	0.0005957031250000001	0.00039062499999999997
271.0	0.000123046875	0.000197265625	0.00014257812500000002	0.0005625000000000001	0.00037304687499999995
272.0	0.00011523437500000001	0.00020117187500000002	0.00012890625	0.0005390625	0.00037890624999999996
273.0	9.765624999999999e-5	0.00019921874999999996	0.00013671875	0.0005156249999999999	0.00034179687500000003
274.0	8.984375e-5	0.000189453125	0.00013867187500000001	0.0004804687500000001	0.00029882812500000005
275.0	8.984375e-5	0.00018164062500000003	0.000146484375	0.000458984375	0.00027929687500000003
276.0	8.7890625e-5	0.000150390625	0.000142578125	0.0004550781250000001	0.00028125000000000003
277.0	7.8125e-5	0.000146484375	0.00013867187500000001	0.0004707031250000001	0.000263671875
278.0	7.421875000000001e-5	0.000150390625	0.00012890625	0.0004511718750000001	0.000263671875
279.0	7.421875e-5	0.00016015625	0.00011328124999999999	0.00044531250000000007	0.0002578125
280.0	7.8125e-5	0.00015234375	0.00011914062500000001	0.00043750000000000006	0.000248046875
281.0	7.2265625e-5	0.0001640625	0.000103515625	0.00040039062500000003	0.000255859375
282.0	6.640625e-5	0.00015234375	9.9609375e-5	0.00040039062500000003	0.00023828125
283.0	7.03125e-5	0.000150390625	0.0001015625	0.00040429687500000003	0.0002421875
284.0	7.031250000000001e-5	0.00014453125	9.765625e-5	0.0003828125	0.00022851562499999999
285.0	7.031250000000001e-5	0.000130859375	8.0078125e-5	0.000384765625	0.0002109375
286.0	7.226562500000001e-5	0.00012109375	8.0078125e-5	0.000365234375	0.00021289062500000003
287.0	5.6640624999999996e-5	0.00012890624999999998	6.8359375e-5	0.000365234375	0.00019921875000000001
288.0	5.0781250000000004e-5	0.00013476562499999998	5.46875e-5	0.00034960937500000004	0.0001875
289.0	4.6874999999999994e-5	0.0001328125	5.46875e-5	0.00033789062500000003	0.00016796875000000001
290.0	4.6874999999999994e-5	0.0001328125	5.46875e-5	0.00033984375000000003	0.00015625000000000003
291.0	4.296875e-5	0.00012890625	5.2734375000000006e-5	0.0003203125	0.00013867187500000001
292.0	4.296875e-5	0.00012109375	4.1015624999999996e-5	0.000318359375	0.00013281249999999998
293.0	3.9062499999999994e-5	0.000134765625	3.7109375000000006e-5	0.00030664062500000006	0.000126953125
294.0	4.296875e-5	0.000123046875	3.3203125e-5	0.00028710937500000004	0.0001171875
295.0	4.296875e-5	0.00011328125	2.734375e-5	0.000255859375	0.000107421875
296.0	3.7109375000000006e-5	0.00012109375	2.5390625000000002e-5	0.0002578125	0.00011328124999999999
297.0	3.3203125e-5	0.00012109375	1.5625e-5	0.000244140625	0.00011523437500000001
298.0	3.7109375e-5	0.000111328125	1.7578125000000002e-5	0.000234375	9.960937500000001e-5
299.0	3.7109375e-5	0.00011132812499999999	1.953125e-5	0.00021093750000000002	0.0001015625
300.0	3.3203125e-5	0.00012109375	1.953125e-5	0.00021289062500000003	8.007812499999999e-5
301.0	3.125e-5	0.00010351562500000001	1.7578125000000002e-5	0.00020117187500000002	7.8125e-5
302.0	2.9296875e-5	8.984375000000001e-5	1.7578125000000002e-5	0.0001875	6.640625e-5
303.0	2.9296875e-5	8.789062500000001e-5	1.3671875e-5	0.00017187500000000002	5.664062500000001e-5
304.0	2.34375e-5	8.593750000000001e-5	1.171875e-5	0.000158203125	5.664062500000001e-5
305.0	2.1484375e-5	8.593750000000001e-5	9.765625e-6	0.00014843750000000002	5.6640625e-5
306.0	1.953125e-5	7.8125e-5	9.765625e-6	0.000134765625	5.2734375e-5
307.0	1.7578125e-5	7.03125e-5	1.171875e-5	0.000126953125	5.2734375e-5
308.0	1.171875e-5	7.6171875e-5	1.171875e-5	0.00011523437500000001	4.6875e-5
309.0	9.765625e-6	7.03125e-5	9.765625e-6	9.960937500000001e-5	4.8828125e-5
310.0	7.8125e-6	6.640624999999999e-5	9.765625e-6	8.593750000000001e-5	5.4687499999999994e-5
311.0	1.171875e-5	7.2265625e-5	3.90625e-6	7.226562500000001e-5	4.8828125e-5
312.0	9.765625e-6	7.421875e-5	3.90625e-6	7.031250000000001e-5	4.4921875e-5
313.0	9.765625e-6	6.640625e-5	5.859375e-6	7.226562500000001e-5	3.7109375000000006e-5
314.0	7.8125e-6	6.640625e-5	5.859375e-6	7.031250000000001e-5	3.125e-5
315.0	7.8125e-6	5.6640625e-5	5.859375e-6	5.859375000000001e-5	2.9296875e-5
316.0	5.859375e-6	6.25e-5	5.859375e-6	5.859375000000001e-5	2.734375e-5
317.0	5.859375e-6	5.6640625e-5	3.90625e-6	4.8828125e-5	1.9531250000000004e-5
318.0	3.90625e-6	5.46875e-5	3.90625e-6	4.4921875e-5	2.734375e-5
319.0	3.90625e-6	5.8593750000000005e-5	3.90625e-6	4.296875e-5	2.734375e-5
320.0	3.90625e-6	5.46875e-5	3.90625e-6	4.296875e-5	1.9531250000000004e-5
321.0	3.90625e-6	4.8828125e-5	0.0	4.296875e-5	1.3671875e-5
322.0	1.953125e-6	3.7109375000000006e-5	0.0	5.0781250000000004e-5	1.3671875e-5
323.0	1.953125e-6	3.125e-5	0.0	5.2734375000000006e-5	2.34375e-5
324.0	1.953125e-6	2.9296875e-5	0.0	6.0546875e-5	2.5390625e-5
325.0	1.953125e-6	2.7343750000000004e-5	0.0	6.8359375e-5	2.34375e-5
326.0	1.953125e-6	2.7343750000000004e-5	0.0	6.0546875e-5	2.34375e-5
327.0	1.953125e-6	3.5156250000000004e-5	0.0	5.859375e-5	1.953125e-5
328.0	1.953125e-6	3.3203125e-5	0.0	5.6640624999999996e-5	1.953125e-5
329.0	1.953125e-6	3.7109375000000006e-5	0.0	6.4453125e-5	2.34375e-5
330.0	1.953125e-6	3.7109375000000006e-5	0.0	6.25e-5	2.34375e-5
331.0	1.953125e-6	3.5156250000000004e-5	0.0	5.6640624999999996e-5	2.34375e-5
332.0	1.953125e-6	3.5156250000000004e-5	0.0	6.0546875e-5	2.1484375e-5
333.0	1.953125e-6	3.90625e-5	0.0	5.859375e-5	1.7578125000000002e-5
334.0	1.953125e-6	4.1015624999999996e-5	0.0	6.0546875e-5	1.5625e-5
335.0	0.0	4.1015625e-5	0.0	5.6640624999999996e-5	9.765625e-6
336.0	0.0	4.2968750000000004e-5	0.0	5.468750000000001e-5	5.859375e-6
337.0	0.0	3.7109375e-5	0.0	4.8828125e-5	5.859375e-6
338.0	0.0	3.7109375e-5	0.0	4.4921875e-5	5.859375e-6
339.0	0.0	3.515625e-5	0.0	3.7109375e-5	5.859375e-6
340.0	0.0	3.5156250000000004e-5	0.0	3.125e-5	3.90625e-6
341.0	0.0	3.7109375e-5	0.0	3.515625e-5	3.90625e-6
342.0	0.0	3.125e-5	0.0	2.7343750000000004e-5	3.90625e-6
343.0	0.0	3.125e-5	0.0	2.34375e-5	3.90625e-6
344.0	0.0	3.5156250000000004e-5	0.0	2.5390625000000002e-5	5.859375e-6
345.0	0.0	3.5156250000000004e-5	0.0	3.125e-5	5.859375e-6
346.0	0.0	3.5156250000000004e-5	0.0	3.515625e-5	5.859375e-6
347.0	0.0	3.5156250000000004e-5	0.0	3.7109375e-5	7.8125e-6
348.0	0.0	3.90625e-5	0.0	3.7109375e-5	3.90625e-6
349.0	0.0	4.1015624999999996e-5	0.0	2.9296875e-5	3.90625e-6
350.0	0.0	3.5156250000000004e-5	0.0	3.515625e-5	3.90625e-6
351.0	0.0	2.734375e-5	0.0	2.9296875e-5	3.90625e-6
352.0	0.0	2.734375e-5	0.0	2.5390625000000002e-5	5.859375e-6
353.0	0.0	2.34375e-5	0.0	2.34375e-5	5.859375e-6
354.0	0.0	2.5390625000000002e-5	0.0	1.7578125e-5	5.859375e-6
355.0	0.0	2.9296875e-5	0.0	1.7578125e-5	5.859375e-6
356.0	0.0	2.7343749999999997e-5	0.0	1.953125e-5	5.859375e-6
357.0	0.0	3.3203125e-5	0.0	1.7578125e-5	5.859375e-6
358.0	0.0	3.7109375e-5	0.0	1.5625e-5	3.90625e-6
359.0	0.0	4.296875e-5	0.0	1.171875e-5	3.90625e-6
360.0	0.0	4.6874999999999994e-5	0.0	1.171875e-5	3.90625e-6
361.0	0.0	4.296875e-5	0.0	7.8125e-6	3.90625e-6
362.0	0.0	5.0781250000000004e-5	0.0	7.8125e-6	3.90625e-6
363.0	0.0	5.2734375000000006e-5	0.0	3.90625e-6	3.90625e-6
364.0	0.0	4.296875e-5	0.0	1.953125e-6	1.953125e-6
365.0	0.0	4.296875e-5	0.0	1.953125e-6	1.953125e-6
366.0	0.0	4.4921875e-5	0.0	0.0	1.953125e-6
367.0	0.0	4.1015624999999996e-5	0.0	0.0	1.953125e-6
368.0	0.0	3.90625e-5	0.0	0.0	1.953125e-6
369.0	0.0	3.3203125e-5	0.0	0.0	0.0
370.0	0.0	4.1015624999999996e-5	0.0	0.0	0.0
371.0	0.0	4.4921875e-5	0.0	0.0	0.0
372.0	0.0	4.1015624999999996e-5	0.0	0.0	0.0
373.0	0.0	3.515625e-5	0.0	0.0	0.0
374.0	0.0	3.3203125e-5	0.0	0.0	0.0
375.0	0.0	3.3203125e-5	0.0	0.0	0.0
376.0	0.0	2.9296875e-5	0.0	0.0	0.0
377.0	0.0	2.9296875e-5	0.0	0.0	0.0
378.0	0.0	2.5390625000000002e-5	0.0	0.0	0.0
379.0	0.0	2.1484375e-5	0.0	0.0	0.0
380.0	0.0	1.953125e-5	0.0	0.0	0.0
381.0	0.0	1.3671875000000002e-5	0.0	0.0	0.0
382.0	0.0	1.171875e-5	0.0	0.0	0.0
383.0	0.0	9.765625e-6	0.0	0.0	0.0
384.0	0.0	5.859375e-6	0.0	0.0	0.0
385.0	0.0	5.859375e-6	0.0	0.0	0.0
386.0	0.0	5.859375e-6	0.0	0.0	0.0
387.0	0.0	3.90625e-6	0.0	0.0	0.0
388.0	0.0	5.859375e-6	0.0	0.0	0.0
389.0	0.0	7.8125e-6	0.0	0.0	0.0
390.0	0.0	7.8125e-6	0.0	0.0	0.0
391.0	0.0	7.8125e-6	0.0	0.0	0.0
392.0	0.0	7.8125e-6	0.0	0.0	0.0
393.0	0.0	5.859375e-6	0.0	0.0	0.0
394.0	0.0	7.8125e-6	0.0	0.0	0.0
395.0	0.0	5.859375e-6	0.0	0.0	0.0
396.0	0.0	3.90625e-6	0.0	0.0	0.0
397.0	0.0	3.90625e-6	0.0	0.0	0.0
398.0	0.0	3.90625e-6	0.0	0.0	0.0
399.0	0.0	3.90625e-6	0.0	0.0	0.0
400.0	0.0	7.8125e-6	0.0	0.0	0.0
401.0	0.0	7.8125e-6	0.0	0.0	0.0
402.0	0.0	1.171875e-5	0.0	0.0	0.0
403.0	0.0	1.171875e-5	0.0	0.0	0.0
404.0	0.0	1.3671875000000002e-5	0.0	0.0	0.0
405.0	0.0	1.5625e-5	0.0	0.0	0.0
406.0	0.0	9.765625e-6	0.0	0.0	0.0
407.0	0.0	1.3671875000000002e-5	0.0	0.0	0.0
408.0	0.0	1.5625e-5	0.0	0.0	0.0
409.0	0.0	1.171875e-5	0.0	0.0	0.0
410.0	0.0	9.765625e-6	0.0	0.0	0.0
411.0	0.0	7.8125e-6	0.0	0.0	0.0
412.0	0.0	9.765625e-6	0.0	0.0	0.0
413.0	0.0	5.859375e-6	0.0	0.0	0.0
414.0	0.0	3.90625e-6	0.0	0.0	0.0
415.0	0.0	1.953125e-6	0.0	0.0	0.0
416.0	0.0	1.953125e-6	0.0	0.0	0.0
417.0	0.0	1.953125e-6	0.0	0.0	0.0
418.0	0.0	0.0	0.0	0.0	0.0
419.0	0.0	0.0	0.0	0.0	0.0
420.0	0.0	0.0	0.0	0.0	0.0
421.0	0.0	0.0	0.0	0.0	0.0
422.0	0.0	0.0	0.0	0.0	0.0
423.0	0.0	0.0	0.0	0.0	0.0
424.0	0.0	0.0	0.0	0.0	0.0
425.0	0.0	0.0	0.0	0.0	0.0
426.0	0.0	0.0	0.0	0.0	0.0
427.0	0.0	0.0	0.0	0.0	0.0
428.0	0.0	0.0	0.0	0.0	0.0
429.0	0.0	0.0	0.0	0.0	0.0
430.0	0.0	0.0	0.0	0.0	0.0
431.0	0.0	0.0	0.0	0.0	0.0
432.0	0.0	0.0	0.0	0.0	0.0
433.0	0.0	0.0	0.0	0.0	0.0
434.0	0.0	0.0	0.0	0.0	0.0
435.0	0.0	0.0	0.0	0.0	0.0
436.0	0.0	0.0	0.0	0.0	0.0
437.0	0.0	0.0	0.0	0.0	0.0
438.0	0.0	0.0	0.0	0.0	0.0
439.0	0.0	0.0	0.0	0.0	0.0
440.0	0.0	0.0	0.0	0.0	0.0
441.0	0.0	0.0	0.0	0.0	0.0
442.0	0.0	0.0	0.0	0.0	0.0
443.0	0.0	0.0	0.0	0.0	0.0
444.0	0.0	0.0	0.0	0.0	0.0
445.0	0.0	0.0	0.0	0.0	0.0
446.0	0.0	0.0	0.0	0.0	0.0
447.0	0.0	0.0	0.0	0.0	0.0
448.0	0.0	0.0	0.0	0.0	0.0
449.0	0.0	0.0	0.0	0.0	0.0
450.0	0.0	0.0	0.0	0.0	0.0
451.0	0.0	0.0	0.0	0.0	0.0
452.0	0.0	0.0	0.0	0.0	0.0
453.0	0.0	0.0	0.0	0.0	0.0
454.0	0.0	0.0	0.0	0.0	0.0
455.0	0.0	0.0	0.0	0.0	0.0
456.0	0.0	0.0	0.0	0.0	0.0
457.0	0.0	0.0	0.0	0.0	0.0
458.0	0.0	0.0	0.0	0.0	0.0
459.0	0.0	0.0	0.0	0.0	0.0
460.0	0.0	0.0	0.0	0.0	0.0
461.0	0.0	0.0	0.0	0.0	0.0
462.0	0.0	0.0	0.0	0.0	0.0
463.0	0.0	0.0	0.0	0.0	0.0
464.0	0.0	0.0	0.0	0.0	0.0
465.0	0.0	0.0	0.0	0.0	0.0
466.0	0.0	0.0	0.0	0.0	0.0
467.0	0.0	0.0	0.0	0.0	0.0
468.0	0.0	0.0	0.0	0.0	0.0
469.0	0.0	0.0	0.0	0.0	0.0
470.0	0.0	0.0	0.0	0.0	0.0
471.0	0.0	0.0	0.0	0.0	0.0
472.0	0.0	0.0	0.0	0.0	0.0
473.0	0.0	0.0	0.0	0.0	0.0
474.0	0.0	0.0	0.0	0.0	0.0
475.0	0.0	0.0	0.0	0.0	0.0
476.0	0.0	0.0	0.0	0.0	0.0
477.0	0.0	0.0	0.0	0.0	0.0
478.0	0.0	0.0	0.0	0.0	0.0
479.0	0.0	0.0	0.0	0.0	0.0
480.0	0.0	0.0	0.0	0.0	0.0
481.0	0.0	0.0	0.0	0.0	0.0
482.0	0.0	0.0	0.0	0.0	0.0
483.0	0.0	0.0	0.0	0.0	0.0
484.0	0.0	0.0	0.0	0.0	0.0
485.0	0.0	0.0	0.0	0.0	0.0
486.0	0.0	0.0	0.0	0.0	0.0
487.0	0.0	0.0	0.0	0.0	0.0
488.0	0.0	0.0	0.0	0.0	0.0
489.0	0.0	0.0	0.0	0.0	0.0
490.0	0.0	0.0	0.0	0.0	0.0
491.0	0.0	0.0	0.0	0.0	0.0
492.0	0.0	0.0	0.0	0.0	0.0
493.0	0.0	0.0	0.0	0.0	0.0
494.0	0.0	0.0	0.0	0.0	0.0
495.0	0.0	0.0	0.0	0.0	0.0
496.0	0.0	0.0	0.0	0.0	0.0
497.0	0.0	0.0	0.0	0.0	0.0
498.0	0.0	0.0	0.0	0.0	0.0
499.0	0.0	0.0	0.0	0.0	0.0
500.0	0.0	0.0	0.0	0.0	0.0
501.0	0.0	0.0	0.0	0.0	0.0
502.0	0.0	0.0	0.0	0.0	0.0
503.0	0.0	0.0	0.0	0.0	0.0
504.0	0.0	0.0	0.0	0.0	0.0
505.0	0.0	0.0	0.0	0.0	0.0
506.0	0.0	0.0	0.0	0.0	0.0
507.0	0.0	0.0	0.0	0.0	0.0
508.0	0.0	0.0	0.0	0.0	0.0
509.0	0.0	0.0	0.0	0.0	0.0
510.0	0.0	0.0	0.0	0.0	0.0
511.0	0.0	0.0	0.0	0.0	0.0
512.0	0.0	0.0	0.0	0.0	0.0
513.0	0.0	0.0	0.0	0.0	0.0
514.0	0.0	0.0	0.0	0.0	0.0
515.0	0.0	0.0	0.0	0.0	0.0
516.0	0.0	0.0	0.0	0.0	0.0
517.0	0.0	0.0	0.0	0.0	0.0
518.0	0.0	0.0	0.0	0.0	0.0
519.0	0.0	0.0	0.0	0.0	0.0
520.0	0.0	0.0	0.0	0.0	0.0
521.0	0.0	0.0	0.0	0.0	0.0
522.0	0.0	0.0	0.0	0.0	0.0
523.0	0.0	0.0	0.0	0.0	0.0
524.0	0.0	0.0	0.0	0.0	0.0
525.0	0.0	0.0	0.0	0.0	0.0
526.0	0.0	0.0	0.0	0.0	0.0
527.0	0.0	0.0	0.0	0.0	0.0
528.0	0.0	0.0	0.0	0.0	0.0
529.0	0.0	0.0	0.0	0.0	0.0
530.0	0.0	0.0	0.0	0.0	0.0
531.0	0.0	0.0	0.0	0.0	0.0
532.0	0.0	0.0	0.0	0.0	0.0
533.0	0.0	0.0	0.0	0.0	0.0
534.0	0.0	0.0	0.0	0.0	0.0
535.0	0.0	0.0	0.0	0.0	0.0
536.0	0.0	0.0	0.0	0.0	0.0
537.0	0.0	0.0	0.0	0.0	0.0
538.0	0.0	0.0	0.0	0.0	0.0
539.0	0.0	0.0	0.0	0.0	0.0
540.0	0.0	0.0	0.0	0.0	0.0
541.0	0.0	0.0	0.0	0.0	0.0
542.0	0.0	0.0	0.0	0.0	0.0
543.0	0.0	0.0	0.0	0.0	0.0
544.0	0.0	0.0	0.0	0.0	0.0
545.0	0.0	0.0	0.0	0.0	0.0
546.0	0.0	0.0	0.0	0.0	0.0
547.0	0.0	0.0	0.0	0.0	0.0
548.0	0.0	0.0	0.0	0.0	0.0
549.0	0.0	0.0	0.0	0.0	0.0
550.0	0.0	0.0	0.0	0.0	0.0
551.0	0.0	0.0	0.0	0.0	0.0
552.0	0.0	0.0	0.0	0.0	0.0
553.0	0.0	0.0	0.0	0.0	0.0
554.0	0.0	0.0	0.0	0.0	0.0
555.0	0.0	0.0	0.0	0.0	0.0
556.0	0.0	0.0	0.0	0.0	0.0
557.0	0.0	0.0	0.0	0.0	0.0
558.0	0.0	0.0	0.0	0.0	0.0
559.0	0.0	0.0	0.0	0.0	0.0
560.0	0.0	0.0	0.0	0.0	0.0
561.0	0.0	0.0	0.0	0.0	0.0
562.0	0.0	0.0	0.0	0.0	0.0
563.0	0.0	0.0	0.0	0.0	0.0
564.0	0.0	0.0	0.0	0.0	0.0
565.0	0.0	0.0	0.0	0.0	0.0
566.0	0.0	0.0	0.0	0.0	0.0
567.0	0.0	0.0	0.0	0.0	0.0
568.0	0.0	0.0	0.0	0.0	0.0
569.0	0.0	0.0	0.0	0.0	0.0
570.0	0.0	0.0	0.0	0.0	0.0
571.0	0.0	0.0	0.0	0.0	0.0
572.0	0.0	0.0	0.0	0.0	0.0
573.0	0.0	0.0	0.0	0.0	0.0
574.0	0.0	0.0	0.0	0.0	0.0
575.0	0.0	0.0	0.0	0.0	0.0
576.0	0.0	0.0	0.0	0.0	0.0
577.0	0.0	0.0	0.0	0.0	0.0
578.0	0.0	0.0	0.0	0.0	0.0
579.0	0.0	0.0	0.0	0.0	0.0
580.0	0.0	0.0	0.0	0.0	0.0
581.0	0.0	0.0	0.0	0.0	0.0
582.0	0.0	0.0	0.0	0.0	0.0
583.0	0.0	0.0	0.0	0.0	0.0
584.0	0.0	0.0	0.0	0.0	0.0
585.0	0.0	0.0	0.0	0.0	0.0
586.0	0.0	0.0	0.0	0.0	0.0
587.0	0.0	0.0	0.0	0.0	0.0
588.0	0.0	0.0	0.0	0.0	0.0
589.0	0.0	0.0	0.0	0.0	0.0
590.0	0.0	0.0	0.0	0.0	0.0
591.0	0.0	0.0	0.0	0.0	0.0
592.0	0.0	0.0	0.0	0.0	0.0
593.0	0.0	0.0	0.0	0.0	0.0
594.0	0.0	0.0	0.0	0.0	0.0
595.0	0.0	0.0	0.0	0.0	0.0
596.0	0.0	0.0	0.0	0.0	0.0
597.0	0.0	0.0	0.0	0.0	0.0
598.0	0.0	0.0	0.0	0.0	0.0
599.0	0.0	0.0	0.0	0.0	0.0
600.0	0.0	0.0	0.0	0.0	0.0
601.0	0.0	0.0	0.0	0.0	0.0
602.0	0.0	0.0	0.0	0.0	0.0
603.0	0.0	0.0	0.0	0.0	0.0
604.0	0.0	0.0	0.0	0.0	0.0
605.0	0.0	0.0	0.0	0.0	0.0
606.0	0.0	0.0	0.0	0.0	0.0
607.0	0.0	0.0	0.0	0.0	0.0
608.0	0.0	0.0	0.0	0.0	0.0
609.0	0.0	0.0	0.0	0.0	0.0
610.0	0.0	0.0	0.0	0.0	0.0
611.0	0.0	0.0	0.0	0.0	0.0
612.0	0.0	0.0	0.0	0.0	0.0
613.0	0.0	0.0	0.0	0.0	0.0
614.0	0.0	0.0	0.0	0.0	0.0
615.0	0.0	0.0	0.0	0.0	0.0
616.0	0.0	0.0	0.0	0.0	0.0
617.0	0.0	0.0	0.0	0.0	0.0
618.0	0.0	0.0	0.0	0.0	0.0
619.0	0.0	0.0	0.0	0.0	0.0
620.0	0.0	0.0	0.0	0.0	0.0
621.0	0.0	0.0	0.0	0.0	0.0
622.0	0.0	0.0	0.0	0.0	0.0
623.0	0.0	0.0	0.0	0.0	0.0
624.0	0.0	0.0	0.0	0.0	0.0
625.0	0.0	0.0	0.0	0.0	0.0
626.0	0.0	0.0	0.0	0.0	0.0
627.0	0.0	0.0	0.0	0.0	0.0
628.0	0.0	0.0	0.0	0.0	0.0
629.0	0.0	0.0	0.0	0.0	0.0
630.0	0.0	0.0	0.0	0.0	0.0
631.0	0.0	0.0	0.0	0.0	0.0
632.0	0.0	0.0	0.0	0.0	0.0
633.0	0.0	0.0	0.0	0.0	0.0
634.0	0.0	0.0	0.0	0.0	0.0
635.0	0.0	0.0	0.0	0.0	0.0
636.0	0.0	0.0	0.0	0.0	0.0
637.0	0.0	0.0	0.0	0.0	0.0
638.0	0.0	0.0	0.0	0.0	0.0
639.0	0.0	0.0	0.0	0.0	0.0
640.0	0.0	0.0	0.0	0.0	0.0
641.0	0.0	0.0	0.0	0.0	0.0
642.0	0.0	0.0	0.0	0.0	0.0
643.0	0.0	0.0	0.0	0.0	0.0
644.0	0.0	0.0	0.0	0.0	0.0
645.0	0.0	0.0	0.0	0.0	0.0
646.0	0.0	0.0	0.0	0.0	0.0
647.0	0.0	0.0	0.0	0.0	0.0
648.0	0.0	0.0	0.0	0.0	0.0
649.0	0.0	0.0	0.0	0.0	0.0
650.0	0.0	0.0	0.0	0.0	0.0
651.0	0.0	0.0	0.0	0.0	0.0
652.0	0.0	0.0	0.0	0.0	0.0
653.0	0.0	0.0	0.0	0.0	0.0
654.0	0.0	0.0	0.0	0.0	0.0
655.0	0.0	0.0	0.0	0.0	0.0
656.0	0.0	0.0	0.0	0.0	0.0
657.0	0.0	0.0	0.0	0.0	0.0
658.0	0.0	0.0	0.0	0.0	0.0
659.0	0.0	0.0	0.0	0.0	0.0
660.0	0.0	0.0	0.0	0.0	0.0
661.0	0.0	0.0	0.0	0.0	0.0
662.0	0.0	0.0	0.0	0.0	0.0
663.0	0.0	0.0	0.0	0.0	0.0
664.0	0.0	0.0	0.0	0.0	0.0
665.0	0.0	0.0	0.0	0.0	0.0
666.0	0.0	0.0	0.0	0.0	0.0
667.0	0.0	0.0	0.0	0.0	0.0
668.0	0.0	0.0	0.0	0.0	0.0
669.0	0.0	0.0	0.0	0.0	0.0
670.0	0.0	0.0	0.0	0.0	0.0
671.0	0.0	0.0	0.0	0.0	0.0
672.0	0.0	0.0	0.0	0.0	0.0
673.0	0.0	0.0	0.0	0.0	0.0
674.0	0.0	0.0	0.0	0.0	0.0
675.0	0.0	0.0	0.0	0.0	0.0
676.0	0.0	0.0	0.0	0.0	0.0
677.0	0.0	0.0	0.0	0.0	0.0
678.0	0.0	0.0	0.0	0.0	0.0
679.0	0.0	0.0	0.0	0.0	0.0
680.0	0.0	0.0	0.0	0.0	0.0
681.0	0.0	0.0	0.0	0.0	0.0
682.0	0.0	0.0	0.0	0.0	0.0
683.0	0.0	0.0	0.0	0.0	0.0
684.0	0.0	0.0	0.0	0.0	0.0
685.0	0.0	0.0	0.0	0.0	0.0
686.0	0.0	0.0	0.0	0.0	0.0
687.0	0.0	0.0	0.0	0.0	0.0
688.0	0.0	0.0	0.0	0.0	0.0
689.0	0.0	0.0	0.0	0.0	0.0
690.0	0.0	0.0	0.0	0.0	0.0
691.0	0.0	0.0	0.0	0.0	0.0
692.0	0.0	0.0	0.0	0.0	0.0
693.0	0.0	0.0	0.0	0.0	0.0
694.0	0.0	0.0	0.0	0.0	0.0
695.0	0.0	0.0	0.0	0.0	0.0
696.0	0.0	0.0	0.0	0.0	0.0
697.0	0.0	0.0	0.0	0.0	0.0
698.0	0.0	0.0	0.0	0.0	0.0
699.0	0.0	0.0	0.0	0.0	0.0
700.0	0.0	0.0	0.0	0.0	0.0
701.0	0.0	0.0	0.0	0.0	0.0
702.0	0.0	0.0	0.0	0.0	0.0
703.0	0.0	0.0	0.0	0.0	0.0
704.0	0.0	0.0	0.0	0.0	0.0
705.0	0.0	0.0	0.0	0.0	0.0
706.0	0.0	0.0	0.0	0.0	0.0
707.0	0.0	0.0	0.0	0.0	0.0
708.0	0.0	0.0	0.0	0.0	0.0
709.0	0.0	0.0	0.0	0.0	0.0
710.0	0.0	0.0	0.0	0.0	0.0
711.0	0.0	0.0	0.0	0.0	0.0
712.0	0.0	0.0	0.0	0.0	0.0
713.0	0.0	0.0	0.0	0.0	0.0
714.0	0.0	0.0	0.0	0.0	0.0
715.0	0.0	0.0	0.0	0.0	0.0
716.0	0.0	0.0	0.0	0.0	0.0
717.0	0.0	0.0	0.0	0.0	0.0
718.0	0.0	0.0	0.0	0.0	0.0
719.0	0.0	0.0	0.0	0.0	0.0
720.0	0.0	0.0	0.0	0.0	0.0
721.0	0.0	0.0	0.0	0.0	0.0
722.0	0.0	0.0	0.0	0.0	0.0
723.0	0.0	0.0	0.0	0.0	0.0
724.0	0.0	0.0	0.0	0.0	0.0
725.0	0.0	0.0	0.0	0.0	0.0
726.0	0.0	0.0	0.0	0.0	0.0
727.0	0.0	0.0	0.0	0.0	0.0
728.0	0.0	0.0	0.0	0.0	0.0
729.0	0.0	0.0	0.0	0.0	0.0
730.0	0.0	0.0	0.0	0.0	0.0
731.0	0.0	0.0	0.0	0.0	0.0
732.0	0.0	0.0	0.0	0.0	0.0
733.0	0.0	0.0	0.0	0.0	0.0
734.0	0.0	0.0	0.0	0.0	0.0
735.0	0.0	0.0	0.0	0.0	0.0
736.0	0.0	0.0	0.0	0.0	0.0
737.0	0.0	0.0	0.0	0.0	0.0
738.0	0.0	0.0	0.0	0.0	0.0
739.0	0.0	0.0	0.0	0.0	0.0
740.0	0.0	0.0	0.0	0.0	0.0
741.0	0.0	0.0	0.0	0.0	0.0
742.0	0.0	0.0	0.0	0.0	0.0
743.0	0.0	0.0	0.0	0.0	0.0
744.0	0.0	0.0	0.0	0.0	0.0
745.0	0.0	0.0	0.0	0.0	0.0
746.0	0.0	0.0	0.0	0.0	0.0
747.0	0.0	0.0	0.0	0.0	0.0
748.0	0.0	0.0	0.0	0.0	0.0
749.0	0.0	0.0	0.0	0.0	0.0
750.0	0.0	0.0	0.0	0.0	0.0
751.0	0.0	0.0	0.0	0.0	0.0
752.0	0.0	0.0	0.0	0.0	0.0
753.0	0.0	0.0	0.0	0.0	0.0
754.0	0.0	0.0	0.0	0.0	0.0
755.0	0.0	0.0	0.0	0.0	0.0
756.0	0.0	0.0	0.0	0.0	0.0
757.0	0.0	0.0	0.0	0.0	0.0
758.0	0.0	0.0	0.0	0.0	0.0
759.0	0.0	0.0	0.0	0.0	0.0
760.0	0.0	0.0	0.0	0.0	0.0
761.0	0.0	0.0	0.0	0.0	0.0
762.0	0.0	0.0	0.0	0.0	0.0
763.0	0.0	0.0	0.0	0.0	0.0
764.0	0.0	0.0	0.0	0.0	0.0
765.0	0.0	0.0	0.0	0.0	0.0
766.0	0.0	0.0	0.0	0.0	0.0
767.0	0.0	0.0	0.0	0.0	0.0
768.0	0.0	0.0	0.0	0.0	0.0
769.0	0.0	0.0	0.0	0.0	0.0
770.0	0.0	0.0	0.0	0.0	0.0
771.0	0.0	0.0	0.0	0.0	0.0
772.0	0.0	0.0	0.0	0.0	0.0
773.0	0.0	0.0	0.0	0.0	0.0
774.0	0.0	0.0	0.0	0.0	0.0
775.0	0.0	0.0	0.0	0.0	0.0
776.0	0.0	0.0	0.0	0.0	0.0
777.0	0.0	0.0	0.0	0.0	0.0
778.0	0.0	0.0	0.0	0.0	0.0
779.0	0.0	0.0	0.0	0.0	0.0
780.0	0.0	0.0	0.0	0.0	0.0
781.0	0.0	0.0	0.0	0.0	0.0
782.0	0.0	0.0	0.0	0.0	0.0
783.0	0.0	0.0	0.0	0.0	0.0
784.0	0.0	0.0	0.0	0.0	0.0
785.0	0.0	0.0	0.0	0.0	0.0
786.0	0.0	0.0	0.0	0.0	0.0
787.0	0.0	0.0	0.0	0.0	0.0
788.0	0.0	0.0	0.0	0.0	0.0
789.0	0.0	0.0	0.0	0.0	0.0
790.0	0.0	0.0	0.0	0.0	0.0
791.0	0.0	0.0	0.0	0.0	0.0
792.0	0.0	0.0	0.0	0.0	0.0
793.0	0.0	0.0	0.0	0.0	0.0
794.0	0.0	0.0	0.0	0.0	0.0
795.0	0.0	0.0	0.0	0.0	0.0
796.0	0.0	0.0	0.0	0.0	0.0
797.0	0.0	0.0	0.0	0.0	0.0
798.0	0.0	0.0	0.0	0.0	0.0
799.0	0.0	0.0	0.0	0.0	0.0
800.0	0.0	0.0	0.0	0.0	0.0
