0.92	0.0	0.0	0.0	0.0	0.0	0.0	0.0	0.0	0.0	0.0	0.0	0.0	0.0	0.0	0.0	0.0	0.0	0.0	0.0	0.0	0.0	0.0	0.0	0.0	0.0	0.0	0.0	0.0	0.0	0.0	0.0	0.0	0.0	0.0	0.0	0.0	0.0	0.0	0.0	0.0
0.96	1.0	0.0	0.0	0.0	0.0	0.0	0.0	0.0	0.0	0.0	0.0	0.0	0.0	0.0	0.0	0.0	0.0	0.0	0.0	0.0	0.0	0.0	0.0	0.0	0.0	0.0	0.0	0.0	0.0	0.0	0.0	0.0	0.0	0.0	0.0	0.0	0.0	0.0	0.0	0.0
1.0	1.0	1.0	0.0	0.0	0.0	0.0	0.0	0.0	0.0	0.0	0.0	0.0	0.0	0.0	0.0	0.0	0.0	0.0	0.0	0.0	0.0	0.0	0.0	0.0	0.0	0.0	0.0	0.0	0.0	0.0	0.0	0.0	0.0	0.0	0.0	0.0	0.0	0.0	0.0	0.0
0.96	1.0	1.0	1.0	0.0	0.0	0.0	0.0	0.0	0.0	0.0	0.0	0.0	0.0	0.0	0.0	0.0	0.0	0.0	0.0	0.0	0.0	0.0	0.0	0.0	0.0	0.0	0.0	0.0	0.0	0.0	0.0	0.0	0.0	0.0	0.0	0.0	0.0	0.0	0.0	0.0
1.0	1.0	1.0	1.0	1.0	0.0	0.0	0.0	0.0	0.0	0.0	0.0	0.0	0.0	0.0	0.0	0.0	0.0	0.0	0.0	0.0	0.0	0.0	0.0	0.0	0.0	0.0	0.0	0.0	0.0	0.0	0.0	0.0	0.0	0.0	0.0	0.0	0.0	0.0	0.0	0.0
1.0	1.0	1.0	1.0	1.0	1.0	0.0	0.0	0.0	0.0	0.0	0.0	0.0	0.0	0.0	0.0	0.0	0.0	0.0	0.0	0.0	0.0	0.0	0.0	0.0	0.0	0.0	0.0	0.0	0.0	0.0	0.0	0.0	0.0	0.0	0.0	0.0	0.0	0.0	0.0	0.0
0.96	1.0	1.0	1.0	1.0	1.0	1.0	0.0	0.0	0.0	0.0	0.0	0.0	0.0	0.0	0.0	0.0	0.0	0.0	0.0	0.0	0.0	0.0	0.0	0.0	0.0	0.0	0.0	0.0	0.0	0.0	0.0	0.0	0.0	0.0	0.0	0.0	0.0	0.0	0.0	0.0
1.0	1.0	1.0	1.0	1.0	1.0	1.0	1.0	0.0	0.0	0.0	0.0	0.0	0.0	0.0	0.0	0.0	0.0	0.0	0.0	0.0	0.0	0.0	0.0	0.0	0.0	0.0	0.0	0.0	0.0	0.0	0.0	0.0	0.0	0.0	0.0	0.0	0.0	0.0	0.0	0.0
0.92	1.0	1.0	1.0	1.0	1.0	1.0	1.0	1.0	0.0	0.0	0.0	0.0	0.0	0.0	0.0	0.0	0.0	0.0	0.0	0.0	0.0	0.0	0.0	0.0	0.0	0.0	0.0	0.0	0.0	0.0	0.0	0.0	0.0	0.0	0.0	0.0	0.0	0.0	0.0	0.0
1.0	1.0	1.0	1.0	1.0	1.0	1.0	1.0	1.0	1.0	0.0	0.0	0.0	0.0	0.0	0.0	0.0	0.0	0.0	0.0	0.0	0.0	0.0	0.0	0.0	0.0	0.0	0.0	0.0	0.0	0.0	0.0	0.0	0.0	0.0	0.0	0.0	0.0	0.0	0.0	0.0
1.0	1.0	1.0	1.0	1.0	1.0	1.0	1.0	1.0	1.0	1.0	0.0	0.0	0.0	0.0	0.0	0.0	0.0	0.0	0.0	0.0	0.0	0.0	0.0	0.0	0.0	0.0	0.0	0.0	0.0	0.0	0.0	0.0	0.0	0.0	0.0	0.0	0.0	0.0	0.0	0.0
1.0	1.0	1.0	1.0	1.0	1.0	1.0	1.0	1.0	1.0	1.0	1.0	0.0	0.0	0.0	0.0	0.0	0.0	0.0	0.0	0.0	0.0	0.0	0.0	0.0	0.0	0.0	0.0	0.0	0.0	0.0	0.0	0.0	0.0	0.0	0.0	0.0	0.0	0.0	0.0	0.0
0.96	1.0	1.0	1.0	1.0	1.0	1.0	1.0	1.0	1.0	1.0	1.0	0.937373046875	0.0	0.0	0.0	0.0	0.0	0.0	0.0	0.0	0.0	0.0	0.0	0.0	0.0	0.0	0.0	0.0	0.0	0.0	0.0	0.0	0.0	0.0	0.0	0.0	0.0	0.0	0.0	0.0
1.0	1.0	1.0	1.0	1.0	1.0	1.0	1.0	1.0	1.0	1.0	1.0	1.0	0.45171875	0.0	0.0	0.0	0.0	0.0	0.0	0.0	0.0	0.0	0.0	0.0	0.0	0.0	0.0	0.0	0.0	0.0	0.0	0.0	0.0	0.0	0.0	0.0	0.0	0.0	0.0	0.0
1.0	1.0	1.0	1.0	1.0	1.0	1.0	1.0	1.0	1.0	1.0	1.0	1.0	0.8775390625	0.050556640625	0.0	0.0	0.0	0.0	0.0	0.0	0.0	0.0	0.0	0.0	0.0	0.0	0.0	0.0	0.0	0.0	0.0	0.0	0.0	0.0	0.0	0.0	0.0	0.0	0.0	0.0
0.96	1.0	1.0	1.0	1.0	1.0	1.0	1.0	1.0	1.0	1.0	1.0	1.0	0.95658203125	0.1665625	0.0723828125	0.0	0.0	0.0	0.0	0.0	0.0	0.0	0.0	0.0	0.0	0.0	0.0	0.0	0.0	0.0	0.0	0.0	0.0	0.0	0.0	0.0	0.0	0.0	0.0	0.0
1.0	1.0	1.0	1.0	1.0	1.0	1.0	1.0	1.0	1.0	1.0	1.0	1.0	1.0	0.338876953125	0.07474609375	0.05330078125	0.0	0.0	0.0	0.0	0.0	0.0	0.0	0.0	0.0	0.0	0.0	0.0	0.0	0.0	0.0	0.0	0.0	0.0	0.0	0.0	0.0	0.0	0.0	0.0
1.0	1.0	1.0	1.0	1.0	1.0	1.0	1.0	1.0	1.0	1.0	1.0	1.0	1.0	0.71158203125	0.125390625	0.06013671875	0.0383984375	0.0	0.0	0.0	0.0	0.0	0.0	0.0	0.0	0.0	0.0	0.0	0.0	0.0	0.0	0.0	0.0	0.0	0.0	0.0	0.0	0.0	0.0	0.0
1.0	1.0	1.0	1.0	1.0	1.0	1.0	1.0	1.0	1.0	1.0	1.0	1.0	1.0	0.850322265625	0.2822265625	0.094345703125	0.042041015625	0.028232421875	0.0	0.0	0.0	0.0	0.0	0.0	0.0	0.0	0.0	0.0	0.0	0.0	0.0	0.0	0.0	0.0	0.0	0.0	0.0	0.0	0.0	0.0
1.0	1.0	1.0	1.0	1.0	1.0	1.0	1.0	1.0	1.0	1.0	1.0	1.0	1.0	0.89580078125	0.336259765625	0.133984375	0.047939453125	0.034130859375	0.01396484375	0.0	0.0	0.0	0.0	0.0	0.0	0.0	0.0	0.0	0.0	0.0	0.0	0.0	0.0	0.0	0.0	0.0	0.0	0.0	0.0	0.0
0.96	1.0	1.0	1.0	1.0	1.0	1.0	1.0	1.0	1.0	1.0	1.0	1.0	1.0	0.624921875	0.37783203125	0.236865234375	0.084873046875	0.04447265625	0.029951171875	0.02609375	0.0	0.0	0.0	0.0	0.0	0.0	0.0	0.0	0.0	0.0	0.0	0.0	0.0	0.0	0.0	0.0	0.0	0.0	0.0	0.0
1.0	1.0	1.0	1.0	1.0	1.0	1.0	1.0	1.0	1.0	1.0	1.0	1.0	0.704130859375	0.53697265625	0.402587890625	0.27279296875	0.126455078125	0.072431640625	0.031650390625	0.02755859375	0.0228125	0.0	0.0	0.0	0.0	0.0	0.0	0.0	0.0	0.0	0.0	0.0	0.0	0.0	0.0	0.0	0.0	0.0	0.0	0.0
0.96	1.0	1.0	1.0	1.0	1.0	1.0	1.0	1.0	1.0	1.0	1.0	0.963046875	0.599541015625	0.5036328125	0.406484375	0.269052734375	0.189462890625	0.116259765625	0.0478125	0.030625	0.022548828125	0.0200390625	0.0	0.0	0.0	0.0	0.0	0.0	0.0	0.0	0.0	0.0	0.0	0.0	0.0	0.0	0.0	0.0	0.0	0.0
1.0	1.0	1.0	1.0	1.0	1.0	1.0	1.0	1.0	0.984658203125	1.0	0.938779296875	0.64876953125	0.542109375	0.4765625	0.38833984375	0.269560546875	0.209765625	0.1444140625	0.096650390625	0.036171875	0.027353515625	0.02263671875	0.01962890625	0.0	0.0	0.0	0.0	0.0	0.0	0.0	0.0	0.0	0.0	0.0	0.0	0.0	0.0	0.0	0.0	0.0
0.92	1.0	1.0	1.0	1.0	1.0	1.0	0.73330078125	0.977822265625	0.923525390625	0.844736328125	0.562001953125	0.525771484375	0.50447265625	0.44443359375	0.351455078125	0.2974609375	0.233408203125	0.15322265625	0.120546875	0.08802734375	0.0342578125	0.023515625	0.02171875	0.020615234375	0.0	0.0	0.0	0.0	0.0	0.0	0.0	0.0	0.0	0.0	0.0	0.0	0.0	0.0	0.0	0.0
1.0	1.0	1.0	1.0	0.032109375	1.0	0.784765625	0.493212890625	0.42611328125	0.660625	0.668896484375	0.52703125	0.476484375	0.481201171875	0.437451171875	0.382158203125	0.27884765625	0.235517578125	0.1765625	0.1285546875	0.1066015625	0.042890625	0.02541015625	0.0214453125	0.02	0.020029296875	0.0	0.0	0.0	0.0	0.0	0.0	0.0	0.0	0.0	0.0	0.0	0.0	0.0	0.0	0.0
0.96	1.0	1.0	0.846455078125	0.02736328125	0.28390625	0.29802734375	0.36212890625	0.387724609375	0.58646484375	0.4652734375	0.447802734375	0.460712890625	0.412841796875	0.397236328125	0.34708984375	0.28623046875	0.25375	0.17607421875	0.151611328125	0.112421875	0.08287109375	0.043701171875	0.02349609375	0.02244140625	0.02091796875	0.018486328125	0.0	0.0	0.0	0.0	0.0	0.0	0.0	0.0	0.0	0.0	0.0	0.0	0.0	0.0
0.88	1.0	1.0	0.74140625	0.028662109375	0.1571484375	0.260400390625	0.26349609375	0.3812109375	0.409912109375	0.427001953125	0.429794921875	0.452021484375	0.419697265625	0.380908203125	0.344345703125	0.29595703125	0.252021484375	0.201640625	0.159921875	0.126572265625	0.09794921875	0.079794921875	0.03779296875	0.022109375	0.020810546875	0.01927734375	0.0186328125	0.0	0.0	0.0	0.0	0.0	0.0	0.0	0.0	0.0	0.0	0.0	0.0	0.0
1.0	1.0	1.0	0.521630859375	0.03326171875	0.142333984375	0.24947265625	0.262314453125	0.366103515625	0.398564453125	0.41341796875	0.40935546875	0.4278515625	0.39193359375	0.375068359375	0.328408203125	0.300810546875	0.249833984375	0.20728515625	0.169443359375	0.14548828125	0.105146484375	0.097099609375	0.069541015625	0.027177734375	0.020166015625	0.020380859375	0.018544921875	0.008984375	0.0	0.0	0.0	0.0	0.0	0.0	0.0	0.0	0.0	0.0	0.0	0.0
1.0	1.0	1.0	0.015283203125	0.004443359375	0.134189453125	0.194501953125	0.261689453125	0.312080078125	0.361865234375	0.39833984375	0.409248046875	0.41037109375	0.386328125	0.353955078125	0.336005859375	0.302412109375	0.26724609375	0.225185546875	0.1928125	0.154833984375	0.122919921875	0.094150390625	0.08802734375	0.067783203125	0.025771484375	0.020859375	0.018564453125	0.0180078125	0.017734375	0.0	0.0	0.0	0.0	0.0	0.0	0.0	0.0	0.0	0.0	0.0
0.96	1.0	1.0	0.015146484375	0.003740234375	0.007001953125	0.147705078125	0.211044921875	0.288115234375	0.35923828125	0.3724609375	0.383076171875	0.3821484375	0.373056640625	0.351279296875	0.333642578125	0.30521484375	0.27025390625	0.2310546875	0.195029296875	0.182822265625	0.1326171875	0.10876953125	0.087099609375	0.078076171875	0.062880859375	0.024912109375	0.020009765625	0.0188671875	0.01849609375	0.017958984375	0.0	0.0	0.0	0.0	0.0	0.0	0.0	0.0	0.0	0.0
1.0	1.0	0.889326171875	0.015166015625	0.00466796875	0.00828125	0.14521484375	0.23125	0.298330078125	0.361083984375	0.362373046875	0.37314453125	0.370732421875	0.36517578125	0.338486328125	0.316337890625	0.283447265625	0.268154296875	0.234453125	0.20037109375	0.181103515625	0.14310546875	0.117421875	0.093291015625	0.07904296875	0.07017578125	0.03392578125	0.022158203125	0.020078125	0.017626953125	0.017939453125	0.0176953125	0.0	0.0	0.0	0.0	0.0	0.0	0.0	0.0	0.0
1.0	1.0	0.015009765625	0.004189453125	0.004013671875	0.00630859375	0.129873046875	0.218525390625	0.312802734375	0.3369140625	0.34775390625	0.36314453125	0.36533203125	0.357880859375	0.336572265625	0.31748046875	0.28341796875	0.27017578125	0.251025390625	0.200048828125	0.18892578125	0.17416015625	0.1298828125	0.102666015625	0.090380859375	0.07650390625	0.064287109375	0.03193359375	0.020693359375	0.018046875	0.017783203125	0.017265625	0.017783203125	0.0	0.0	0.0	0.0	0.0	0.0	0.0	0.0
1.0	1.0	0.01640625	0.0037109375	0.0039453125	0.006416015625	0.1259375	0.228623046875	0.31732421875	0.34302734375	0.350185546875	0.360498046875	0.359462890625	0.351484375	0.329384765625	0.31931640625	0.2852734375	0.270322265625	0.2492578125	0.201875	0.18810546875	0.17818359375	0.137568359375	0.1190625	0.092666015625	0.0802734375	0.0773046875	0.06505859375	0.03169921875	0.02064453125	0.018447265625	0.01736328125	0.017626953125	0.0087890625	0.0	0.0	0.0	0.0	0.0	0.0	0.0
0.92	1.0	0.014892578125	0.0040234375	0.00392578125	0.008203125	0.123779296875	0.24076171875	0.32333984375	0.343193359375	0.34501953125	0.34208984375	0.35638671875	0.3466015625	0.3283984375	0.313193359375	0.283759765625	0.274267578125	0.258359375	0.2208984375	0.19861328125	0.185107421875	0.1598046875	0.127529296875	0.10978515625	0.085966796875	0.079580078125	0.076689453125	0.064013671875	0.03080078125	0.019423828125	0.018359375	0.018154296875	0.018505859375	0.017919921875	0.0	0.0	0.0	0.0	0.0	0.0
0.96	1.0	0.0034765625	0.00373046875	0.0042578125	0.003203125	0.1201953125	0.207744140625	0.327978515625	0.343232421875	0.337646484375	0.34251953125	0.353046875	0.346845703125	0.314619140625	0.31314453125	0.293046875	0.2758984375	0.2537109375	0.235185546875	0.200341796875	0.189716796875	0.171064453125	0.155947265625	0.11755859375	0.10408203125	0.08291015625	0.076337890625	0.07712890625	0.06072265625	0.0275	0.017802734375	0.0184375	0.017880859375	0.0177734375	0.016923828125	0.0	0.0	0.0	0.0	0.0
0.96	0.017060546875	0.003291015625	0.003447265625	0.003681640625	0.004580078125	0.0066796875	0.2031640625	0.33576171875	0.326533203125	0.327744140625	0.3390234375	0.336181640625	0.346201171875	0.322412109375	0.303984375	0.284765625	0.268056640625	0.267294921875	0.2382421875	0.2042578125	0.192724609375	0.1691015625	0.159365234375	0.151083984375	0.10580078125	0.08525390625	0.080263671875	0.076591796875	0.062763671875	0.06267578125	0.02021484375	0.018095703125	0.017958984375	0.018232421875	0.018525390625	0.017880859375	0.0	0.0	0.0	0.0
1.0	0.0034765625	0.0037109375	0.00337890625	0.003740234375	0.00388671875	0.006787109375	0.225927734375	0.33361328125	0.322646484375	0.3262109375	0.33177734375	0.33869140625	0.3457421875	0.30845703125	0.303095703125	0.28615234375	0.272060546875	0.26505859375	0.250849609375	0.202412109375	0.195419921875	0.18392578125	0.1629296875	0.151904296875	0.12072265625	0.091767578125	0.081591796875	0.07494140625	0.0741015625	0.061259765625	0.029287109375	0.018671875	0.01919921875	0.018125	0.01853515625	0.018095703125	0.01779296875	0.0	0.0	0.0
1.0	0.003525390625	0.003994140625	0.003671875	0.004013671875	0.00400390625	0.007041015625	0.239384765625	0.32666015625	0.3255078125	0.32955078125	0.330732421875	0.336171875	0.352314453125	0.312216796875	0.29505859375	0.2928515625	0.270205078125	0.262373046875	0.257490234375	0.20234375	0.19431640625	0.185810546875	0.16962890625	0.155439453125	0.152255859375	0.103740234375	0.090986328125	0.079716796875	0.076884765625	0.077646484375	0.059453125	0.02791015625	0.019033203125	0.01826171875	0.018095703125	0.01783203125	0.018154296875	0.00830078125	0.0	0.0
1.0	0.003291015625	0.003349609375	0.003740234375	0.002880859375	0.0039453125	0.006982421875	0.266083984375	0.326630859375	0.320458984375	0.32173828125	0.3259765625	0.325732421875	0.323916015625	0.29525390625	0.29892578125	0.290078125	0.274345703125	0.261923828125	0.262001953125	0.2058203125	0.19193359375	0.19419921875	0.178623046875	0.153701171875	0.15548828125	0.1523828125	0.09103515625	0.08470703125	0.07845703125	0.073662109375	0.077607421875	0.06162109375	0.024951171875	0.018720703125	0.017763671875	0.019150390625	0.018408203125	0.018515625	0.017890625	0.0
1.0	0.00361328125	0.003515625	0.003349609375	0.003291015625	0.004228515625	0.005869140625	0.268173828125	0.2716015625	0.3235546875	0.322177734375	0.323974609375	0.328876953125	0.32947265625	0.295615234375	0.29748046875	0.291376953125	0.2794140625	0.262451171875	0.264658203125	0.262099609375	0.198798828125	0.194755859375	0.17865234375	0.177109375	0.157666015625	0.152939453125	0.09150390625	0.094140625	0.0812109375	0.08150390625	0.07638671875	0.075927734375	0.060986328125	0.02498046875	0.01830078125	0.017744140625	0.017919921875	0.018330078125	0.0173828125	0.0175390625
