1.0	0.0	0.0	0.0	0.0	0.0	0.0	0.0	0.0	0.0	0.0	0.0	0.0	0.0	0.0	0.0	0.0	0.0	0.0	0.0	0.0	0.0	0.0	0.0	0.0	0.0	0.0	0.0	0.0	0.0	0.0	0.0	0.0	0.0	0.0	0.0	0.0	0.0	0.0	0.0	0.0
1.0	1.0	0.0	0.0	0.0	0.0	0.0	0.0	0.0	0.0	0.0	0.0	0.0	0.0	0.0	0.0	0.0	0.0	0.0	0.0	0.0	0.0	0.0	0.0	0.0	0.0	0.0	0.0	0.0	0.0	0.0	0.0	0.0	0.0	0.0	0.0	0.0	0.0	0.0	0.0	0.0
0.96	1.0	1.0	0.0	0.0	0.0	0.0	0.0	0.0	0.0	0.0	0.0	0.0	0.0	0.0	0.0	0.0	0.0	0.0	0.0	0.0	0.0	0.0	0.0	0.0	0.0	0.0	0.0	0.0	0.0	0.0	0.0	0.0	0.0	0.0	0.0	0.0	0.0	0.0	0.0	0.0
0.84	1.0	1.0	1.0	0.0	0.0	0.0	0.0	0.0	0.0	0.0	0.0	0.0	0.0	0.0	0.0	0.0	0.0	0.0	0.0	0.0	0.0	0.0	0.0	0.0	0.0	0.0	0.0	0.0	0.0	0.0	0.0	0.0	0.0	0.0	0.0	0.0	0.0	0.0	0.0	0.0
0.96	1.0	1.0	1.0	1.0	0.0	0.0	0.0	0.0	0.0	0.0	0.0	0.0	0.0	0.0	0.0	0.0	0.0	0.0	0.0	0.0	0.0	0.0	0.0	0.0	0.0	0.0	0.0	0.0	0.0	0.0	0.0	0.0	0.0	0.0	0.0	0.0	0.0	0.0	0.0	0.0
1.0	1.0	1.0	1.0	1.0	1.0	0.0	0.0	0.0	0.0	0.0	0.0	0.0	0.0	0.0	0.0	0.0	0.0	0.0	0.0	0.0	0.0	0.0	0.0	0.0	0.0	0.0	0.0	0.0	0.0	0.0	0.0	0.0	0.0	0.0	0.0	0.0	0.0	0.0	0.0	0.0
1.0	1.0	1.0	1.0	1.0	1.0	1.0	0.0	0.0	0.0	0.0	0.0	0.0	0.0	0.0	0.0	0.0	0.0	0.0	0.0	0.0	0.0	0.0	0.0	0.0	0.0	0.0	0.0	0.0	0.0	0.0	0.0	0.0	0.0	0.0	0.0	0.0	0.0	0.0	0.0	0.0
0.96	1.0	1.0	1.0	1.0	1.0	1.0	1.0	0.0	0.0	0.0	0.0	0.0	0.0	0.0	0.0	0.0	0.0	0.0	0.0	0.0	0.0	0.0	0.0	0.0	0.0	0.0	0.0	0.0	0.0	0.0	0.0	0.0	0.0	0.0	0.0	0.0	0.0	0.0	0.0	0.0
1.0	1.0	1.0	1.0	1.0	1.0	1.0	1.0	1.0	0.0	0.0	0.0	0.0	0.0	0.0	0.0	0.0	0.0	0.0	0.0	0.0	0.0	0.0	0.0	0.0	0.0	0.0	0.0	0.0	0.0	0.0	0.0	0.0	0.0	0.0	0.0	0.0	0.0	0.0	0.0	0.0
1.0	1.0	1.0	1.0	1.0	1.0	1.0	1.0	1.0	1.0	0.0	0.0	0.0	0.0	0.0	0.0	0.0	0.0	0.0	0.0	0.0	0.0	0.0	0.0	0.0	0.0	0.0	0.0	0.0	0.0	0.0	0.0	0.0	0.0	0.0	0.0	0.0	0.0	0.0	0.0	0.0
1.0	1.0	1.0	1.0	1.0	1.0	1.0	1.0	1.0	1.0	1.0	0.0	0.0	0.0	0.0	0.0	0.0	0.0	0.0	0.0	0.0	0.0	0.0	0.0	0.0	0.0	0.0	0.0	0.0	0.0	0.0	0.0	0.0	0.0	0.0	0.0	0.0	0.0	0.0	0.0	0.0
0.96	1.0	1.0	1.0	1.0	1.0	1.0	1.0	1.0	1.0	1.0	1.0	0.0	0.0	0.0	0.0	0.0	0.0	0.0	0.0	0.0	0.0	0.0	0.0	0.0	0.0	0.0	0.0	0.0	0.0	0.0	0.0	0.0	0.0	0.0	0.0	0.0	0.0	0.0	0.0	0.0
1.0	1.0	1.0	1.0	1.0	1.0	1.0	1.0	1.0	1.0	1.0	1.0	1.0	0.0	0.0	0.0	0.0	0.0	0.0	0.0	0.0	0.0	0.0	0.0	0.0	0.0	0.0	0.0	0.0	0.0	0.0	0.0	0.0	0.0	0.0	0.0	0.0	0.0	0.0	0.0	0.0
1.0	1.0	1.0	1.0	1.0	1.0	1.0	1.0	1.0	1.0	1.0	1.0	1.0	0.366611328125	0.0	0.0	0.0	0.0	0.0	0.0	0.0	0.0	0.0	0.0	0.0	0.0	0.0	0.0	0.0	0.0	0.0	0.0	0.0	0.0	0.0	0.0	0.0	0.0	0.0	0.0	0.0
0.88	1.0	1.0	1.0	1.0	1.0	1.0	1.0	1.0	1.0	1.0	1.0	1.0	0.72515625	0.0598046875	0.0	0.0	0.0	0.0	0.0	0.0	0.0	0.0	0.0	0.0	0.0	0.0	0.0	0.0	0.0	0.0	0.0	0.0	0.0	0.0	0.0	0.0	0.0	0.0	0.0	0.0
0.96	1.0	1.0	1.0	1.0	1.0	1.0	1.0	1.0	1.0	1.0	1.0	1.0	0.938798828125	0.177275390625	0.068466796875	0.0	0.0	0.0	0.0	0.0	0.0	0.0	0.0	0.0	0.0	0.0	0.0	0.0	0.0	0.0	0.0	0.0	0.0	0.0	0.0	0.0	0.0	0.0	0.0	0.0
1.0	1.0	1.0	1.0	1.0	1.0	1.0	1.0	1.0	1.0	1.0	1.0	1.0	0.999853515625	0.38560546875	0.0810546875	0.05958984375	0.0	0.0	0.0	0.0	0.0	0.0	0.0	0.0	0.0	0.0	0.0	0.0	0.0	0.0	0.0	0.0	0.0	0.0	0.0	0.0	0.0	0.0	0.0	0.0
0.96	1.0	1.0	1.0	1.0	1.0	1.0	1.0	1.0	1.0	1.0	1.0	0.999921875	0.99986328125	0.92126953125	0.135068359375	0.06376953125	0.042236328125	0.0	0.0	0.0	0.0	0.0	0.0	0.0	0.0	0.0	0.0	0.0	0.0	0.0	0.0	0.0	0.0	0.0	0.0	0.0	0.0	0.0	0.0	0.0
1.0	1.0	1.0	1.0	1.0	1.0	1.0	1.0	1.0	1.0	1.0	1.0	0.99990234375	0.99974609375	0.94009765625	0.28009765625	0.089794921875	0.04236328125	0.030859375	0.0	0.0	0.0	0.0	0.0	0.0	0.0	0.0	0.0	0.0	0.0	0.0	0.0	0.0	0.0	0.0	0.0	0.0	0.0	0.0	0.0	0.0
1.0	1.0	1.0	1.0	1.0	1.0	1.0	1.0	1.0	1.0	1.0	0.999716796875	0.99984375	0.999814453125	0.870244140625	0.3297265625	0.15212890625	0.049677734375	0.0344140625	0.015439453125	0.0	0.0	0.0	0.0	0.0	0.0	0.0	0.0	0.0	0.0	0.0	0.0	0.0	0.0	0.0	0.0	0.0	0.0	0.0	0.0	0.0
0.96	1.0	1.0	1.0	1.0	1.0	1.0	1.0	1.0	1.0	1.0	0.99970703125	0.999873046875	0.999814453125	0.613955078125	0.37087890625	0.230078125	0.08974609375	0.04443359375	0.031689453125	0.02583984375	0.0	0.0	0.0	0.0	0.0	0.0	0.0	0.0	0.0	0.0	0.0	0.0	0.0	0.0	0.0	0.0	0.0	0.0	0.0	0.0
0.96	1.0	1.0	1.0	1.0	1.0	1.0	1.0	1.0	1.0	0.9997265625	0.9996875	0.999853515625	0.69083984375	0.528994140625	0.390751953125	0.248564453125	0.135673828125	0.0688671875	0.032421875	0.02865234375	0.022666015625	0.0	0.0	0.0	0.0	0.0	0.0	0.0	0.0	0.0	0.0	0.0	0.0	0.0	0.0	0.0	0.0	0.0	0.0	0.0
1.0	1.0	1.0	1.0	1.0	1.0	1.0	1.0	1.0	0.982099609375	0.999638671875	0.99962890625	0.982236328125	0.609228515625	0.525458984375	0.41482421875	0.273271484375	0.194169921875	0.12115234375	0.048671875	0.031611328125	0.02482421875	0.023017578125	0.0	0.0	0.0	0.0	0.0	0.0	0.0	0.0	0.0	0.0	0.0	0.0	0.0	0.0	0.0	0.0	0.0	0.0
1.0	1.0	1.0	1.0	1.0	1.0	1.0	1.0	1.0	0.96861328125	0.984375	0.96658203125	0.5887109375	0.530625	0.49505859375	0.3924609375	0.286572265625	0.2187890625	0.14486328125	0.10251953125	0.035458984375	0.02775390625	0.02345703125	0.020126953125	0.0	0.0	0.0	0.0	0.0	0.0	0.0	0.0	0.0	0.0	0.0	0.0	0.0	0.0	0.0	0.0	0.0
1.0	1.0	1.0	1.0	1.0	1.0	0.97240234375	0.91634765625	0.980146484375	0.905830078125	0.85751953125	0.59275390625	0.511904296875	0.506669921875	0.4493359375	0.364013671875	0.306943359375	0.22865234375	0.148896484375	0.121220703125	0.090771484375	0.03556640625	0.0240234375	0.021962890625	0.01978515625	0.0	0.0	0.0	0.0	0.0	0.0	0.0	0.0	0.0	0.0	0.0	0.0	0.0	0.0	0.0	0.0
1.0	1.0	1.0	1.0	0.028125	0.940439453125	0.77767578125	0.538759765625	0.465498046875	0.69689453125	0.640283203125	0.5383203125	0.4791796875	0.480576171875	0.41810546875	0.355771484375	0.297705078125	0.242900390625	0.17078125	0.12966796875	0.110166015625	0.05033203125	0.02595703125	0.022412109375	0.0198828125	0.01900390625	0.0	0.0	0.0	0.0	0.0	0.0	0.0	0.0	0.0	0.0	0.0	0.0	0.0	0.0	0.0
0.96	1.0	1.0	0.540625	0.03310546875	0.16572265625	0.270439453125	0.358720703125	0.40322265625	0.59126953125	0.46603515625	0.458828125	0.45953125	0.438134765625	0.388876953125	0.358349609375	0.30548828125	0.241474609375	0.18349609375	0.144609375	0.115703125	0.08369140625	0.0467578125	0.026298828125	0.023095703125	0.021201171875	0.019794921875	0.0	0.0	0.0	0.0	0.0	0.0	0.0	0.0	0.0	0.0	0.0	0.0	0.0	0.0
1.0	1.0	1.0	0.395625	0.02619140625	0.152890625	0.2541015625	0.273564453125	0.37708984375	0.409638671875	0.41701171875	0.4285546875	0.449970703125	0.4170703125	0.389873046875	0.342421875	0.302978515625	0.245810546875	0.21337890625	0.168388671875	0.123330078125	0.10177734375	0.0809765625	0.03669921875	0.0226953125	0.020341796875	0.019814453125	0.0184765625	0.0	0.0	0.0	0.0	0.0	0.0	0.0	0.0	0.0	0.0	0.0	0.0	0.0
1.0	1.0	1.0	0.509775390625	0.03111328125	0.130107421875	0.234072265625	0.265224609375	0.380244140625	0.38119140625	0.413466796875	0.402841796875	0.4241796875	0.397119140625	0.366279296875	0.3383984375	0.30771484375	0.248759765625	0.207900390625	0.171953125	0.146474609375	0.106728515625	0.09333984375	0.070859375	0.02826171875	0.021552734375	0.021044921875	0.01841796875	0.008974609375	0.0	0.0	0.0	0.0	0.0	0.0	0.0	0.0	0.0	0.0	0.0	0.0
0.88	1.0	1.0	0.015595703125	0.004208984375	0.126181640625	0.198671875	0.26373046875	0.31056640625	0.372685546875	0.39806640625	0.39513671875	0.396533203125	0.38673828125	0.3462890625	0.33287109375	0.3073828125	0.26732421875	0.229287109375	0.1933984375	0.16044921875	0.121494140625	0.096669921875	0.090927734375	0.0675	0.025888671875	0.020185546875	0.019228515625	0.018193359375	0.01798828125	0.0	0.0	0.0	0.0	0.0	0.0	0.0	0.0	0.0	0.0	0.0
1.0	1.0	1.0	0.0155078125	0.003837890625	0.007314453125	0.146904296875	0.216044921875	0.2984375	0.3573046875	0.363935546875	0.3808203125	0.38466796875	0.384375	0.355634765625	0.33197265625	0.301279296875	0.27822265625	0.23302734375	0.196552734375	0.186591796875	0.140751953125	0.109345703125	0.09046875	0.0816015625	0.064501953125	0.025068359375	0.02138671875	0.01828125	0.018388671875	0.018115234375	0.0	0.0	0.0	0.0	0.0	0.0	0.0	0.0	0.0	0.0
1.0	1.0	0.35904296875	0.0188671875	0.00416015625	0.00798828125	0.14716796875	0.228330078125	0.3011328125	0.343037109375	0.359423828125	0.376201171875	0.377177734375	0.373955078125	0.352041015625	0.31654296875	0.292236328125	0.275576171875	0.234296875	0.200625	0.183916015625	0.1419921875	0.119736328125	0.0913671875	0.08103515625	0.07064453125	0.035791015625	0.022548828125	0.019658203125	0.017607421875	0.0176171875	0.017783203125	0.0	0.0	0.0	0.0	0.0	0.0	0.0	0.0	0.0
0.96	1.0	0.01611328125	0.003369140625	0.003046875	0.00697265625	0.123671875	0.225341796875	0.323818359375	0.342158203125	0.3487890625	0.362900390625	0.3667578125	0.3753125	0.333642578125	0.317763671875	0.28736328125	0.271796875	0.25322265625	0.207099609375	0.193798828125	0.174453125	0.131318359375	0.106259765625	0.094501953125	0.08224609375	0.065869140625	0.0323828125	0.022646484375	0.019375	0.01859375	0.01830078125	0.01771484375	0.0	0.0	0.0	0.0	0.0	0.0	0.0	0.0
1.0	1.0	0.01619140625	0.003759765625	0.00396484375	0.0071484375	0.115087890625	0.226962890625	0.324990234375	0.3350390625	0.34962890625	0.362685546875	0.355732421875	0.36173828125	0.320654296875	0.311103515625	0.2877734375	0.27041015625	0.25630859375	0.2081640625	0.187021484375	0.176787109375	0.139794921875	0.12041015625	0.097216796875	0.078671875	0.07806640625	0.06515625	0.0323828125	0.02064453125	0.0189453125	0.01900390625	0.01755859375	0.008583984375	0.0	0.0	0.0	0.0	0.0	0.0	0.0
0.88	1.0	0.0167578125	0.00361328125	0.00375	0.006455078125	0.11451171875	0.2429296875	0.3241015625	0.348427734375	0.3503515625	0.342724609375	0.34921875	0.360185546875	0.3268359375	0.31146484375	0.2898828125	0.27033203125	0.257568359375	0.226376953125	0.197666015625	0.18203125	0.166376953125	0.129697265625	0.11052734375	0.0863671875	0.077294921875	0.077939453125	0.064658203125	0.031328125	0.01974609375	0.01849609375	0.018994140625	0.018486328125	0.0173828125	0.0	0.0	0.0	0.0	0.0	0.0
1.0	1.0	0.003330078125	0.003896484375	0.003896484375	0.003994140625	0.112392578125	0.195361328125	0.330537109375	0.337802734375	0.330517578125	0.340087890625	0.349140625	0.35763671875	0.318310546875	0.31193359375	0.2895703125	0.273828125	0.261904296875	0.23138671875	0.203408203125	0.188486328125	0.16681640625	0.15642578125	0.119267578125	0.103388671875	0.082724609375	0.07728515625	0.07705078125	0.06423828125	0.029248046875	0.018974609375	0.01814453125	0.018505859375	0.01802734375	0.017666015625	0.0	0.0	0.0	0.0	0.0
0.96	0.0155078125	0.00388671875	0.003330078125	0.0030078125	0.00408203125	0.007109375	0.204443359375	0.33185546875	0.3360546875	0.32396484375	0.344326171875	0.3344140625	0.351767578125	0.317734375	0.301640625	0.28630859375	0.276357421875	0.266318359375	0.2435546875	0.209853515625	0.192001953125	0.175146484375	0.16140625	0.1558984375	0.106611328125	0.086689453125	0.080107421875	0.075947265625	0.06349609375	0.061279296875	0.021611328125	0.018134765625	0.017900390625	0.01837890625	0.019580078125	0.018037109375	0.0	0.0	0.0	0.0
0.92	0.003349609375	0.003291015625	0.003369140625	0.00333984375	0.00380859375	0.00701171875	0.225048828125	0.325361328125	0.32673828125	0.331298828125	0.3442578125	0.3344921875	0.3512890625	0.307587890625	0.302412109375	0.28548828125	0.277314453125	0.2614453125	0.25775390625	0.204150390625	0.199013671875	0.185166015625	0.15916015625	0.1584765625	0.12072265625	0.09623046875	0.083447265625	0.07630859375	0.073994140625	0.06552734375	0.030302734375	0.019501953125	0.017900390625	0.01861328125	0.017841796875	0.01876953125	0.017216796875	0.0	0.0	0.0
0.96	0.00373046875	0.003271484375	0.003837890625	0.003427734375	0.004365234375	0.00669921875	0.228583984375	0.326806640625	0.322822265625	0.33298828125	0.339013671875	0.330185546875	0.347939453125	0.30654296875	0.298798828125	0.28828125	0.2711328125	0.268193359375	0.25646484375	0.203291015625	0.196650390625	0.18412109375	0.169140625	0.1555078125	0.153974609375	0.107783203125	0.09234375	0.079658203125	0.077060546875	0.075634765625	0.06380859375	0.028876953125	0.01826171875	0.017275390625	0.0186328125	0.0183203125	0.018017578125	0.00869140625	0.0	0.0
1.0	0.00359375	0.00400390625	0.003583984375	0.003583984375	0.00376953125	0.006708984375	0.259072265625	0.3250390625	0.316005859375	0.33287109375	0.331943359375	0.335673828125	0.331787109375	0.295888671875	0.298701171875	0.28642578125	0.27970703125	0.261787109375	0.2673046875	0.2078125	0.1953125	0.19673828125	0.172294921875	0.158310546875	0.153232421875	0.15455078125	0.092109375	0.08193359375	0.078642578125	0.075078125	0.07341796875	0.062001953125	0.02533203125	0.019189453125	0.018642578125	0.0180078125	0.018291015625	0.01826171875	0.017890625	0.0
1.0	0.003720703125	0.003388671875	0.003251953125	0.003310546875	0.003525390625	0.007744140625	0.26861328125	0.25943359375	0.31908203125	0.31931640625	0.324462890625	0.332705078125	0.3314453125	0.293154296875	0.296328125	0.29126953125	0.2766015625	0.26734375	0.26380859375	0.262109375	0.192236328125	0.19337890625	0.179541015625	0.177666015625	0.154912109375	0.154931640625	0.095908203125	0.0946484375	0.080654296875	0.0826171875	0.075556640625	0.07703125	0.06349609375	0.02578125	0.019580078125	0.017666015625	0.018544921875	0.01806640625	0.017197265625	0.017705078125
