0.0009765625	0.994150390625	0.99451171875	0.994208984375	0.993955078125	0.994384765625	0.99345703125	0.99447265625	0.993212890625	0.9939453125	0.994033203125	0.993955078125	0.9943359375	0.993076171875	0.993984375	0.994111328125	0.993515625	0.993642578125	0.99380859375	0.993828125	0.99396484375	0.993671875	0.99423828125	0.994150390625	0.99326171875	0.994580078125	0.993818359375	0.99390625	0.9937890625	0.99408203125	0.994091796875	0.993544921875	0.993916015625	0.993427734375	0.993798828125	0.99365234375	0.994130859375	0.994189453125	0.994072265625	0.99330078125	0.993779296875
0.0009765625	0.05447265625	0.993837890625	0.993857421875	0.994677734375	0.994521484375	0.994140625	0.9944140625	0.994130859375	0.994482421875	0.993994140625	0.99400390625	0.99423828125	0.993876953125	0.994072265625	0.9937109375	0.99263671875	0.99453125	0.9933984375	0.993662109375	0.993828125	0.994462890625	0.99384765625	0.994111328125	0.994150390625	0.99427734375	0.993837890625	0.993505859375	0.99416015625	0.994111328125	0.994365234375	0.9940625	0.9944140625	0.993828125	0.99392578125	0.99431640625	0.9939453125	0.99478515625	0.9936328125	0.993623046875	0.99435546875
0.0009765625	0.014072265625	0.051689453125	0.99388671875	0.99345703125	0.994267578125	0.9941015625	0.993642578125	0.993642578125	0.994345703125	0.9936328125	0.99435546875	0.99408203125	0.993701171875	0.99333984375	0.993935546875	0.9940625	0.993525390625	0.99404296875	0.993681640625	0.993505859375	0.9942578125	0.993017578125	0.994052734375	0.993125	0.993759765625	0.993896484375	0.99390625	0.994404296875	0.993984375	0.994609375	0.994501953125	0.994580078125	0.994541015625	0.9937109375	0.9945703125	0.99341796875	0.994833984375	0.99357421875	0.99408203125	0.99435546875
0.0009765625	0.01087890625	0.029072265625	0.09015625	0.993701171875	0.99412109375	0.99416015625	0.99357421875	0.9939453125	0.99447265625	0.993662109375	0.994169921875	0.993271484375	0.993896484375	0.993447265625	0.994814453125	0.9936328125	0.994375	0.993271484375	0.9934765625	0.99400390625	0.993603515625	0.99412109375	0.99375	0.99361328125	0.99412109375	0.99353515625	0.993505859375	0.99376953125	0.993974609375	0.99439453125	0.99455078125	0.99365234375	0.993447265625	0.9935546875	0.99419921875	0.9934765625	0.994150390625	0.994150390625	0.994140625	0.99361328125
0.0009765625	0.006376953125	0.014921875	0.0350390625	0.09595703125	0.99361328125	0.99359375	0.994677734375	0.994267578125	0.99439453125	0.993349609375	0.994873046875	0.99384765625	0.993974609375	0.99392578125	0.99380859375	0.99423828125	0.994619140625	0.99365234375	0.99443359375	0.992998046875	0.994599609375	0.9946484375	0.9938671875	0.994130859375	0.993583984375	0.993212890625	0.99416015625	0.993623046875	0.993232421875	0.9934375	0.99349609375	0.99376953125	0.993896484375	0.99423828125	0.9938671875	0.993388671875	0.994453125	0.994150390625	0.99443359375	0.99341796875
0.0009765625	0.003935546875	0.0133984375	0.02818359375	0.053759765625	0.12498046875	0.994248046875	0.99318359375	0.993701171875	0.993818359375	0.993427734375	0.9942578125	0.994111328125	0.993271484375	0.994306640625	0.99365234375	0.994052734375	0.994150390625	0.993115234375	0.993798828125	0.9950390625	0.99296875	0.994033203125	0.993447265625	0.993740234375	0.9937890625	0.993955078125	0.993173828125	0.99427734375	0.993271484375	0.993779296875	0.993955078125	0.99357421875	0.993466796875	0.99400390625	0.99328125	0.993759765625	0.994306640625	0.993984375	0.994228515625	0.994013671875
0.0009765625	0.00513671875	0.012568359375	0.019423828125	0.04537109375	0.087109375	0.243662109375	0.993994140625	0.99361328125	0.994091796875	0.993779296875	0.993056640625	0.9940625	0.994697265625	0.993662109375	0.994189453125	0.993564453125	0.994326171875	0.994208984375	0.99373046875	0.993896484375	0.99392578125	0.993857421875	0.994208984375	0.994033203125	0.99333984375	0.993544921875	0.994326171875	0.994140625	0.993623046875	0.993076171875	0.993544921875	0.9940625	0.994541015625	0.993564453125	0.99390625	0.994052734375	0.993798828125	0.99412109375	0.993505859375	0.994873046875
0.0009765625	0.001904296875	0.009609375	0.0190625	0.03322265625	0.069375	0.229697265625	0.4909765625	0.994150390625	0.99431640625	0.993251953125	0.993779296875	0.993681640625	0.994267578125	0.993916015625	0.99380859375	0.9940234375	0.99357421875	0.9943359375	0.9937109375	0.994580078125	0.994140625	0.99318359375	0.993251953125	0.993603515625	0.9939453125	0.993232421875	0.99427734375	0.9939453125	0.993857421875	0.99396484375	0.99328125	0.993779296875	0.99427734375	0.9937109375	0.993037109375	0.994013671875	0.99400390625	0.994140625	0.994287109375	0.994228515625
0.0009765625	0.001005859375	0.00669921875	0.015244140625	0.025732421875	0.0465234375	0.112841796875	0.36017578125	0.44044921875	0.993408203125	0.99353515625	0.994677734375	0.994140625	0.994111328125	0.994482421875	0.993212890625	0.99421875	0.9941796875	0.993486328125	0.99416015625	0.99462890625	0.994375	0.993857421875	0.9937109375	0.9936328125	0.992783203125	0.993681640625	0.99314453125	0.994443359375	0.993310546875	0.9937890625	0.993857421875	0.9939453125	0.99400390625	0.99455078125	0.993330078125	0.99384765625	0.994296875	0.994072265625	0.994375	0.993193359375
0.0009765625	0.0009765625	0.00861328125	0.0107421875	0.0246875	0.04203125	0.077294921875	0.20259765625	0.519150390625	0.590732421875	0.993583984375	0.993896484375	0.993896484375	0.9947265625	0.994228515625	0.993994140625	0.99453125	0.99427734375	0.994052734375	0.994296875	0.993662109375	0.994111328125	0.99404296875	0.99388671875	0.993515625	0.99412109375	0.994638671875	0.99400390625	0.99384765625	0.99330078125	0.99404296875	0.99482421875	0.99345703125	0.99455078125	0.993857421875	0.992822265625	0.993359375	0.993779296875	0.993525390625	0.994560546875	0.994228515625
0.0009765625	0.0009765625	0.005703125	0.010439453125	0.02185546875	0.031884765625	0.07025390625	0.167412109375	0.325	0.560654296875	0.67275390625	0.9941015625	0.9938671875	0.99380859375	0.99416015625	0.99369140625	0.994033203125	0.99302734375	0.994248046875	0.994189453125	0.99396484375	0.993818359375	0.99373046875	0.99359375	0.9937109375	0.994130859375	0.993759765625	0.993056640625	0.99404296875	0.99390625	0.99427734375	0.994560546875	0.99404296875	0.994423828125	0.99421875	0.9941796875	0.99412109375	0.993310546875	0.994267578125	0.993662109375	0.993720703125
0.0009765625	0.0009765625	0.005166015625	0.00916015625	0.01875	0.0419140625	0.089931640625	0.12123046875	0.30619140625	0.404765625	0.698212890625	0.806884765625	0.993837890625	0.9939453125	0.994033203125	0.9935546875	0.994384765625	0.99375	0.994111328125	0.9934375	0.994306640625	0.9945703125	0.992666015625	0.99435546875	0.993759765625	0.9942578125	0.994443359375	0.994296875	0.994423828125	0.993349609375	0.99390625	0.993896484375	0.994130859375	0.994111328125	0.993916015625	0.9940625	0.994091796875	0.9936328125	0.9940625	0.99470703125	0.9936328125
0.0009765625	0.0009765625	0.00501953125	0.008134765625	0.02244140625	0.037529296875	0.0656640625	0.115966796875	0.281982421875	0.373330078125	0.5531640625	0.775361328125	0.893857421875	0.99388671875	0.993955078125	0.993505859375	0.993681640625	0.99337890625	0.994326171875	0.994453125	0.9943359375	0.995009765625	0.994404296875	0.99421875	0.993544921875	0.994638671875	0.994345703125	0.99404296875	0.993876953125	0.9934765625	0.993974609375	0.99322265625	0.99404296875	0.99400390625	0.993876953125	0.994052734375	0.99349609375	0.99384765625	0.993828125	0.993525390625	0.993486328125
0.0009765625	0.0009765625	0.001845703125	0.009453125	0.015322265625	0.03107421875	0.064873046875	0.155595703125	0.212470703125	0.327724609375	0.507802734375	0.684697265625	0.860732421875	0.958359375	0.99357421875	0.993544921875	0.99388671875	0.993251953125	0.993408203125	0.9938671875	0.99396484375	0.99388671875	0.994541015625	0.994375	0.99416015625	0.993935546875	0.99361328125	0.993369140625	0.993984375	0.994072265625	0.993876953125	0.993408203125	0.99400390625	0.992900390625	0.994384765625	0.9929296875	0.993896484375	0.994248046875	0.99427734375	0.993193359375	0.993447265625
0.0009765625	0.0009765625	0.0018359375	0.01041015625	0.014580078125	0.0299609375	0.063740234375	0.14921875	0.204140625	0.36767578125	0.473564453125	0.56068359375	0.802265625	0.90978515625	0.992265625	0.993818359375	0.993916015625	0.993876953125	0.99390625	0.993525390625	0.995078125	0.993251953125	0.994150390625	0.9937890625	0.99375	0.9933203125	0.99427734375	0.99431640625	0.9934765625	0.99408203125	0.994208984375	0.993984375	0.993369140625	0.994052734375	0.99484375	0.993701171875	0.99380859375	0.99390625	0.9937109375	0.99427734375	0.993818359375
0.0009765625	0.0009765625	0.0010546875	0.00646484375	0.0153125	0.0200390625	0.05505859375	0.123349609375	0.183828125	0.33359375	0.397197265625	0.572021484375	0.6686328125	0.866416015625	0.987529296875	0.990849609375	0.99427734375	0.99421875	0.994560546875	0.993515625	0.99400390625	0.99373046875	0.994814453125	0.993447265625	0.9944140625	0.9940625	0.9942578125	0.993994140625	0.99294921875	0.993818359375	0.994326171875	0.9937109375	0.994580078125	0.993876953125	0.993974609375	0.9941015625	0.9937890625	0.994853515625	0.994130859375	0.994521484375	0.994306640625
0.0009765625	0.0009765625	0.0009765625	0.007119140625	0.017177734375	0.02966796875	0.054033203125	0.127958984375	0.2316015625	0.319072265625	0.4048046875	0.54494140625	0.638486328125	0.75421875	0.954287109375	0.991025390625	0.992265625	0.993271484375	0.99427734375	0.993583984375	0.9929296875	0.992890625	0.99435546875	0.993544921875	0.993955078125	0.994658203125	0.994072265625	0.993505859375	0.994072265625	0.993671875	0.99375	0.994345703125	0.9946875	0.993955078125	0.99421875	0.993515625	0.994375	0.994130859375	0.99388671875	0.99345703125	0.9932421875
0.0009765625	0.0009765625	0.0009765625	0.006552734375	0.01375	0.029091796875	0.08658203125	0.124384765625	0.232939453125	0.317333984375	0.378369140625	0.48853515625	0.62220703125	0.7054296875	0.857451171875	0.989375	0.992998046875	0.99369140625	0.994501953125	0.993603515625	0.994345703125	0.99431640625	0.99435546875	0.99423828125	0.993603515625	0.9938671875	0.994462890625	0.9936328125	0.993779296875	0.9933203125	0.993955078125	0.993193359375	0.9934765625	0.994287109375	0.993681640625	0.9937109375	0.99419921875	0.99376953125	0.994755859375	0.993896484375	0.99443359375
0.0009765625	0.0009765625	0.0009765625	0.00212890625	0.0132421875	0.02447265625	0.061591796875	0.11552734375	0.230068359375	0.291591796875	0.378896484375	0.492744140625	0.579052734375	0.69232421875	0.81599609375	0.975869140625	0.9911328125	0.9929296875	0.99302734375	0.99443359375	0.994365234375	0.994189453125	0.9940234375	0.9937109375	0.993857421875	0.994228515625	0.9944921875	0.993828125	0.9942578125	0.99439453125	0.99390625	0.993984375	0.99421875	0.9934375	0.994345703125	0.994560546875	0.994130859375	0.993662109375	0.994228515625	0.993857421875	0.99384765625
0.0009765625	0.0009765625	0.0009765625	0.001923828125	0.01521484375	0.02658203125	0.064013671875	0.1137890625	0.2245703125	0.286845703125	0.379599609375	0.483876953125	0.5641015625	0.67556640625	0.811669921875	0.971181640625	0.98943359375	0.99248046875	0.993759765625	0.992529296875	0.993349609375	0.994072265625	0.994482421875	0.993857421875	0.994208984375	0.994384765625	0.99388671875	0.99357421875	0.993515625	0.993544921875	0.994150390625	0.993408203125	0.9946484375	0.9937890625	0.994228515625	0.993583984375	0.993642578125	0.994560546875	0.99369140625	0.99439453125	0.993984375
0.0009765625	0.0009765625	0.0009765625	0.002294921875	0.01078125	0.024375	0.06982421875	0.18201171875	0.212294921875	0.284345703125	0.34197265625	0.472236328125	0.5475390625	0.63138671875	0.8933203125	0.96251953125	0.980712890625	0.99212890625	0.99302734375	0.993310546875	0.99345703125	0.99396484375	0.994189453125	0.993837890625	0.994189453125	0.993193359375	0.993291015625	0.993310546875	0.99462890625	0.99421875	0.994091796875	0.994130859375	0.99375	0.994638671875	0.99412109375	0.993720703125	0.994130859375	0.9941015625	0.9941015625	0.993984375	0.993896484375
0.0009765625	0.0009765625	0.0009765625	0.001162109375	0.0154296875	0.0449609375	0.066416015625	0.1550390625	0.2228125	0.288642578125	0.386875	0.473486328125	0.54712890625	0.796396484375	0.918798828125	0.962744140625	0.977666015625	0.99021484375	0.992353515625	0.993447265625	0.993349609375	0.993759765625	0.994013671875	0.99427734375	0.9934765625	0.994189453125	0.993486328125	0.9935546875	0.99349609375	0.9942578125	0.99392578125	0.994072265625	0.994287109375	0.993623046875	0.9937109375	0.993916015625	0.99345703125	0.993935546875	0.993505859375	0.99359375	0.9940234375
0.0009765625	0.0009765625	0.0009765625	0.001142578125	0.014619140625	0.0469140625	0.06470703125	0.158515625	0.2262109375	0.31265625	0.38921875	0.47111328125	0.544921875	0.880751953125	0.933642578125	0.960771484375	0.978134765625	0.985791015625	0.990810546875	0.992802734375	0.993466796875	0.99365234375	0.9937109375	0.99380859375	0.993955078125	0.994423828125	0.993994140625	0.994521484375	0.99373046875	0.9936328125	0.99373046875	0.99419921875	0.994072265625	0.9937109375	0.994169921875	0.99427734375	0.99439453125	0.993974609375	0.993876953125	0.99416015625	0.993837890625
0.0009765625	0.0009765625	0.0009765625	0.00111328125	0.01400390625	0.04720703125	0.12462890625	0.16208984375	0.23099609375	0.312802734375	0.39240234375	0.464482421875	0.8522265625	0.9040625	0.937919921875	0.9587109375	0.97791015625	0.983779296875	0.98962890625	0.991181640625	0.99373046875	0.9941015625	0.993359375	0.99298828125	0.993359375	0.993193359375	0.994287109375	0.993828125	0.994775390625	0.994140625	0.99365234375	0.99349609375	0.993701171875	0.993935546875	0.99443359375	0.993740234375	0.99431640625	0.993662109375	0.99404296875	0.99431640625	0.993798828125
0.0009765625	0.0009765625	0.0009765625	0.001015625	0.01482421875	0.05015625	0.12455078125	0.182880859375	0.232119140625	0.3556640625	0.4515625	0.865595703125	0.877236328125	0.916083984375	0.93751953125	0.9637109375	0.97435546875	0.982236328125	0.98845703125	0.99046875	0.991669921875	0.99388671875	0.9946484375	0.99349609375	0.993203125	0.993798828125	0.993896484375	0.99357421875	0.993515625	0.99359375	0.993779296875	0.994072265625	0.993994140625	0.99462890625	0.99421875	0.993994140625	0.99380859375	0.994326171875	0.994619140625	0.994677734375	0.993251953125
0.0009765625	0.0009765625	0.0009765625	0.000986328125	0.00314453125	0.038701171875	0.140068359375	0.499033203125	0.634248046875	0.509453125	0.758525390625	0.86673828125	0.89263671875	0.91837890625	0.940849609375	0.956220703125	0.9744921875	0.981962890625	0.987138671875	0.9893359375	0.990654296875	0.99306640625	0.993232421875	0.993125	0.993349609375	0.993056640625	0.99322265625	0.993916015625	0.994287109375	0.9945703125	0.99337890625	0.9937109375	0.995009765625	0.994560546875	0.994326171875	0.9937890625	0.99373046875	0.9940625	0.994013671875	0.99326171875	0.994775390625
0.0009765625	0.0009765625	0.0009765625	0.0009765625	0.002451171875	0.31015625	0.604287109375	0.66091796875	0.721455078125	0.792451171875	0.84384765625	0.87701171875	0.894755859375	0.91236328125	0.94888671875	0.959619140625	0.97435546875	0.97796875	0.987880859375	0.98880859375	0.989892578125	0.99224609375	0.99357421875	0.993173828125	0.9940625	0.99419921875	0.99361328125	0.993310546875	0.99494140625	0.9937890625	0.994111328125	0.99359375	0.993798828125	0.9945703125	0.99427734375	0.993427734375	0.9942578125	0.993583984375	0.994287109375	0.9933984375	0.99345703125
0.0009765625	0.0009765625	0.0009765625	0.0009765625	0.00279296875	0.415625	0.621552734375	0.6959375	0.721630859375	0.799541015625	0.8466796875	0.88474609375	0.89896484375	0.916875	0.94720703125	0.958916015625	0.96873046875	0.977578125	0.98326171875	0.98857421875	0.988720703125	0.99068359375	0.992607421875	0.993486328125	0.99373046875	0.99365234375	0.9935546875	0.993583984375	0.993876953125	0.994033203125	0.993681640625	0.993525390625	0.9936328125	0.994677734375	0.9926953125	0.99396484375	0.993740234375	0.99404296875	0.993984375	0.99365234375	0.994013671875
0.0009765625	0.0009765625	0.0009765625	0.0009765625	0.00259765625	0.442861328125	0.6351171875	0.673564453125	0.72193359375	0.796083984375	0.854267578125	0.868203125	0.900419921875	0.9266796875	0.9483203125	0.96046875	0.969599609375	0.977822265625	0.982998046875	0.987314453125	0.989736328125	0.99083984375	0.991201171875	0.992451171875	0.99357421875	0.99369140625	0.99341796875	0.993330078125	0.99318359375	0.994287109375	0.9937109375	0.99416015625	0.99287109375	0.994140625	0.993974609375	0.993935546875	0.99419921875	0.99453125	0.994189453125	0.99447265625	0.99361328125
0.0009765625	0.0009765625	0.0009765625	0.0009765625	0.001171875	0.458544921875	0.649755859375	0.6791015625	0.74484375	0.80193359375	0.854677734375	0.876923828125	0.9050390625	0.92498046875	0.942568359375	0.95923828125	0.967900390625	0.97357421875	0.980546875	0.984892578125	0.98826171875	0.990244140625	0.99052734375	0.99158203125	0.993046875	0.993212890625	0.994228515625	0.99359375	0.993818359375	0.9944140625	0.9940625	0.994169921875	0.9943359375	0.99453125	0.994794921875	0.99443359375	0.99423828125	0.99421875	0.99419921875	0.99375	0.993876953125
0.0009765625	0.0009765625	0.0009765625	0.0009765625	0.001064453125	0.003603515625	0.487333984375	0.690703125	0.746474609375	0.800068359375	0.829560546875	0.8783984375	0.90205078125	0.92830078125	0.942783203125	0.951318359375	0.96705078125	0.972529296875	0.977431640625	0.983427734375	0.985322265625	0.988671875	0.990283203125	0.991640625	0.990859375	0.991845703125	0.99345703125	0.994189453125	0.993623046875	0.993681640625	0.993154296875	0.99400390625	0.994443359375	0.99375	0.994150390625	0.994248046875	0.994267578125	0.994013671875	0.993857421875	0.99439453125	0.9941796875
0.0009765625	0.0009765625	0.0009765625	0.0009765625	0.00119140625	0.003212890625	0.49775390625	0.7003125	0.743642578125	0.818896484375	0.846826171875	0.883251953125	0.904873046875	0.929228515625	0.945849609375	0.95392578125	0.96888671875	0.97259765625	0.975927734375	0.98384765625	0.984892578125	0.988681640625	0.98990234375	0.99142578125	0.99171875	0.9930859375	0.993701171875	0.993671875	0.993681640625	0.99318359375	0.99404296875	0.99357421875	0.994267578125	0.994248046875	0.9940625	0.994130859375	0.99423828125	0.994306640625	0.99376953125	0.994560546875	0.994541015625
0.0009765625	0.0009765625	0.0009765625	0.0009765625	0.001015625	0.002890625	0.483125	0.69447265625	0.769404296875	0.815439453125	0.849560546875	0.892021484375	0.90671875	0.9286328125	0.945068359375	0.95490234375	0.9618359375	0.972236328125	0.97451171875	0.9801171875	0.9840625	0.985517578125	0.98998046875	0.990556640625	0.990556640625	0.991728515625	0.9928125	0.993017578125	0.9935546875	0.993291015625	0.9935546875	0.9936328125	0.99365234375	0.99384765625	0.994404296875	0.99423828125	0.993857421875	0.9943359375	0.993544921875	0.993447265625	0.99396484375
0.0009765625	0.0009765625	0.0009765625	0.0009765625	0.000986328125	0.003466796875	0.49205078125	0.686435546875	0.774091796875	0.83037109375	0.8510546875	0.8934765625	0.904521484375	0.922216796875	0.943134765625	0.951884765625	0.96046875	0.971279296875	0.97572265625	0.98021484375	0.984814453125	0.9859765625	0.9898828125	0.98962890625	0.991416015625	0.99123046875	0.99146484375	0.992275390625	0.994169921875	0.9939453125	0.993515625	0.993115234375	0.994130859375	0.9928125	0.992724609375	0.99361328125	0.99484375	0.9931640625	0.99447265625	0.994267578125	0.9937109375
0.0009765625	0.0009765625	0.0009765625	0.0009765625	0.00099609375	0.0032421875	0.4981640625	0.6842578125	0.77779296875	0.839423828125	0.866318359375	0.875537109375	0.905283203125	0.91947265625	0.946181640625	0.95296875	0.961328125	0.961708984375	0.973583984375	0.97775390625	0.979921875	0.984111328125	0.9864453125	0.9888671875	0.990185546875	0.991787109375	0.99169921875	0.99162109375	0.992490234375	0.993408203125	0.993818359375	0.9940234375	0.993310546875	0.994248046875	0.993173828125	0.99353515625	0.9943359375	0.99388671875	0.99419921875	0.992822265625	0.994384765625
0.0009765625	0.0009765625	0.0009765625	0.0009765625	0.00099609375	0.00115234375	0.47345703125	0.539306640625	0.7811328125	0.84771484375	0.86609375	0.8796484375	0.904755859375	0.92142578125	0.931259765625	0.950712890625	0.96173828125	0.9614453125	0.972373046875	0.9778515625	0.979501953125	0.980341796875	0.986328125	0.986337890625	0.9903515625	0.99080078125	0.99119140625	0.992333984375	0.99166015625	0.992841796875	0.993115234375	0.99353515625	0.99404296875	0.9931640625	0.9934375	0.9937890625	0.99361328125	0.99400390625	0.9942578125	0.994521484375	0.99458984375
0.0009765625	0.0009765625	0.0009765625	0.0009765625	0.0009765625	0.001142578125	0.003544921875	0.54810546875	0.793642578125	0.84857421875	0.87009765625	0.877451171875	0.878115234375	0.9183984375	0.9328515625	0.952255859375	0.96142578125	0.961240234375	0.964052734375	0.97697265625	0.98009765625	0.981328125	0.98580078125	0.986748046875	0.9878515625	0.989970703125	0.9907421875	0.991015625	0.99185546875	0.992509765625	0.9930859375	0.99421875	0.99435546875	0.994404296875	0.993193359375	0.993125	0.993828125	0.993701171875	0.99421875	0.993916015625	0.99421875
0.0009765625	0.0009765625	0.0009765625	0.0009765625	0.0009765625	0.001171875	0.0031640625	0.571044921875	0.79708984375	0.851328125	0.871357421875	0.88064453125	0.877314453125	0.914775390625	0.9340625	0.95099609375	0.961630859375	0.962333984375	0.9620703125	0.974384765625	0.980498046875	0.980693359375	0.97994140625	0.986748046875	0.9865625	0.9896875	0.9909375	0.9903515625	0.991474609375	0.992041015625	0.99263671875	0.993310546875	0.99421875	0.993876953125	0.993427734375	0.99376953125	0.99341796875	0.993984375	0.993857421875	0.9936328125	0.993271484375
0.0009765625	0.0009765625	0.0009765625	0.0009765625	0.0009765625	0.00111328125	0.003056640625	0.5808203125	0.80408203125	0.852333984375	0.871591796875	0.877958984375	0.878984375	0.90830078125	0.9341015625	0.937060546875	0.958837890625	0.963603515625	0.96298828125	0.9707421875	0.980244140625	0.980791015625	0.980888671875	0.9854296875	0.98748046875	0.986513671875	0.99140625	0.990927734375	0.991201171875	0.991328125	0.991015625	0.9931640625	0.99369140625	0.993837890625	0.99349609375	0.993671875	0.993369140625	0.993544921875	0.994052734375	0.993701171875	0.99376953125
0.0009765625	0.0009765625	0.0009765625	0.0009765625	0.0009765625	0.00115234375	0.00337890625	0.641025390625	0.80474609375	0.85548828125	0.8726953125	0.877001953125	0.879296875	0.877099609375	0.93748046875	0.935205078125	0.96109375	0.963212890625	0.961318359375	0.9622265625	0.98076171875	0.98078125	0.980439453125	0.980791015625	0.9872265625	0.98712890625	0.98689453125	0.990859375	0.990693359375	0.99087890625	0.991455078125	0.9916796875	0.992646484375	0.9933984375	0.99345703125	0.993671875	0.994228515625	0.99390625	0.9941796875	0.993330078125	0.994453125
0.0009765625	0.0009765625	0.0009765625	0.0009765625	0.0009765625	0.000986328125	0.002919921875	0.66513671875	0.666298828125	0.855439453125	0.857548828125	0.874912109375	0.87857421875	0.876787109375	0.934619140625	0.936708984375	0.937158203125	0.961240234375	0.961904296875	0.963984375	0.961884765625	0.981005859375	0.980498046875	0.981064453125	0.981376953125	0.987294921875	0.987060546875	0.990634765625	0.99146484375	0.9915234375	0.99083984375	0.991875	0.9912109375	0.99279296875	0.993369140625	0.99369140625	0.993466796875	0.993779296875	0.993828125	0.99390625	0.993427734375
